Car -1 -1 -1.6732 678.6606 179.1058 757.4521 245.6277 1.5218 1.6149 3.6682 2.6532 1.7005 18.7156 -1.5354 0.8643
Car -1 -1 -1.5215 577.0289 174.6457 639.5829 234.6694 1.6390 1.6972 4.2363 -0.0081 1.6994 21.9852 -1.5227 0.8576
Car -1 -1 -1.9084 758.4775 187.7033 977.0704 331.0061 1.4346 1.5019 3.4157 3.0192 1.6624 9.3126 -1.6054 0.8442
Car -1 -1 -2.0857 838.4144 195.1479 1242.0000 375.0000 1.4184 1.5638 3.9892 2.8847 1.6291 4.8080 -1.5732 0.8442
Car -1 -1 2.0915 154.5601 180.4112 264.2383 226.4167 1.4622 1.6168 3.9859 -14.1084 1.7517 25.5992 1.5919 0.7687
Car -1 -1 2.0094 249.6161 176.3948 329.5834 216.7115 1.6156 1.6285 3.9593 -13.8158 1.7792 31.2630 1.5961 0.6635
Car -1 -1 -1.0821 340.3228 176.1275 404.5334 205.0551 1.5464 1.7121 4.2028 -13.5445 1.7442 41.2885 -1.3975 0.5866
Car -1 -1 -1.5772 651.5749 177.7239 688.7584 213.0705 1.5546 1.6595 3.6508 2.7873 1.7980 34.1315 -1.4971 0.5517
Car -1 -1 2.3412 0.0000 182.4885 58.5558 262.1915 1.4387 1.6012 3.9162 -14.2315 1.6724 15.4873 1.6066 0.4762
Car -1 -1 1.4194 670.4476 182.9224 733.9323 231.1736 1.4368 1.5401 3.6887 2.9582 1.7999 24.1295 1.5391 0.1451
