Pedestrian -1 -1 0.9957 610.5834 158.8531 678.4875 282.7167 1.7879 0.6269 0.9240 0.5764 1.4392 10.7569 1.0488 0.8997
Pedestrian -1 -1 1.1853 573.3525 159.0351 623.9086 257.6922 1.7531 0.6346 0.9231 -0.1323 1.3267 13.1062 1.1768 0.8541
Pedestrian -1 -1 1.4898 811.8646 164.4792 874.3162 320.8031 1.6571 0.5822 0.8815 2.6428 1.4610 7.9843 1.7987 0.8490
Pedestrian -1 -1 2.8266 301.9537 170.0365 348.3495 245.2038 1.6316 0.5114 0.8509 -6.2483 1.3492 15.8088 2.4585 0.8104
Pedestrian -1 -1 0.2111 474.2456 162.2717 537.4043 266.9135 1.7037 0.6041 0.9429 -1.6590 1.3659 11.8434 0.0768 0.7842
Pedestrian -1 -1 2.5768 892.3223 149.9080 1028.8782 349.8721 1.7753 0.5914 0.9786 3.2803 1.4819 6.6247 3.0188 0.7670
Pedestrian -1 -1 2.3140 350.0706 171.3564 392.9523 241.2446 1.6010 0.5468 0.8256 -5.4901 1.3332 16.6813 2.0032 0.7595
Pedestrian -1 -1 0.7827 402.7878 170.9603 446.4410 247.3322 1.6120 0.5126 0.7871 -3.9081 1.3570 15.3408 0.5396 0.7263
Pedestrian -1 -1 0.6930 386.0664 169.4742 429.3678 249.8195 1.6204 0.4828 0.7224 -4.0763 1.3468 14.6235 0.4281 0.5345
Pedestrian -1 -1 0.0494 924.7896 150.6323 1053.1779 370.0000 1.7492 0.5903 0.8227 2.8938 1.5228 5.4149 0.5171 0.4557
Cyclist -1 -1 0.6673 777.9861 156.5547 904.3235 284.6584 1.7839 0.5555 1.8690 3.5302 1.4155 10.7701 0.9766 0.5662
Car -1 -1 0.9643 1056.5527 186.5357 1204.9191 234.5340 1.4299 1.6757 4.4960 17.3928 1.5569 23.6481 1.5935 0.6102
Car -1 -1 1.5901 615.8649 171.2942 644.3651 200.1256 1.7061 1.6871 4.1151 1.7337 1.0083 43.9405 1.6309 0.5609
Car -1 -1 1.6122 520.2404 174.3181 554.8229 204.1153 1.4996 1.6586 4.0708 -3.4378 1.0586 37.6520 1.5236 0.5368
Car -1 -1 -0.0396 754.3828 160.8601 934.0639 236.1919 1.9130 1.8203 4.4702 6.4758 1.3494 19.4399 0.2785 0.4019
Car -1 -1 -2.0782 1149.4899 185.3621 1226.0000 232.8018 1.4436 1.6404 4.1651 20.5724 1.5283 23.9235 -1.3730 0.3115
