Pedestrian -1 -1 -3.1908 969.1073 152.4559 1059.3049 303.8343 1.7285 0.5762 0.9027 4.8585 1.4100 8.5254 -2.6869 0.8467
Pedestrian -1 -1 1.7040 346.9058 160.4160 365.1230 204.2946 1.9421 0.6735 0.7665 -11.1899 1.0547 31.7329 1.3700 0.1270
Pedestrian -1 -1 -1.5343 690.7755 165.9159 706.9330 211.3775 1.7987 0.6146 0.8691 3.7578 1.2232 28.4490 -1.4027 0.1065
Pedestrian -1 -1 1.8617 332.1968 165.0482 357.4523 217.8266 1.7098 0.6010 0.7067 -8.5882 1.2108 23.2700 1.5144 0.1062
Cyclist -1 -1 2.1260 295.7691 160.8736 329.0703 202.4070 1.8248 0.5544 1.7374 -13.2282 0.9640 31.9625 1.7390 0.1519
Cyclist -1 -1 -1.3697 273.8096 163.8674 298.5728 209.8295 1.7560 0.5348 1.8073 -12.6121 1.1221 27.9488 -1.7875 0.1471
Car -1 -1 -2.2368 1026.0850 182.2819 1156.6937 228.2734 1.4283 1.5551 3.9219 16.3922 1.4957 24.1210 -1.6446 0.8511
Car -1 -1 -2.0808 961.5289 181.3683 1065.0455 227.6367 1.4619 1.5529 3.4414 13.7776 1.4951 24.1233 -1.5661 0.7396
Car -1 -1 1.0157 1111.4517 183.2395 1224.0000 229.1076 1.4343 1.5751 3.7740 19.3618 1.5376 24.3028 1.6835 0.5961
Car -1 -1 -1.5745 603.3965 175.8892 633.8705 203.5166 1.3798 1.5223 3.5100 0.6954 1.1510 37.0758 -1.5542 0.5634
