Car -1 -1 -1.8010 687.6421 181.5790 817.3695 267.5264 1.4575 1.6196 4.2104 2.6909 1.6630 14.8154 -1.6259 0.9176
Car -1 -1 -1.9506 779.7889 188.8470 1096.1692 375.0000 1.4167 1.5509 3.8559 3.0163 1.6303 7.6766 -1.5904 0.9015
Car -1 -1 0.2249 268.6137 178.7196 489.4843 250.2510 1.4401 1.6704 4.3026 -4.9179 1.5760 15.6799 -0.0749 0.8093
Car -1 -1 -1.6737 657.1705 179.7476 711.8070 222.6322 1.4437 1.5986 4.0354 2.6640 1.7210 26.9602 -1.5770 0.6976
Car -1 -1 -1.6884 678.7791 177.5811 750.8889 233.1393 1.4891 1.6392 4.1531 3.0142 1.6459 21.7826 -1.5535 0.6932
Car -1 -1 -2.9262 371.5999 172.9236 528.2372 230.1371 1.6245 1.7078 4.2553 -4.6902 1.6270 21.3431 -3.1405 0.6784
Car -1 -1 3.2701 425.8346 178.0030 540.0241 222.4322 1.5224 1.6395 3.8470 -4.5226 1.7136 25.8332 3.0980 0.6732
Car -1 -1 -2.4341 990.6600 200.9043 1242.0000 375.0000 1.4576 1.5985 3.7579 2.9805 1.6218 2.3214 -1.5854 0.5206
Car -1 -1 -2.9011 459.2805 174.3274 556.4111 213.1875 1.7406 1.7486 4.1660 -4.7348 1.8115 33.4762 -3.0410 0.3708
Car -1 -1 -1.7307 648.1958 178.7407 694.9997 214.0896 1.4643 1.5287 3.5402 2.6639 1.7432 32.3189 -1.6499 0.2498
Car -1 -1 -1.6626 636.7075 175.5454 666.4554 201.0200 1.5958 1.6211 3.5666 2.6643 1.7797 47.3919 -1.6072 0.2484
Car -1 -1 -1.6463 636.7206 179.4395 671.6063 209.6385 1.4451 1.5195 3.4244 2.1867 1.7989 37.0020 -1.5883 0.2290
