Car -1 -1 -1.8754 719.3244 180.5117 862.2485 268.3323 1.3917 1.5285 3.6624 3.1939 1.5570 13.6473 -1.6512 0.9079
Car -1 -1 -1.7548 639.6525 175.8617 711.7327 225.8467 1.4714 1.6021 4.0487 2.0054 1.5788 23.5834 -1.6717 0.8809
Car -1 -1 3.1551 0.0000 181.1852 362.5026 348.9212 1.4745 1.6528 4.1758 -5.2393 1.5911 8.2930 2.6057 0.7656
Car -1 -1 -1.6754 618.5744 174.9332 669.1486 215.6306 1.4868 1.5850 3.8426 1.2309 1.5751 28.5260 -1.6333 0.7480
Car -1 -1 -0.1128 220.6345 177.7749 447.5342 267.4467 1.4886 1.6134 3.8502 -5.2637 1.5935 13.7446 -0.4727 0.5758
Car -1 -1 3.3305 0.0000 186.0278 240.1356 375.0000 1.4916 1.6430 3.9139 -5.0563 1.6209 5.3452 2.5976 0.5289
Car -1 -1 2.8230 290.9709 170.4695 466.6829 238.9749 1.6366 1.6755 4.1188 -6.1105 1.5800 19.1183 2.5172 0.5125
Car -1 -1 -2.3317 972.6934 138.6049 1242.0000 375.0000 1.5086 1.5910 3.7114 2.7801 1.4872 2.3476 -1.5224 0.3728
Car -1 -1 2.7307 344.3394 174.9358 495.2432 229.3370 1.4999 1.6281 4.1344 -5.7681 1.5691 21.9539 2.4762 0.1882
Car -1 -1 -1.7806 605.5685 171.0321 658.1251 206.2116 1.5561 1.6446 4.1130 0.9249 1.4759 34.0855 -1.7543 0.1808
