Car -1 -1 -2.7900 306.2181 182.3381 517.8427 254.8839 1.4101 1.6161 4.0066 -4.1476 1.6240 15.2639 -3.0517 0.8547
Car -1 -1 -1.7240 687.6557 148.2473 824.9039 267.9289 1.9038 1.8078 4.3883 2.5137 1.5127 13.6896 -1.5472 0.7109
Car -1 -1 -1.7045 665.7159 174.9332 743.7711 235.5237 1.4522 1.5577 3.6308 2.3811 1.5132 19.2409 -1.5840 0.6761
Car -1 -1 2.0740 76.5041 190.0812 234.9249 256.8350 1.4338 1.6415 4.1495 -11.5884 1.9309 18.6941 1.5252 0.6597
Car -1 -1 -2.2173 896.7994 188.9294 1242.0000 375.0000 1.4249 1.5680 3.8053 2.4820 1.5285 2.6926 -1.5261 0.5105
Car -1 -1 -1.8192 138.2171 186.8130 341.6990 327.0381 1.4745 1.5971 3.7665 -5.2607 1.7041 9.9087 -2.2968 0.4973
Car -1 -1 -1.5329 641.3892 170.3534 684.2242 212.0252 1.6288 1.6481 3.9730 2.2298 1.5315 30.2654 -1.4606 0.2665
Car -1 -1 0.8380 464.3915 174.9970 555.1324 212.3401 1.5023 1.6126 4.0017 -4.4103 1.6009 31.1471 0.6980 0.2366
Car -1 -1 1.9903 327.0675 180.2559 411.1795 224.7677 1.4486 1.5137 3.6376 -8.6214 1.7350 25.9933 1.6727 0.1907
Car -1 -1 2.0391 306.4816 179.3968 380.8008 216.9155 1.5073 1.5528 3.6719 -11.6056 1.8113 31.5672 1.6892 0.1456
