Car -1 -1 -2.0083 0.0000 189.3902 150.0526 287.3809 1.6050 1.7288 4.3845 -11.2932 1.9707 14.1735 -2.6721 0.6624
Car -1 -1 1.2489 462.5638 179.5997 545.3295 223.4841 1.4347 1.7088 4.3849 -4.0505 1.7061 26.6478 1.0990 0.6240
Car -1 -1 1.2249 531.7314 176.3926 606.5772 215.6895 1.4503 1.6802 4.2452 -1.7857 1.6057 29.3201 1.1640 0.5890
Car -1 -1 2.1013 168.9258 190.5076 274.1923 235.8105 1.3737 1.5142 3.8203 -13.5453 2.0413 25.3297 1.6143 0.5453
Car -1 -1 -1.1811 1174.8870 157.6775 1242.0000 194.4473 1.4641 1.5998 3.9852 25.6956 0.8601 30.3615 -0.4836 0.4080
Car -1 -1 1.9704 270.5126 192.5579 325.7933 221.9525 1.4793 1.5591 3.6284 -17.4989 2.6372 40.5655 1.5651 0.2505
Car -1 -1 2.3118 383.8577 188.4044 462.1449 218.8117 1.4230 1.5961 4.2078 -9.8774 2.2965 38.2789 2.0604 0.2235
Car -1 -1 1.5743 303.6674 185.2299 361.2634 234.9806 1.4568 1.6828 4.3396 -9.4873 1.9192 24.6098 1.2096 0.2126
Car -1 -1 1.9924 426.2000 187.4762 492.1974 218.4038 1.4136 1.6697 4.4889 -7.8020 2.2239 37.5909 1.7887 0.1482
Car -1 -1 1.5991 603.2330 173.9281 642.8661 209.7350 1.4666 1.6323 3.9306 0.5851 1.5171 31.6721 1.6168 0.1231
Car -1 -1 -1.7809 899.4212 165.1146 931.8073 185.0445 1.6303 1.6835 4.1759 25.8635 0.9976 61.2295 -1.3832 0.1225
