Cyclist -1 -1 -2.0493 1101.7271 9.7096 1242.0000 375.0000 1.8165 0.5384 1.9035 2.2686 1.5075 2.3535 -1.3430 0.2415
Car -1 -1 3.6125 11.0608 181.3894 349.4895 280.8769 1.4062 1.6475 4.2737 -6.5534 1.5508 11.2745 3.0958 0.8891
Car -1 -1 0.3774 200.8550 178.2622 428.2041 248.5300 1.4730 1.7012 4.3806 -6.5128 1.6005 16.1080 -0.0016 0.8328
Car -1 -1 3.2485 429.0480 178.2176 517.0233 211.7571 1.4539 1.6188 3.7456 -6.1581 1.7032 32.5349 3.0624 0.5610
Car -1 -1 -1.7075 638.7585 174.9378 670.0407 197.7446 1.4561 1.5698 3.8905 2.9092 1.6021 48.4291 -1.6483 0.5158
Car -1 -1 -2.2945 1006.4792 0.0000 1242.0000 375.0000 1.5988 1.5855 3.4130 2.6001 1.4792 1.9943 -1.4470 0.4284
Car -1 -1 0.1888 440.1395 176.4497 521.3544 207.1480 1.5551 1.6334 3.9280 -6.7257 1.7469 37.5857 0.0125 0.3058
Car -1 -1 -1.5351 587.2280 172.4713 617.3715 202.2230 1.7152 1.6866 3.8149 -0.4584 1.6935 43.5212 -1.5461 0.3010
Car -1 -1 -1.5985 512.5641 174.4751 539.9374 200.8496 1.5955 1.6174 3.8828 -5.3979 1.7036 45.9339 -1.7152 0.2366
Car -1 -1 -2.1942 1149.0251 173.9670 1242.0000 261.3420 1.4752 1.6055 3.9238 12.7342 1.5007 14.2599 -1.4759 0.1785
Car -1 -1 0.0073 337.7088 175.4083 453.8393 220.2897 1.5214 1.5985 3.8799 -7.6858 1.6181 25.9066 -0.2787 0.1312
Car -1 -1 1.3812 532.7645 178.6668 561.7652 198.1859 1.4383 1.5664 3.7951 -4.9634 1.9096 56.4185 1.2934 0.1279
