Pedestrian -1 -1 1.2028 246.4894 159.4765 288.6609 243.7873 1.8110 0.5559 0.9211 -7.5394 1.3610 15.7019 0.7649 0.7916
Pedestrian -1 -1 1.2174 781.7861 160.1531 823.7856 240.8306 1.7858 0.6417 0.9124 4.4607 1.3370 16.1278 1.4839 0.6827
Pedestrian -1 -1 1.5842 303.9428 161.7678 330.1755 240.3356 1.7809 0.5519 0.8268 -6.7544 1.3579 16.5069 1.2043 0.6465
Cyclist -1 -1 -1.5070 580.9555 170.0123 592.3469 198.9745 1.7399 0.5767 1.9295 -1.1240 1.1112 43.4472 -1.5310 0.1538
Car -1 -1 -2.2388 1027.0426 182.5956 1155.9984 228.2366 1.4156 1.5414 3.8494 16.3763 1.4944 24.0834 -1.6463 0.8357
Car -1 -1 -2.1054 958.1754 180.8147 1065.0577 227.4938 1.4791 1.5858 3.4977 13.7534 1.4922 24.1882 -1.5925 0.7361
Car -1 -1 0.9588 1101.7115 183.2028 1224.0000 228.9463 1.4341 1.5928 3.9433 19.2313 1.5366 24.4072 1.6213 0.6771
Car -1 -1 -1.4985 543.9455 174.1688 584.0801 207.8888 1.4768 1.5933 3.6361 -1.8680 1.2010 32.7937 -1.5531 0.6516
Car -1 -1 -1.5698 602.9061 175.6895 633.4147 203.1992 1.3742 1.5244 3.5796 0.6802 1.1353 37.1195 -1.5499 0.6032
Car -1 -1 -1.4364 516.1277 172.0070 545.8983 194.2151 1.4982 1.5963 3.6287 -5.1422 0.9265 49.5328 -1.5374 0.3106
