Car -1 -1 -2.0788 952.4530 176.4007 1242.0000 336.7649 1.4631 1.5658 3.8687 5.6612 1.5157 8.6426 -1.5151 0.8951
Car -1 -1 -2.5700 463.1082 178.6354 558.5731 216.2640 1.5455 1.6569 3.8711 -4.3986 1.8122 31.6789 -2.7073 0.8826
Car -1 -1 3.0364 267.5626 187.2997 386.6651 227.7264 1.4668 1.6746 4.3321 -11.4538 2.0858 29.1572 2.6648 0.8073
Car -1 -1 2.7044 72.9485 191.5941 230.4827 239.0671 1.3943 1.6348 4.3760 -15.9447 2.1103 25.2702 2.1460 0.6141
Car -1 -1 -3.6909 1058.0284 152.1115 1224.9994 199.3677 1.4364 1.5849 4.0349 16.6943 0.8062 22.8702 -3.0665 0.5847
Car -1 -1 1.9077 425.2972 181.7477 478.0588 208.2523 1.4036 1.6493 4.3507 -9.1716 1.9493 41.9829 1.6935 0.5777
Car -1 -1 2.9405 161.8619 184.6570 283.4465 227.2894 1.5781 1.6891 4.1725 -15.9738 2.0981 29.7814 2.4516 0.5649
Car -1 -1 -0.6027 985.8425 156.1837 1115.3733 200.1545 1.5060 1.5813 3.6833 15.5382 0.9354 25.6140 -0.0627 0.4859
Car -1 -1 2.7080 0.0000 188.4749 65.6552 255.9508 1.6106 1.6472 4.0192 -18.1371 2.0996 20.3960 1.9875 0.4644
Car -1 -1 -1.6272 650.8834 172.5654 681.3109 199.7011 1.5565 1.6003 3.7082 3.2902 1.5403 43.2535 -1.5523 0.4624
