Pedestrian -1 -1 2.1667 732.1033 157.6162 804.4570 281.8192 1.7988 0.6403 0.9832 2.4553 1.4690 10.8052 2.3856 0.7581
Pedestrian -1 -1 1.9953 674.2009 156.5911 735.7344 269.9230 1.8091 0.6540 1.0535 1.6503 1.4291 11.9018 2.1312 0.7405
Pedestrian -1 -1 1.4309 855.3629 155.9638 908.2175 278.6602 1.7684 0.6028 0.9853 4.1364 1.4165 10.7323 1.7907 0.6928
Pedestrian -1 -1 1.9912 764.9434 153.1133 823.7328 264.5607 1.8721 0.6422 1.0330 3.3065 1.4137 12.4761 2.2457 0.3222
Pedestrian -1 -1 -3.4552 907.5910 147.9532 984.4908 264.1560 1.8584 0.6250 0.9953 5.5678 1.3396 11.6740 -3.0190 0.2916
Pedestrian -1 -1 2.2263 786.2130 156.2179 855.3787 268.6183 1.7938 0.6204 1.0159 3.5687 1.4079 11.8280 2.5137 0.2173
Pedestrian -1 -1 0.2985 790.3538 154.5926 851.5072 252.1992 1.8305 0.5638 1.0207 4.1629 1.3463 13.7725 0.5874 0.1867
Pedestrian -1 -1 1.9167 765.0029 162.9638 788.9652 211.8875 1.8265 0.6387 0.8473 6.5271 1.1733 26.9213 2.1536 0.1509
Pedestrian -1 -1 -0.3329 825.0461 150.6009 894.9824 255.7700 1.8814 0.6114 1.0610 4.6142 1.3482 12.9513 0.0034 0.1243
Cyclist -1 -1 -1.8501 920.0931 149.6570 993.8375 269.7310 1.8166 0.5457 1.9571 5.7297 1.3516 11.7020 -1.4037 0.3036
Car -1 -1 1.2486 889.8332 165.0045 1088.3685 283.3312 1.5556 1.6222 3.5524 5.7586 1.3535 11.1644 1.7150 0.1174
