Pedestrian -1 -1 -2.0424 1037.1719 135.1413 1130.0009 281.3015 1.7971 0.6296 0.9396 6.1414 1.2411 9.1883 -1.4672 0.6102
Pedestrian -1 -1 -1.8821 957.7163 140.4977 1034.4692 282.8575 1.8082 0.6361 0.9226 5.1737 1.3018 9.4854 -1.3950 0.5398
Pedestrian -1 -1 1.6487 984.4072 143.8468 1018.9663 224.0309 1.8282 0.6467 0.9581 9.3352 0.9941 16.6934 2.1523 0.5015
Pedestrian -1 -1 -2.1841 1134.4561 127.3727 1224.0000 272.1926 1.8042 0.6558 0.9522 7.5886 1.1440 9.2975 -1.5144 0.4871
Pedestrian -1 -1 1.4763 694.5892 162.8885 711.9222 206.0862 1.8160 0.6580 0.7966 4.1615 1.0771 30.1309 1.6138 0.2072
Pedestrian -1 -1 1.2503 719.8356 160.5016 740.8607 204.6701 1.8707 0.6563 0.8448 5.3651 1.0252 30.4069 1.4249 0.1300
Cyclist -1 -1 1.7490 455.5773 170.2856 485.0800 230.7994 1.6696 0.5292 1.7539 -3.8987 1.3894 20.3816 1.5646 0.5405
Car -1 -1 -1.0474 117.6829 191.9018 334.4355 294.4087 1.3540 1.4725 3.5887 -5.9850 1.5720 11.5772 -1.5117 0.8800
Car -1 -1 1.8200 340.8561 174.5143 434.3540 239.4957 1.6347 1.5878 3.7332 -5.9615 1.4857 19.6782 1.5320 0.6172
Car -1 -1 -1.3014 471.4177 177.8009 519.3191 206.9132 1.4014 1.5053 3.5441 -5.5216 1.2729 35.8809 -1.4511 0.3614
Car -1 -1 1.7937 409.8824 178.8983 474.0861 218.4305 1.4358 1.5694 4.0925 -6.3247 1.3792 27.7236 1.5735 0.2682
