Pedestrian -1 -1 1.0564 431.2652 167.2811 459.0655 220.7336 1.7906 0.6221 0.7866 -5.4982 1.3493 24.1811 0.8375 0.3334
Pedestrian -1 -1 2.5192 943.5632 173.6344 966.0125 210.5370 1.6916 0.5274 0.7676 16.1731 1.3783 32.7293 2.9759 0.1088
Cyclist -1 -1 -1.2753 486.4148 159.7943 544.8005 261.6405 1.7925 0.5669 1.8996 -1.7042 1.4297 13.4234 -1.3969 0.8046
Cyclist -1 -1 -2.9745 705.8980 169.6439 752.9026 213.6897 1.7526 0.5471 1.8131 5.0239 1.3221 28.6893 -2.8014 0.3563
Car -1 -1 -2.1450 927.0450 182.1839 1010.1919 215.5961 1.4191 1.5438 3.7794 16.4282 1.5018 32.1813 -1.6755 0.5758
Car -1 -1 1.1008 988.0054 182.3216 1073.1536 216.8243 1.4778 1.6504 4.1338 19.4902 1.5687 32.6175 1.6366 0.5330
Car -1 -1 -2.0379 874.3242 180.5289 947.9163 215.3343 1.4986 1.6122 3.6193 13.8761 1.5015 32.2985 -1.6341 0.5315
Car -1 -1 -1.6223 606.9200 176.3016 633.4174 199.5542 1.4336 1.5233 3.3860 0.9391 1.1761 45.3001 -1.6001 0.3705
Car -1 -1 0.8944 1117.5325 185.4791 1224.0000 219.0920 1.4195 1.6447 4.1127 25.8900 1.6645 32.5266 1.5634 0.2306
Car -1 -1 1.4078 1178.8071 181.5037 1224.0000 222.3024 1.5124 1.6321 3.6498 24.3047 1.5568 28.2857 2.1136 0.1991
