Pedestrian -1 -1 2.4078 659.1933 172.3633 685.8846 215.1831 1.7189 0.5862 0.9352 2.5143 1.6996 29.4783 2.4914 0.4591
Car -1 -1 -1.9032 698.6075 184.8506 792.0742 239.4946 1.3553 1.5207 3.5250 3.7065 1.7286 20.5698 -1.7283 0.8650
Car -1 -1 -1.2830 285.8550 174.7617 486.0074 307.2595 1.5686 1.6520 4.0565 -3.0772 1.6025 10.6359 -1.5589 0.8476
Car -1 -1 -1.3827 418.6897 180.7917 513.4530 251.5181 1.4437 1.5279 3.5133 -3.3016 1.6491 16.8794 -1.5737 0.7426
Car -1 -1 -1.6881 690.8247 181.8902 748.7123 226.8555 1.3967 1.5396 3.6527 3.6848 1.7333 24.9984 -1.5442 0.7267
Car -1 -1 -1.4440 525.3117 176.9832 560.8853 204.6542 1.4951 1.5919 3.5679 -3.8240 1.7424 41.3331 -1.5361 0.6355
Car -1 -1 -0.7215 0.0000 122.5306 251.7046 375.0000 1.5559 1.6080 3.6418 -3.0831 1.5046 2.5795 -1.5455 0.5125
Car -1 -1 2.0742 192.2297 175.3796 284.3021 212.8507 1.4537 1.6363 4.1424 -15.5588 1.5677 30.3698 1.6041 0.5026
Car -1 -1 2.1693 61.4424 172.6756 196.6606 226.4239 1.6307 1.6442 4.1956 -15.8510 1.6257 24.0023 1.5906 0.4558
Car -1 -1 -1.7352 646.7124 178.4069 678.7645 201.9867 1.4655 1.5424 3.5083 3.4053 1.8456 47.5178 -1.6646 0.3183
Car -1 -1 2.2738 0.0000 172.1384 89.3507 244.5441 1.6459 1.7099 4.1799 -15.7625 1.6300 18.4928 1.5750 0.2616
Car -1 -1 -1.4956 545.9843 176.4218 572.5526 198.3788 1.5344 1.6521 4.0731 -3.7254 1.8076 53.1251 -1.5657 0.2481
Car -1 -1 -0.8836 295.2318 173.7915 367.7186 201.6286 1.4635 1.6023 3.9832 -15.4791 1.5189 40.2183 -1.2491 0.2125
