Pedestrian -1 -1 -1.7090 786.0284 152.9720 827.1590 248.7512 1.7215 0.6144 0.8808 3.7021 1.2284 13.1801 -1.4396 0.7816
Pedestrian -1 -1 1.6126 456.5128 162.4063 482.0210 231.5819 1.7224 0.6094 0.6305 -3.4787 1.2735 17.9560 1.4263 0.7498
Pedestrian -1 -1 -1.2155 585.1963 159.1858 617.1634 222.6638 1.7577 0.6074 0.9824 -0.1351 1.1691 20.1391 -1.2202 0.7384
Pedestrian -1 -1 1.0367 658.0175 157.6763 693.1311 224.8826 1.7980 0.6098 0.8523 1.8979 1.1890 19.4260 1.1344 0.6308
Pedestrian -1 -1 1.3306 506.8970 159.2027 530.0022 214.2838 1.8982 0.6205 0.8617 -3.0784 1.1658 24.8742 1.2109 0.5546
Pedestrian -1 -1 1.3903 475.9825 160.3472 502.9853 226.2076 1.7566 0.5918 0.8239 -3.2014 1.2207 19.3398 1.2307 0.5310
Pedestrian -1 -1 2.3335 541.4356 159.4244 570.8953 212.7954 1.8548 0.5952 0.8875 -1.7586 1.1239 25.0983 2.2662 0.5008
Pedestrian -1 -1 2.1515 524.8765 157.7313 556.0189 214.0980 1.8695 0.5925 1.0185 -2.2172 1.1159 24.0344 2.0626 0.3851
Pedestrian -1 -1 1.1206 643.4341 156.2401 677.1857 224.5439 1.7697 0.5782 0.8587 1.4295 1.1427 18.8192 1.1970 0.1442
Car -1 -1 -0.9678 1089.5605 164.9033 1224.0000 309.7075 1.4206 1.6063 4.4204 8.1092 1.2692 8.1644 -0.2035 0.1478
