Pedestrian -1 -1 -0.7657 391.3252 168.4599 420.5444 214.8486 1.7325 0.6117 0.8988 -7.6082 1.2844 26.9446 -1.0360 0.3723
Pedestrian -1 -1 -2.2035 552.1138 166.3916 583.1138 217.1013 1.7220 0.6828 0.8881 -1.3305 1.2445 24.5652 -2.2551 0.1028
Cyclist -1 -1 -1.2048 404.7880 153.1022 526.1622 351.8544 1.8189 0.5775 1.9658 -1.4503 1.5699 7.4848 -1.3867 0.8004
Cyclist -1 -1 -1.4016 555.5869 166.4773 580.7715 219.7617 1.7782 0.5547 1.9418 -1.2926 1.3117 24.5870 -1.4517 0.6416
Car -1 -1 -2.2558 1120.1321 183.9904 1224.0000 217.5882 1.4261 1.6324 4.1411 26.0256 1.5984 32.5203 -1.5842 0.6431
Car -1 -1 1.0771 986.8659 182.7024 1073.6080 217.0629 1.4692 1.6404 4.1385 19.4609 1.5787 32.5975 1.6125 0.5603
Car -1 -1 -1.5640 607.6291 176.2309 632.3840 199.5092 1.4340 1.5255 3.4681 0.9724 1.1724 45.3082 -1.5410 0.3799
Car -1 -1 1.1508 934.3602 181.8553 1015.7374 215.3143 1.4242 1.6438 4.3887 16.8695 1.4922 32.5083 1.6270 0.3471
Car -1 -1 2.6573 850.7819 174.6232 980.8843 219.6720 1.6854 1.7528 4.3111 11.9948 1.4671 27.4846 3.0661 0.2343
Car -1 -1 -1.3078 326.9269 194.5641 569.4349 370.0000 1.3935 1.5194 3.4188 -1.4020 1.5767 7.3543 -1.4867 0.1189
