Car -1 -1 -1.7329 670.6885 179.2542 776.5839 254.2822 1.4125 1.5977 4.3031 2.3325 1.5751 16.1194 -1.5927 0.9156
Car -1 -1 3.4890 47.0713 173.6725 361.8971 289.5728 1.8172 1.7920 4.4196 -6.8335 1.8332 12.5301 2.9981 0.8082
Car -1 -1 -1.6676 657.8986 175.4210 726.3168 230.9727 1.4910 1.6113 4.0906 2.3149 1.5756 21.6048 -1.5630 0.7844
Car -1 -1 -2.7895 278.6688 186.4077 439.5473 239.1308 1.4136 1.5994 4.0401 -7.1346 1.8172 20.6215 -3.1191 0.7117
Car -1 -1 0.8365 0.0000 209.3539 175.3102 368.5340 1.4289 1.6379 4.1673 -7.3831 1.8858 7.9859 0.1069 0.6106
Car -1 -1 -2.7344 213.3515 187.6036 409.7894 249.9121 1.4360 1.6342 4.2024 -7.3484 1.8200 17.8994 -3.1193 0.4579
Car -1 -1 -2.6558 163.1163 189.0198 392.9835 265.2224 1.4514 1.6128 4.0881 -6.8783 1.8104 15.0716 -3.0778 0.3534
Car -1 -1 -1.4598 574.8304 174.7874 618.9360 212.9643 1.6736 1.6781 3.5351 -0.5997 1.7691 33.6524 -1.4781 0.3133
Car -1 -1 3.2812 429.3674 182.0960 505.8737 210.2868 1.4105 1.5544 3.7264 -7.4007 1.9031 37.5503 3.0875 0.2747
Car -1 -1 -1.6094 644.2153 175.2530 684.6486 211.9557 1.4915 1.5958 3.8575 2.2833 1.6032 31.5282 -1.5383 0.2726
