Car -1 -1 2.0105 155.0237 192.3802 369.8155 299.3997 1.3901 1.6080 4.0900 -5.6171 1.7757 12.1769 1.5860 0.9132
Car -1 -1 -0.2179 695.6819 176.5943 853.0417 227.1719 1.5097 1.7479 4.5163 4.9962 1.6316 22.5471 -0.0033 0.8868
Car -1 -1 2.6623 748.2358 185.9120 1073.8315 298.4641 1.4572 1.6357 4.1497 4.2463 1.6686 10.6200 3.0321 0.7995
Car -1 -1 -3.6874 855.6566 187.4246 1242.0000 336.9349 1.4244 1.6372 4.1448 4.9706 1.6000 7.8517 -3.1408 0.7668
Car -1 -1 1.8752 317.3553 187.4543 430.6305 254.2670 1.3928 1.5572 3.8110 -5.7159 1.7916 17.7804 1.5679 0.7243
Car -1 -1 -0.2182 668.5120 178.1859 771.2177 216.3739 1.4897 1.6216 3.8677 4.3810 1.7141 29.3577 -0.0722 0.6881
Car -1 -1 1.8154 420.5341 182.3322 488.0693 223.7392 1.4169 1.5978 4.0102 -5.9174 1.8072 27.6491 1.6060 0.6836
Car -1 -1 -0.3479 652.3708 177.5604 738.0143 210.6436 1.5043 1.5998 3.7273 3.9977 1.7367 34.3596 -0.2336 0.4631
Car -1 -1 -0.1208 640.6094 177.3308 709.2181 201.2605 1.4614 1.6213 4.1186 4.0057 1.7482 45.2716 -0.0336 0.3106
Car -1 -1 2.8892 641.4801 177.7254 724.1937 208.3194 1.5096 1.6640 3.9367 3.6770 1.7680 37.0853 2.9867 0.2144
Car -1 -1 -0.0432 877.0828 168.1653 1016.6449 218.4333 1.5552 1.6707 4.0500 10.9678 1.4105 23.8510 0.3827 0.1592
