Pedestrian -1 -1 -2.7897 843.7641 155.2642 895.6420 246.9926 1.7408 0.5871 0.8091 5.0503 1.4073 14.1737 -2.4546 0.2729
Pedestrian -1 -1 0.4337 414.3053 167.1285 453.1286 238.3365 1.8791 0.6110 0.8359 -4.7869 1.7284 19.4182 0.1946 0.2549
Pedestrian -1 -1 2.2751 413.5353 168.8214 453.7286 241.5928 1.7987 0.6205 0.8020 -4.5236 1.6994 18.3295 2.0358 0.2210
Pedestrian -1 -1 2.0596 1030.6588 147.5672 1075.9927 231.6219 1.7575 0.6343 0.5803 9.4740 1.2291 15.5050 2.5993 0.2199
Pedestrian -1 -1 -1.2971 1109.7948 144.1559 1154.8475 232.6463 1.7005 0.5814 0.6227 10.2906 1.1494 14.2846 -0.6828 0.1786
Pedestrian -1 -1 -0.1756 621.4835 173.5449 639.2227 206.3134 1.7418 0.6039 0.8585 1.0534 1.7796 38.7277 -0.1491 0.1716
Cyclist -1 -1 1.1342 1017.2679 147.2146 1084.6329 229.8923 1.6892 0.5313 1.7651 9.4691 1.1657 15.6432 1.6699 0.1807
Cyclist -1 -1 -1.7339 622.0988 173.7125 638.1319 206.9767 1.7454 0.5614 1.8791 1.0379 1.7932 38.8760 -1.7079 0.1509
Car -1 -1 1.9468 262.7689 182.1301 409.9078 267.6081 1.5462 1.6244 3.7713 -5.6906 1.7687 15.3691 1.5972 0.8060
Car -1 -1 -1.3866 477.3413 178.3220 527.0195 212.7553 1.4976 1.6142 3.9761 -5.0580 1.7711 34.0352 -1.5335 0.7351
Car -1 -1 1.8189 410.5938 184.6744 486.1308 234.0111 1.4164 1.5309 3.6807 -5.2085 1.8318 23.4687 1.6023 0.7272
Car -1 -1 1.7784 503.0441 178.5176 544.5823 208.1856 1.5080 1.5245 3.6582 -4.6780 1.8315 39.2830 1.6601 0.2391
Car -1 -1 -1.3586 851.2386 162.6064 960.2537 237.6256 1.4882 1.5726 3.5577 6.6792 1.2853 16.2243 -0.9750 0.1275
Car -1 -1 3.0678 440.0390 182.3566 487.6529 199.6123 1.4383 1.5914 3.9596 -12.7648 2.2838 62.8711 2.8680 0.1163
