Car -1 -1 -1.8770 724.4758 180.6823 875.2408 280.6354 1.4622 1.5107 3.4513 3.0915 1.6186 12.6063 -1.6429 0.8497
Car -1 -1 -1.9075 784.4253 186.6753 1103.4291 375.0000 1.4112 1.5516 3.7327 2.8772 1.5863 7.2350 -1.5442 0.8157
Car -1 -1 3.6885 0.0000 179.7771 387.4333 375.0000 1.5240 1.7342 4.4235 -4.5121 1.5955 6.4436 3.0964 0.7911
Car -1 -1 -1.6924 688.7949 180.6793 771.2491 248.7625 1.4420 1.5161 3.4679 2.7518 1.6505 17.4397 -1.5394 0.7525
Car -1 -1 3.4559 148.5676 183.6431 432.4318 286.8743 1.4581 1.6110 3.7662 -4.8916 1.6427 11.3519 3.0569 0.7345
Car -1 -1 -2.7085 261.8313 170.7840 497.1379 266.4280 1.7006 1.7061 3.9827 -4.4083 1.6642 13.9333 -3.0101 0.6662
Car -1 -1 -1.7074 666.7923 172.5772 722.3041 218.4113 1.6395 1.6098 3.6429 3.1278 1.6299 27.6478 -1.5966 0.6553
Car -1 -1 0.3942 22.5820 182.7165 406.1705 318.3496 1.4570 1.6071 3.7962 -4.6484 1.5912 8.8362 -0.0784 0.5554
Car -1 -1 -1.7874 674.2738 177.0553 754.0279 230.7402 1.4951 1.6128 3.9341 3.0880 1.6379 22.4354 -1.6532 0.5305
Car -1 -1 -2.2838 1061.2322 190.8611 1242.0000 375.0000 1.4674 1.5886 3.7042 2.9650 1.5698 2.1245 -1.3989 0.4276
Car -1 -1 -1.6369 655.4664 174.4116 692.8054 204.5897 1.4497 1.6192 4.1208 3.1936 1.5343 36.9488 -1.5518 0.4239
