Car -1 -1 -1.8900 724.5588 194.0555 884.1959 299.0025 1.4426 1.5546 3.5776 3.1276 1.8648 12.5073 -1.6518 0.9170
Car -1 -1 -1.8009 683.1458 189.1448 790.3784 260.8316 1.4447 1.6057 4.2586 2.9093 1.8943 17.7108 -1.6418 0.8507
Car -1 -1 3.6865 0.0000 186.5702 292.6242 347.0670 1.4322 1.6069 4.0360 -5.7602 1.5953 7.5813 3.0534 0.7925
Car -1 -1 3.5375 119.8471 191.1647 394.6517 285.2166 1.4101 1.5831 3.8014 -5.7679 1.7379 12.0279 3.0984 0.6775
Car -1 -1 3.3596 261.8056 181.3155 438.6684 250.8643 1.6151 1.6649 3.8953 -6.4255 1.8399 18.0700 3.0221 0.5621
Car -1 -1 3.3792 227.1369 191.5936 440.9942 266.2625 1.4148 1.6205 3.9382 -5.7195 1.8374 15.2216 3.0249 0.5061
Car -1 -1 3.3753 303.7171 184.3289 455.3571 239.8285 1.4928 1.6304 3.8793 -6.5749 1.8383 20.7464 3.0715 0.3003
Car -1 -1 1.2395 510.0693 182.2637 541.5246 201.0158 1.4303 1.5071 3.4336 -6.9111 2.2218 58.7857 1.1225 0.2961
Car -1 -1 2.3623 0.0000 198.1661 105.4621 375.0000 1.4869 1.6326 4.0506 -4.5624 1.6821 3.4567 1.4773 0.2811
Car -1 -1 -2.6091 382.9843 186.3728 486.3786 227.0798 1.4964 1.6046 3.6927 -6.9978 2.0588 28.6911 -2.8468 0.2266
Car -1 -1 3.1001 356.0595 186.9169 479.1924 232.1320 1.4556 1.6120 4.0748 -6.8143 1.9789 25.4544 2.8406 0.1987
Car -1 -1 -2.5915 401.4427 183.5658 497.4431 221.4681 1.5391 1.6594 3.7804 -7.0367 2.0278 31.4880 -2.8101 0.1562
