Car -1 -1 3.4720 175.5689 183.6062 389.0817 255.9315 1.4459 1.6194 3.9114 -7.0305 1.6946 15.6846 3.0565 0.9083
Car -1 -1 -1.7832 716.0521 183.1881 894.6949 310.0890 1.4391 1.5783 4.0381 2.5505 1.6196 10.5432 -1.5534 0.9064
Car -1 -1 -1.7541 675.1989 179.1052 779.9857 256.3069 1.4406 1.5481 3.6463 2.3642 1.5923 15.6114 -1.6075 0.8416
Car -1 -1 1.7309 461.6264 178.9358 533.2235 235.3746 1.4899 1.5247 3.5579 -3.2693 1.6841 21.2143 1.5792 0.8412
Car -1 -1 3.4449 235.0031 173.1045 425.5740 240.9064 1.6555 1.7044 4.2644 -7.1301 1.6626 18.5970 3.0831 0.6608
Car -1 -1 -1.6799 645.1584 177.2470 700.1945 221.0444 1.4531 1.5734 3.6999 2.1611 1.6243 26.1832 -1.5992 0.6146
Car -1 -1 -1.7319 658.7094 177.5214 735.5610 236.5072 1.4539 1.5238 3.5173 2.2596 1.5944 19.8611 -1.6211 0.6096
Car -1 -1 -2.0476 823.0833 188.2612 1242.0000 375.0000 1.4952 1.6300 4.0648 2.7561 1.6422 4.8200 -1.5554 0.5100
Car -1 -1 0.7665 0.0000 197.7116 267.4309 374.0459 1.4530 1.6736 4.2324 -5.9929 1.7394 7.2670 0.0946 0.4415
Car -1 -1 0.5820 0.0000 192.6290 258.0698 314.4966 1.4320 1.5639 3.7921 -7.0193 1.7189 9.6021 -0.0363 0.3994
Car -1 -1 -2.7900 325.0448 178.3794 461.2116 225.6031 1.5369 1.6827 4.1340 -7.3957 1.7337 24.6767 -3.0787 0.3566
Car -1 -1 3.3364 357.4898 175.3300 483.1427 218.5631 1.5802 1.7038 4.3770 -7.1778 1.6782 27.4615 3.0826 0.3457
