Pedestrian -1 -1 2.6903 418.6656 167.9325 464.3171 237.9521 1.7660 0.6438 0.9722 -4.4266 1.6423 18.7520 2.4610 0.7763
Car -1 -1 2.0126 134.4206 187.1910 368.9679 299.4100 1.4430 1.6915 4.4342 -5.6881 1.7275 12.0689 1.5801 0.8739
Car -1 -1 -0.2022 713.0225 164.4858 973.6686 258.5404 1.6100 1.7369 4.3274 4.0932 1.4671 13.4023 0.0873 0.8317
Car -1 -1 1.7397 369.8972 180.5726 444.2267 234.4232 1.4714 1.5848 3.7208 -6.1905 1.7299 22.1964 1.4702 0.7863
Car -1 -1 -0.7613 831.9686 171.8311 1201.7599 317.3799 1.4983 1.6203 3.8957 4.8048 1.4882 8.7306 -0.2732 0.6543
Car -1 -1 2.4564 918.3315 140.6128 1242.0000 375.0000 1.7126 1.7510 4.0667 4.8069 1.4966 5.7431 3.1277 0.6379
Car -1 -1 1.8372 415.5414 178.0157 487.8395 220.0449 1.4867 1.6667 4.3705 -6.1439 1.7054 28.2939 1.6248 0.5150
Car -1 -1 -0.2397 661.7850 168.4997 764.6695 210.3383 1.6454 1.6712 3.8601 4.1197 1.4745 29.4021 -0.1024 0.4849
Car -1 -1 -0.5504 682.5280 172.3920 794.5087 214.3329 1.4890 1.6237 3.8619 4.7777 1.4730 27.0816 -0.3782 0.4722
Car -1 -1 1.7681 630.7886 171.9749 674.0274 202.1083 1.4866 1.5621 3.6716 2.2185 1.4436 37.5664 1.8262 0.2394
Car -1 -1 1.7950 462.1086 177.3276 506.7133 207.1808 1.4606 1.5222 3.6517 -6.5480 1.7064 37.7223 1.6238 0.2208
Car -1 -1 2.9542 625.2652 171.1167 690.3644 194.9378 1.5620 1.6893 4.1125 3.1510 1.4485 48.4018 3.0185 0.2054
