Car -1 -1 -1.8732 710.4117 190.8928 847.7874 281.5049 1.4532 1.5605 3.6296 3.1113 1.8556 14.1963 -1.6630 0.9083
Car -1 -1 3.6054 0.0000 185.6246 348.6911 313.5521 1.4308 1.6199 4.1279 -5.7435 1.6118 9.2341 3.0614 0.8246
Car -1 -1 -1.7451 679.7998 188.1107 769.9578 251.9476 1.4278 1.6176 4.2761 2.8977 1.8826 19.3287 -1.5995 0.7962
Car -1 -1 3.5163 179.4039 185.9767 415.6818 267.9698 1.4226 1.5783 3.7761 -5.8118 1.6857 13.6133 3.1193 0.6873
Car -1 -1 3.3869 257.9417 185.2769 452.9791 252.8926 1.4557 1.6448 4.0219 -5.8734 1.7639 16.8854 3.0564 0.5992
Car -1 -1 3.2819 293.5513 180.6285 449.1752 241.7929 1.5465 1.6133 3.8305 -6.4264 1.7707 19.6497 2.9693 0.5505
Car -1 -1 3.7392 0.0000 186.4839 211.8057 375.0000 1.5273 1.6765 3.8658 -5.8780 1.6655 6.1922 3.0012 0.2760
Car -1 -1 3.0853 419.0730 179.9243 504.2239 213.2913 1.5595 1.6661 4.0274 -7.3758 1.9217 35.6030 2.8820 0.2332
Car -1 -1 3.1302 380.4091 183.3210 486.8395 221.9238 1.4893 1.6358 4.1649 -7.3102 1.9417 29.8506 2.8916 0.2291
Car -1 -1 1.6805 513.3190 178.3807 535.6517 196.5959 1.4943 1.5279 3.5666 -7.3504 1.9838 62.0651 1.5628 0.2290
Car -1 -1 3.2596 404.0819 182.2861 496.5991 217.9052 1.5386 1.6756 3.9273 -7.2179 1.9803 32.7336 3.0438 0.2106
