Car -1 -1 -1.7528 691.6954 172.7134 830.0215 277.3558 1.5136 1.5917 3.6220 2.3348 1.5119 12.2456 -1.5699 0.8951
Car -1 -1 2.7738 359.3248 181.5394 517.3845 231.1754 1.3588 1.6263 4.4815 -5.3016 1.6517 22.3613 2.5431 0.7721
Car -1 -1 0.9279 236.1326 192.2203 462.4718 288.3456 1.3013 1.5460 3.9206 -4.5199 1.6747 12.1774 0.5789 0.7089
Car -1 -1 -1.9289 0.0000 196.8053 336.1720 375.0000 1.3402 1.5538 3.9986 -4.2375 1.6022 6.0803 -2.5177 0.6568
Car -1 -1 -1.5973 640.1353 166.4194 691.2231 220.0044 1.7750 1.6908 3.7116 1.8841 1.5622 25.7901 -1.5259 0.6363
Car -1 -1 1.7684 387.1905 185.6093 426.0191 210.7482 1.4460 1.6110 3.9716 -12.8353 2.2888 45.6112 1.4952 0.3970
Car -1 -1 -1.3930 613.0264 173.8565 645.9786 196.7979 1.4715 1.5775 3.7461 1.3175 1.5420 48.4471 -1.3663 0.3572
Car -1 -1 0.8635 29.2097 187.8456 327.8047 314.4422 1.4164 1.5330 3.5253 -5.8148 1.6450 9.6810 0.3342 0.2951
Car -1 -1 -0.4530 696.3945 165.7788 795.3485 202.7043 1.5453 1.6482 3.9220 5.8751 1.2495 31.5106 -0.2708 0.2379
Car -1 -1 2.5122 0.0000 185.5748 54.4254 294.8453 1.4328 1.5617 3.9455 -11.8139 1.6818 12.0211 1.7466 0.1641
Car -1 -1 2.1449 33.9906 196.7414 197.1169 265.8860 1.3715 1.4948 3.6078 -11.7533 2.0072 17.3761 1.5571 0.1408
