Pedestrian -1 -1 -0.9626 967.5685 159.0549 1024.4630 252.1343 1.7823 0.5723 0.9253 7.5895 1.5185 14.2819 -0.4832 0.7022
Car -1 -1 2.0224 0.0000 183.2777 173.4063 296.1664 1.5123 1.7615 4.5783 -9.5261 1.7285 12.5228 1.3821 0.8376
Car -1 -1 -0.7834 829.4887 168.3495 963.3926 221.2843 1.5996 1.7052 4.0101 9.2410 1.4638 23.3850 -0.4119 0.8206
Car -1 -1 1.8714 124.6088 180.1517 263.2301 250.5428 1.4853 1.7254 4.4247 -10.2345 1.6919 18.0510 1.3616 0.7911
Car -1 -1 -1.6493 507.2908 175.9060 571.1464 235.2337 1.5661 1.5788 3.2805 -2.1705 1.6626 20.9802 -1.7519 0.7683
Car -1 -1 2.5817 632.4280 170.5176 708.9274 201.2241 1.5166 1.5929 3.6390 3.0964 1.4015 37.1776 2.6637 0.7360
Car -1 -1 1.8566 270.8653 175.3441 344.5031 216.5464 1.5929 1.6984 4.3177 -12.6655 1.7059 30.3998 1.4646 0.5486
Car -1 -1 2.2305 786.0136 171.8797 886.7554 213.2233 1.3814 1.5079 3.6738 8.0747 1.3492 25.7765 2.5303 0.5256
Car -1 -1 2.4415 745.4049 171.1037 846.7081 209.7378 1.4192 1.5496 3.6795 7.1862 1.3552 28.0026 2.6897 0.3764
Car -1 -1 -1.5692 501.9451 176.6288 553.0363 223.9033 1.4940 1.6332 3.8384 -2.9138 1.6362 25.1176 -1.6841 0.3719
Car -1 -1 -1.8722 600.3331 170.8272 649.9865 200.2456 1.5446 1.6289 3.9981 0.7474 1.4385 40.0274 -1.8541 0.2823
Car -1 -1 -1.6901 487.7780 177.4966 537.4775 216.7452 1.4733 1.5832 3.6246 -4.0766 1.6761 29.4987 -1.8268 0.2766
Car -1 -1 -1.6553 483.4272 176.3138 524.6418 209.4615 1.4423 1.5888 3.8097 -5.0593 1.6148 33.8550 -1.8030 0.2642
Car -1 -1 1.9492 353.3199 172.3712 401.2746 197.5084 1.5672 1.6487 3.8870 -15.1199 1.5374 46.9767 1.6391 0.2283
