Pedestrian -1 -1 0.8505 668.5668 167.9958 709.9617 238.8277 1.6957 0.6023 0.8497 2.0363 1.3979 17.4419 0.9663 0.8005
Pedestrian -1 -1 1.4616 388.0291 168.6473 407.1166 216.5191 1.7197 0.5886 0.8041 -7.6239 1.2955 25.8788 1.1802 0.3011
Pedestrian -1 -1 -1.5240 58.4240 157.9541 96.7369 250.5319 1.7950 0.5727 0.7950 -10.6202 1.3595 14.1937 -2.1538 0.2152
Pedestrian -1 -1 0.0112 12.1859 158.7663 56.8589 249.5775 1.7673 0.5903 0.6861 -11.4880 1.3460 14.1986 -0.6562 0.1446
Pedestrian -1 -1 2.5136 943.6071 173.2427 966.2319 210.1143 1.6900 0.5286 0.7759 16.1787 1.3588 32.7284 2.9704 0.1063
Cyclist -1 -1 -1.3005 461.6377 159.9154 539.1201 302.9082 1.7926 0.5739 1.8912 -1.4541 1.5362 9.8334 -1.4409 0.8849
Cyclist -1 -1 -1.1716 218.6707 127.4816 417.3348 370.0000 1.8084 0.5409 1.8928 -1.9288 1.5115 4.9361 -1.5211 0.6792
Car -1 -1 -2.2660 1119.9844 184.3041 1224.0000 217.7980 1.4204 1.6518 4.0844 26.0127 1.6079 32.5087 -1.5944 0.6410
Car -1 -1 -2.1513 926.4440 182.0564 1010.9569 215.3232 1.4121 1.5487 3.8469 16.4336 1.4888 32.1911 -1.6818 0.6246
Car -1 -1 1.1217 990.0654 182.6581 1072.7360 217.0916 1.4703 1.6372 4.0581 19.4868 1.5775 32.5407 1.6585 0.4938
Car -1 -1 -1.6208 608.1033 175.7297 634.4484 199.1266 1.4422 1.5196 3.3461 1.0098 1.1495 45.2716 -1.5970 0.3615
Car -1 -1 -1.9774 875.8252 180.6687 945.9587 215.2669 1.4896 1.6015 3.6709 13.8632 1.4992 32.2917 -1.5739 0.2432
Car -1 -1 2.3642 0.0000 180.8813 429.2682 370.0000 1.5497 1.6071 3.5155 -2.6703 1.5547 4.1190 1.8249 0.2066
Car -1 -1 -0.9550 0.0000 155.7260 192.8808 242.7089 1.7099 1.6694 3.6566 -11.1263 1.2245 15.7321 -1.5591 0.1086
