Pedestrian -1 -1 1.0923 888.6097 157.5731 947.3226 261.6216 1.8679 0.6229 0.9595 5.7781 1.4580 13.1894 1.4981 0.8004
Pedestrian -1 -1 0.9948 932.5042 158.3060 1004.8903 275.9457 1.8100 0.6376 0.9058 5.7793 1.4702 11.3602 1.4558 0.7973
Pedestrian -1 -1 1.3909 947.5214 156.9810 998.1376 260.3055 1.8238 0.6461 1.0160 6.7295 1.4103 13.0541 1.8586 0.6384
Pedestrian -1 -1 -0.6252 0.0000 175.2800 79.8419 311.5014 1.7184 0.6310 0.7513 -7.6160 1.6542 9.3626 -1.2899 0.3065
Pedestrian -1 -1 2.0754 478.7230 179.7126 501.1560 222.6909 1.6165 0.6152 0.6343 -4.4154 1.5884 26.9906 1.9168 0.2850
Pedestrian -1 -1 2.2229 451.4283 179.6747 475.8726 221.9504 1.6331 0.5729 0.8022 -5.5778 1.6027 27.7944 2.0286 0.1952
Pedestrian -1 -1 1.0481 899.4867 165.9137 965.4091 278.4009 1.7075 0.5897 0.8590 5.1180 1.4878 11.1852 1.4682 0.1706
Cyclist -1 -1 -0.9168 0.0000 178.9019 107.9399 320.1677 1.7197 0.5301 1.7525 -7.5934 1.7020 9.4797 -1.5743 0.4545
Cyclist -1 -1 1.3283 477.9293 180.0443 501.6239 222.7795 1.5723 0.5060 1.6627 -4.4167 1.5570 26.8719 1.1689 0.1046
Car -1 -1 2.2420 525.3875 182.2404 611.4830 218.3805 1.5116 1.6510 4.1606 -1.5979 1.5970 31.9475 2.1941 0.6393
Car -1 -1 -1.4785 417.6920 184.3568 454.7700 212.8370 1.5102 1.6640 4.1733 -9.5618 1.7431 40.2592 -1.7084 0.3723
Car -1 -1 -1.3377 363.7137 185.4580 409.8732 213.4190 1.4768 1.6168 3.9614 -12.3139 1.7735 40.0825 -1.6320 0.2244
Car -1 -1 3.3878 0.0000 194.7442 107.7980 341.3293 1.5151 1.6338 3.8253 -8.9953 1.7365 9.2632 2.6357 0.1045
