Pedestrian -1 -1 2.3398 665.8034 171.1024 707.0072 251.1007 1.6934 0.5515 0.7129 1.7810 1.4407 15.4012 2.4539 0.2180
Cyclist -1 -1 -2.6718 646.8660 166.9995 730.1831 249.4304 1.7168 0.5488 1.7444 1.8156 1.3827 15.4317 -2.5557 0.4724
Car -1 -1 -1.5324 549.8770 177.6440 590.5410 214.7177 1.4667 1.5704 3.3831 -1.3415 1.2519 29.6635 -1.5755 0.7732
Car -1 -1 1.5123 97.4988 170.0439 295.9641 363.2383 1.7401 1.6629 3.9599 -4.9771 1.6239 8.4775 0.9987 0.6960
Car -1 -1 -0.0956 656.9246 167.1771 807.1777 224.6836 1.6988 1.7777 4.4253 3.8667 1.2296 21.9405 0.0779 0.6417
Car -1 -1 1.9359 349.3316 181.9860 409.9103 212.6785 1.5065 1.6312 4.1168 -11.5473 1.4527 36.8074 1.6360 0.6237
Car -1 -1 1.6969 614.2958 173.4839 650.2199 198.9439 1.4156 1.6023 4.0584 1.7667 0.8818 41.4437 1.7409 0.4727
Car -1 -1 1.9114 380.1966 181.1391 433.0372 207.0803 1.4516 1.6504 4.3101 -11.5207 1.3428 41.7728 1.6460 0.4575
Car -1 -1 1.8348 416.5350 180.4339 454.9561 202.6760 1.4324 1.5720 3.7661 -11.1590 1.2615 47.4405 1.6070 0.3610
Car -1 -1 -0.3090 650.0836 174.1082 740.5623 206.0032 1.4565 1.6064 3.9384 4.3287 1.0469 33.4260 -0.1798 0.1428
Car -1 -1 1.8057 557.1720 174.1284 597.9850 199.8674 1.4744 1.5915 3.8733 -1.4741 0.9613 42.5550 1.7731 0.1267
