Car -1 -1 -1.7738 721.4810 188.5175 868.3344 297.4005 1.4184 1.5378 3.5809 2.7685 1.7125 11.7235 -1.5487 0.8919
Car -1 -1 -1.9775 816.4056 194.2539 1242.0000 375.0000 1.4242 1.4725 3.3810 2.6778 1.6366 5.4363 -1.5424 0.8238
Car -1 -1 -1.7391 683.0102 183.8948 772.9620 255.6021 1.4962 1.5421 3.3862 2.6730 1.7872 17.2850 -1.5892 0.7974
Car -1 -1 0.5252 0.0000 183.1214 326.4584 308.9347 1.6364 1.7539 4.4123 -6.7245 1.7996 10.4884 -0.0338 0.7861
Car -1 -1 3.5314 125.6150 187.7790 400.3546 276.3540 1.5185 1.7214 4.3583 -6.4331 1.8209 13.6446 3.0978 0.7747
Car -1 -1 3.4379 289.0674 184.2363 461.0581 244.3403 1.6139 1.7240 4.3548 -6.6492 1.9533 20.5987 3.1288 0.6457
Car -1 -1 -1.7718 663.5176 182.8027 737.8801 238.2004 1.4906 1.5538 3.4098 2.6112 1.8161 21.8101 -1.6551 0.6453
Car -1 -1 -1.6834 657.6027 183.4855 711.9014 227.3187 1.4290 1.5452 3.5910 2.6040 1.8421 26.2035 -1.5862 0.4131
Car -1 -1 -1.6494 647.7054 182.7980 691.6208 220.4330 1.4578 1.5634 3.6778 2.4466 1.9075 30.7581 -1.5715 0.3295
Car -1 -1 -2.3338 0.0000 0.0000 1242.0000 375.0000 1.4888 1.6081 3.8087 2.6100 1.6171 1.3223 -1.3191 0.1180
