Car -1 -1 0.2445 189.5416 187.3211 415.0186 261.7883 1.4280 1.6570 4.1409 -6.4401 1.7595 15.3905 -0.1462 0.9043
Car -1 -1 -2.0726 798.7546 185.0273 1242.0000 375.0000 1.4717 1.6596 4.4025 2.9677 1.6078 5.8019 -1.6214 0.8914
Car -1 -1 -1.8166 704.5867 185.4454 876.2261 303.3954 1.4171 1.5486 3.8698 2.4814 1.6443 11.0424 -1.6024 0.8800
Car -1 -1 -1.6802 647.3527 182.7667 715.7959 235.8748 1.4086 1.5890 4.3060 2.0460 1.7426 22.1123 -1.5899 0.8456
Car -1 -1 -1.6563 630.0937 181.8218 680.2914 223.0538 1.4156 1.5658 3.9218 1.6194 1.7839 27.6146 -1.5991 0.7574
Car -1 -1 3.3415 289.1458 183.0082 438.3739 236.4631 1.4677 1.6349 3.9115 -7.1944 1.7821 21.2597 3.0184 0.6590
Car -1 -1 3.1996 380.5437 182.5860 471.9528 216.1234 1.4196 1.6160 3.8845 -8.2115 1.8722 32.3703 2.9526 0.5205
Car -1 -1 3.9192 0.0000 195.3655 140.8488 375.0000 1.4017 1.5923 4.0153 -6.3700 1.6100 5.8018 3.1101 0.4994
Car -1 -1 -1.7058 614.4290 180.1591 660.0537 215.7095 1.4801 1.5725 3.6769 1.1407 1.8312 32.7310 -1.6719 0.4493
Car -1 -1 1.7175 517.5919 180.0548 547.8746 202.6187 1.4876 1.5874 3.7340 -5.4175 2.0127 50.6766 1.6111 0.3339
Car -1 -1 3.2097 390.1749 177.1107 479.5889 211.3775 1.6023 1.6714 4.1328 -8.5084 1.8172 35.1948 2.9738 0.2887
