Pedestrian -1 -1 -1.5405 906.0004 166.8486 927.9042 223.3804 1.7281 0.6108 0.8603 9.5613 1.5449 22.5713 -1.1450 0.2315
Car -1 -1 2.0445 108.4923 197.2849 355.8537 318.0365 1.3820 1.6086 4.1167 -5.5537 1.8310 11.1700 1.5920 0.9188
Car -1 -1 -0.1949 698.3121 181.1981 861.3627 233.8610 1.4753 1.7172 4.4539 4.8914 1.7339 21.4164 0.0259 0.8974
Car -1 -1 1.9589 291.7524 191.6189 421.8454 265.4590 1.4168 1.5314 3.6872 -5.7448 1.9003 16.6873 1.6316 0.7830
Car -1 -1 2.6338 762.9236 191.3564 1125.8866 318.4342 1.4555 1.6289 4.1220 4.2388 1.7280 9.5835 3.0378 0.7722
Car -1 -1 1.8335 414.9966 188.9531 484.8225 232.6742 1.3977 1.5473 3.8408 -5.8237 2.0321 26.4586 1.6184 0.7542
Car -1 -1 -3.7558 888.8760 189.6958 1242.0000 372.7440 1.4749 1.7041 4.3648 5.0988 1.6550 6.8338 -3.1362 0.7404
Car -1 -1 -0.2747 668.2458 181.4315 781.5530 221.8280 1.5023 1.6616 4.0983 4.4290 1.8526 28.3605 -0.1221 0.6960
Car -1 -1 2.8191 644.2406 182.4752 735.4459 214.6509 1.5142 1.6834 4.2034 3.9209 2.0114 35.9856 2.9261 0.4436
Car -1 -1 -0.2935 655.4332 183.7654 745.6956 217.6195 1.4724 1.5952 3.8222 4.1004 1.9918 33.2092 -0.1724 0.2916
Car -1 -1 -0.0611 892.1097 170.1753 1046.3510 224.3042 1.5793 1.6989 4.1910 11.0664 1.5015 22.6292 0.3881 0.2010
Car -1 -1 2.9653 641.3769 180.7800 707.5831 205.4513 1.4592 1.5852 3.8229 3.8937 1.9563 44.2524 3.0519 0.1602
