Car -1 -1 -1.6484 626.2612 181.5410 679.8531 225.9793 1.4094 1.5766 3.9275 1.4137 1.7423 25.6377 -1.5947 0.8325
Car -1 -1 -0.4478 868.3663 179.5051 1242.0000 325.9107 1.4526 1.5977 3.6662 4.9791 1.5372 8.1883 0.0819 0.8215
Car -1 -1 -0.6492 951.9722 177.9040 1242.0000 375.0000 1.4843 1.6504 3.9096 4.8725 1.5293 5.4420 0.0539 0.7431
Car -1 -1 -0.5031 783.0685 183.3682 1091.5701 288.9158 1.4140 1.6126 3.9580 4.7492 1.5873 10.8667 -0.1019 0.6669
Car -1 -1 -1.7014 613.9747 180.1889 659.8777 214.9338 1.4290 1.5752 3.7069 1.1131 1.7784 32.4062 -1.6680 0.5047
Car -1 -1 -0.2856 746.8226 181.7489 943.4299 253.4043 1.4407 1.5664 3.7218 4.8958 1.6423 15.5138 0.0138 0.4856
Car -1 -1 -0.3414 717.8519 170.6061 914.3575 243.8571 1.7170 1.7707 4.3590 4.9838 1.6647 17.9581 -0.0757 0.4798
Car -1 -1 1.7865 487.0950 182.4453 540.1755 220.9617 1.4642 1.4898 3.4465 -3.9999 1.8882 30.0916 1.6549 0.2856
Car -1 -1 -0.5130 702.7596 179.8280 858.3108 233.6608 1.4083 1.6024 4.0550 4.7934 1.6205 20.5660 -0.2880 0.1104
Car -1 -1 -1.6799 611.2953 175.8866 645.3108 203.0321 1.5190 1.6000 3.8063 1.0084 1.7075 42.7778 -1.6570 0.1074
