Car -1 -1 -1.7296 757.2999 181.2976 867.2189 265.9120 1.4186 1.5134 3.3415 3.7913 1.6052 14.1768 -1.4744 0.8648
Car -1 -1 -1.7584 730.7178 176.0408 826.9682 241.1311 1.4920 1.6439 4.1861 4.2243 1.5850 18.8592 -1.5422 0.8595
Car -1 -1 2.3948 0.0000 200.0553 105.4556 270.3918 1.3914 1.5641 3.8881 -14.8628 2.1424 17.8763 1.7083 0.7686
Car -1 -1 -2.0995 938.0658 185.1981 1242.0000 375.0000 1.4881 1.5958 3.8881 3.8047 1.6100 5.0946 -1.4864 0.7442
Car -1 -1 -2.6002 566.6042 177.1664 620.1412 198.3802 1.5257 1.6245 3.7119 -1.2831 1.8596 54.1760 -2.6242 0.5959
Car -1 -1 2.8908 401.5418 182.3730 463.1217 202.0774 1.3973 1.6416 4.2475 -13.4494 2.1402 54.5580 2.6499 0.5482
Car -1 -1 2.3615 245.7531 180.5586 321.5762 208.1785 1.5782 1.6777 4.3801 -20.2401 2.0828 44.8792 1.9398 0.5454
Car -1 -1 2.4352 149.9293 187.9468 242.3678 216.9386 1.3793 1.6346 4.3001 -22.3060 2.2440 39.0190 1.9185 0.4130
Car -1 -1 -1.6752 682.6599 178.5617 725.5251 211.3359 1.4565 1.6196 4.0341 4.4400 1.7483 34.8039 -1.5499 0.3561
Car -1 -1 2.4371 318.5037 183.9443 383.4887 205.8564 1.3874 1.6344 4.1895 -17.9709 2.1929 50.1558 2.0944 0.3199
Car -1 -1 2.3210 84.8532 187.6632 165.3483 216.0840 1.4096 1.4983 3.7984 -26.7255 2.2690 39.8580 1.7332 0.2698
