Car -1 -1 -1.3398 226.2569 189.8391 372.3569 282.7694 1.4728 1.6752 4.5009 -6.1210 1.8734 14.6477 -1.7298 0.9068
Car -1 -1 1.9733 86.9474 194.1390 181.9778 237.5820 1.4789 1.6729 4.1324 -18.9315 2.3955 28.8760 1.3970 0.8044
Car -1 -1 2.0555 900.8436 176.5101 1100.1488 270.1445 1.4032 1.5697 3.6579 6.8339 1.4761 12.6225 2.5413 0.7830
Car -1 -1 -1.5594 417.0572 182.4356 464.0519 227.8699 1.6055 1.6877 4.1539 -6.7368 2.0156 28.6372 -1.7890 0.7278
Car -1 -1 2.2736 758.9489 176.3986 909.7559 238.9484 1.4242 1.5657 3.8241 5.6853 1.5229 18.3116 2.5695 0.6137
Car -1 -1 2.0820 820.6017 175.6968 981.9773 250.0218 1.4137 1.5722 3.8863 6.3563 1.4831 15.6964 2.4596 0.5553
Car -1 -1 2.7988 590.2878 178.6712 683.8894 211.8541 1.5305 1.7046 4.2422 1.2739 1.8268 35.2424 2.8340 0.4509
Car -1 -1 2.0419 0.0000 200.8208 99.8041 258.4282 1.4138 1.5736 3.5858 -17.0084 2.3205 21.4704 1.3778 0.4170
Car -1 -1 2.1527 1114.5638 181.8373 1242.0000 231.3684 1.3975 1.6507 4.4107 18.0132 1.6947 22.3629 2.8238 0.4027
Car -1 -1 2.2287 705.6124 175.3758 831.2543 230.7387 1.4583 1.5617 3.8336 4.6206 1.5385 21.0020 2.4417 0.3636
Car -1 -1 2.0214 674.6044 177.4768 773.0555 225.4386 1.4297 1.6292 4.0915 3.8349 1.5980 24.0651 2.1768 0.3594
Car -1 -1 2.1260 647.9814 175.8280 750.5078 219.9634 1.4885 1.7177 4.4345 3.3689 1.6091 26.9031 2.2485 0.3431
