Cyclist -1 -1 -1.8025 672.8718 179.2821 693.7932 217.9770 1.7397 0.5480 1.8870 3.3762 2.0492 33.7314 -1.7043 0.3377
Car -1 -1 -1.4742 908.0087 166.5290 1083.8561 331.9935 1.7238 1.7184 4.2657 5.3316 1.6583 9.7679 -0.9881 0.7812
Car -1 -1 2.7553 808.9553 175.3500 990.2001 241.8223 1.7389 1.7603 4.2814 7.8172 1.8112 19.8583 3.1245 0.6035
Car -1 -1 2.0343 259.2660 188.1938 324.9216 219.9077 1.4646 1.5490 3.8019 -16.3144 2.2957 37.1328 1.6226 0.4683
Car -1 -1 -1.4200 517.0197 186.0586 561.2415 217.4577 1.4873 1.6979 4.3589 -3.7299 2.2286 38.2652 -1.5171 0.4278
Car -1 -1 1.3105 344.8157 188.1062 391.3267 216.6946 1.4512 1.5583 3.8377 -13.7603 2.3574 40.8197 0.9870 0.4181
Car -1 -1 -1.6140 651.4545 184.9696 680.9322 210.2265 1.4348 1.6442 4.3215 3.4489 2.2320 45.2690 -1.5391 0.3651
Car -1 -1 1.7788 563.7743 184.4360 592.5101 204.6134 1.5135 1.5685 3.8468 -2.5706 2.4849 58.4689 1.7345 0.1632
Car -1 -1 -1.4408 531.4272 186.3296 565.3557 212.4339 1.4977 1.6445 3.8274 -3.8611 2.3816 45.3563 -1.5258 0.1457
Car -1 -1 1.6209 562.8549 183.6186 582.4243 201.4902 1.5094 1.5790 3.7792 -3.3657 2.5093 65.1064 1.5690 0.1214
