Car -1 -1 -1.7296 761.7363 183.5595 865.4611 258.4315 1.4107 1.5643 4.0830 4.3998 1.6843 16.3039 -1.4714 0.8944
Car -1 -1 -1.8837 804.9800 182.5618 1031.2336 316.8779 1.4856 1.6472 4.1938 4.0627 1.6549 10.4203 -1.5226 0.8799
Car -1 -1 0.4657 157.7242 175.7625 499.3097 296.2771 1.4700 1.6556 4.0604 -3.7724 1.5145 9.8938 0.1096 0.8187
Car -1 -1 -1.9524 895.2965 185.8545 1242.0000 375.0000 1.4919 1.6187 3.9807 3.2366 1.6206 5.0253 -1.4077 0.7802
Car -1 -1 -1.7259 744.0831 181.5440 819.8068 236.3132 1.4348 1.5785 3.8692 4.9766 1.7182 21.5135 -1.5023 0.7752
Car -1 -1 -1.7609 719.4286 180.1984 781.6591 220.8538 1.4529 1.6267 4.2381 5.4520 1.7668 28.6728 -1.5755 0.7611
Car -1 -1 0.1362 498.1651 176.5429 608.1691 213.8094 1.5012 1.6994 4.4057 -2.3680 1.6611 30.2325 0.0582 0.6930
Car -1 -1 0.3601 281.3618 168.6632 535.3109 270.3737 1.6130 1.6456 3.8888 -3.4205 1.5469 12.4465 0.0965 0.5876
Car -1 -1 0.3569 363.7020 179.2119 569.8557 254.2072 1.4413 1.6089 3.9381 -2.9948 1.5852 15.1692 0.1645 0.5870
Car -1 -1 0.1355 537.9178 173.1961 626.5649 207.7420 1.6705 1.6988 4.2252 -1.3820 1.6884 35.9589 0.0968 0.3925
Car -1 -1 -1.6166 708.9950 179.9090 739.9014 207.2869 1.4247 1.5307 3.6157 6.3323 1.8385 40.3948 -1.4627 0.2487
