Car -1 -1 -1.5474 520.6601 159.4337 671.8162 307.8877 1.7387 1.7709 4.3426 -0.2105 1.5819 10.6214 -1.5682 0.7904
Car -1 -1 2.2660 393.6441 174.1989 507.6429 219.8732 1.5384 1.7356 4.3551 -5.8355 1.5930 26.7687 2.0529 0.7711
Car -1 -1 -1.0989 8.2574 180.1587 439.0945 375.0000 1.4666 1.7193 4.4880 -3.2790 1.5634 7.2386 -1.5115 0.7377
Car -1 -1 -0.1949 648.7610 171.3428 718.9122 195.7787 1.4134 1.5656 3.8978 4.3069 1.3264 42.6970 -0.0954 0.4559
Car -1 -1 1.7855 178.5388 176.9030 220.4885 201.4378 1.4967 1.5806 3.8059 -26.5645 1.7709 46.7412 1.2710 0.3206
Car -1 -1 1.6703 135.9609 179.3074 172.1956 202.9454 1.4248 1.5879 4.0230 -29.5632 1.8632 46.8199 1.1095 0.2273
Car -1 -1 1.7384 88.1526 178.6673 130.4473 203.7627 1.5121 1.5996 3.9424 -32.2964 1.9049 46.5828 1.1347 0.1787
Car -1 -1 -1.4924 577.8210 169.9183 648.4314 231.6373 1.5201 1.6321 3.9138 0.1300 1.4481 19.7863 -1.4867 0.1512
Car -1 -1 -1.4568 664.2691 176.4584 758.1572 255.4224 1.4234 1.5603 3.4467 2.1550 1.5082 15.0376 -1.3181 0.1103
Car -1 -1 -1.5319 490.8605 173.9090 513.9151 194.3015 1.5004 1.5956 4.0353 -8.2548 1.5848 55.3950 -1.6795 0.1029
