Pedestrian -1 -1 2.6306 688.2081 176.3743 710.8758 225.5886 1.6011 0.5734 0.5312 2.9173 1.7199 23.8905 2.7498 0.5990
Car -1 -1 -1.7887 702.3693 181.5331 768.3467 225.7233 1.4223 1.5473 3.6548 4.3607 1.7557 25.8195 -1.6239 0.8408
Car -1 -1 -1.3304 447.6385 179.1519 547.1077 247.4728 1.5789 1.6639 4.1146 -2.9078 1.7653 19.1886 -1.4795 0.8233
Car -1 -1 -1.3778 494.7761 174.0541 559.5118 226.0201 1.7789 1.6628 3.9318 -3.0384 1.8273 26.8176 -1.4902 0.6574
Car -1 -1 1.9634 294.3276 179.9215 353.2872 211.3452 1.4997 1.5304 3.6537 -14.6796 1.8815 37.0998 1.5888 0.6115
Car -1 -1 -0.2678 756.3446 178.9014 821.1503 201.2174 1.5279 1.6969 4.1241 12.5200 1.9616 50.7955 -0.0280 0.5370
Car -1 -1 2.2888 0.0000 175.6749 55.4493 291.6441 1.6380 1.6598 4.0752 -11.8918 1.6948 12.3565 1.5333 0.4802
Car -1 -1 -1.3689 519.5197 177.0238 575.5010 214.0744 1.5869 1.7550 4.4061 -2.8779 1.7954 33.7079 -1.4539 0.3542
Car -1 -1 1.5123 671.7205 177.0267 705.3475 205.7657 1.5161 1.6326 4.1903 4.3578 1.7649 40.8120 1.6174 0.2832
Car -1 -1 1.9901 338.6542 178.6048 392.5173 205.8536 1.5372 1.6113 3.9468 -14.7337 1.9013 43.6028 1.6658 0.2146
Car -1 -1 -1.3747 556.6378 177.6171 592.3015 202.6445 1.5070 1.6012 3.6257 -2.2595 1.8241 46.0804 -1.4239 0.1791
Car -1 -1 1.7716 540.7256 179.7728 583.0114 208.1696 1.4409 1.5811 3.8483 -2.6248 1.8403 39.6023 1.7053 0.1747
Car -1 -1 -1.2593 658.2643 175.4743 691.1071 194.9659 1.4636 1.5567 3.5561 5.0832 1.6767 56.6403 -1.1706 0.1677
