Car -1 -1 1.8191 341.7108 174.3976 484.9519 284.3488 1.7489 1.6353 3.8725 -3.5309 1.7823 13.4684 1.5667 0.7976
Car -1 -1 2.7496 730.1528 168.0993 943.5139 259.9139 1.6657 1.6541 3.6173 4.2874 1.5798 14.0972 3.0381 0.7383
Car -1 -1 2.3738 0.0000 185.8675 248.7493 375.0000 1.5501 1.6403 3.9362 -3.4210 1.6418 3.0847 1.5791 0.6895
Car -1 -1 2.8335 704.9589 178.9818 876.9933 247.6719 1.4804 1.5740 3.5292 4.0436 1.6298 16.6275 3.0672 0.6730
Car -1 -1 1.7434 465.1997 181.9485 535.6201 237.2434 1.5451 1.5645 3.7077 -3.3968 1.8545 22.6476 1.5955 0.6447
Car -1 -1 2.9194 659.1270 178.6187 778.2141 220.0007 1.4629 1.6286 4.1033 3.9317 1.6848 26.7483 3.0631 0.6201
Car -1 -1 0.7579 1052.1207 24.2742 1242.0000 375.0000 1.6846 1.6215 3.8101 3.5633 1.5107 2.7825 1.6152 0.5463
Car -1 -1 2.7101 674.1748 178.8531 845.8630 239.6670 1.4803 1.6484 4.1414 3.8849 1.6502 19.0971 2.9070 0.5193
Car -1 -1 -0.1380 647.3074 177.9671 753.5950 216.3588 1.4991 1.6491 4.0833 3.5689 1.7130 29.2641 -0.0185 0.5163
Car -1 -1 2.0268 482.5751 185.1644 556.8186 222.9984 1.4472 1.5759 4.0011 -3.8548 2.0155 31.1425 1.9041 0.4746
Car -1 -1 1.7644 418.8604 186.7693 503.6291 252.2682 1.4419 1.4829 3.2763 -3.7094 1.8254 18.2210 1.5656 0.3302
