Pedestrian -1 -1 -0.3667 978.6967 152.3098 1051.0078 257.7143 1.7849 0.6013 0.9428 6.9872 1.4374 12.5750 0.1299 0.6838
Pedestrian -1 -1 -1.4728 1061.6211 157.2307 1103.7345 253.6086 1.7172 0.5805 0.8831 8.7200 1.4392 13.3796 -0.9057 0.5697
Pedestrian -1 -1 -0.3614 905.6470 159.3573 967.2515 261.2914 1.7766 0.6150 0.8363 5.7720 1.5417 12.9007 0.0501 0.5376
Pedestrian -1 -1 2.1610 817.3203 166.7742 841.3636 207.7031 1.7839 0.6190 0.9110 9.6815 1.5193 31.9748 2.4520 0.3657
Pedestrian -1 -1 -2.7751 716.7776 173.1411 744.5714 219.2289 1.6490 0.6176 0.8345 4.3557 1.6600 26.2965 -2.6134 0.3610
Pedestrian -1 -1 -2.6900 787.0496 171.1140 810.3278 209.2032 1.6617 0.5920 0.8226 8.3196 1.5862 31.9677 -2.4381 0.2658
Pedestrian -1 -1 2.2089 937.4363 157.1208 992.9039 253.0598 1.7654 0.6210 0.7571 6.7025 1.4762 13.7257 2.6541 0.2408
Cyclist -1 -1 1.7066 535.2895 176.2195 550.7482 210.0721 1.6881 0.5467 1.8630 -3.4722 1.8659 37.1067 1.6134 0.3610
Cyclist -1 -1 -3.5470 1034.9221 155.7565 1154.2703 251.1314 1.7199 0.5590 1.7707 8.9379 1.4119 13.4346 -2.9705 0.1661
Car -1 -1 2.3583 0.0000 193.4122 53.5470 250.0817 1.4455 1.5770 4.1104 -19.5065 2.1336 22.0330 1.6395 0.3221
