Car -1 -1 -1.9748 748.3439 182.7512 1084.5593 375.0000 1.4804 1.6359 4.2707 2.8414 1.6199 7.9519 -1.6446 0.9185
Car -1 -1 -1.7784 712.0580 179.2222 837.1768 265.5734 1.4963 1.6220 4.1400 3.1651 1.6463 14.8783 -1.5738 0.8913
Car -1 -1 0.3924 0.0000 175.5221 417.6805 318.8878 1.5482 1.7297 4.4242 -4.8319 1.5854 8.8958 -0.0933 0.8381
Car -1 -1 -1.6976 678.0774 182.3748 752.7444 240.5033 1.4083 1.5400 3.8434 2.7804 1.6986 20.0380 -1.5625 0.8109
Car -1 -1 0.3506 249.0647 170.2062 490.7447 259.8813 1.6910 1.7330 4.2915 -4.7633 1.6414 14.5527 0.0390 0.7705
Car -1 -1 0.2640 359.8295 179.0954 524.2327 237.7963 1.4687 1.6382 3.9556 -4.4194 1.6423 19.1368 0.0394 0.7631
Car -1 -1 -2.9199 425.9364 174.2370 547.5593 224.0634 1.7620 1.7461 4.1287 -4.5156 1.8152 26.5515 -3.0873 0.5740
Car -1 -1 -1.6761 653.6315 181.0953 700.0424 218.6960 1.4355 1.5458 3.5608 2.6924 1.8005 30.1242 -1.5885 0.5646
Car -1 -1 -1.7092 669.4557 181.3673 726.0547 227.0405 1.4603 1.5046 3.3844 2.9813 1.7808 25.4143 -1.5945 0.5151
Car -1 -1 0.1828 400.0964 181.0908 523.6349 227.5789 1.4717 1.5962 3.7916 -4.8947 1.7552 23.9648 -0.0172 0.3591
Car -1 -1 -1.7204 644.8560 174.2493 683.9034 204.5523 1.6118 1.6244 3.8031 2.9689 1.6943 40.5140 -1.6483 0.2356
