Pedestrian -1 -1 -0.9743 373.5909 179.6978 449.1594 310.0981 1.6848 0.6185 0.8654 -2.7589 1.7838 9.8829 -1.2408 0.7790
Car -1 -1 1.9284 575.4186 196.9710 712.6030 285.9269 1.3858 1.5358 3.6107 0.7499 1.9286 14.2634 1.9785 0.9043
Car -1 -1 -0.6774 1.7827 190.3671 253.2442 276.4268 1.4196 1.6212 4.2865 -9.8544 1.8426 15.1208 -1.2472 0.8083
Car -1 -1 1.8271 662.3539 194.9798 756.3044 260.9469 1.4313 1.5696 3.7061 2.6617 2.0765 19.0145 1.9630 0.7669
Car -1 -1 -3.5443 1063.0251 193.1142 1242.0000 282.8494 1.5143 1.7001 4.2569 11.5540 1.9520 14.1865 -2.8718 0.6126
Car -1 -1 1.7414 730.8459 185.2852 782.5422 223.3615 1.6019 1.6964 4.3589 6.9805 2.2322 34.2193 1.9402 0.5582
Car -1 -1 -3.5876 1052.3274 191.1223 1242.0000 263.8508 1.4945 1.6367 4.2309 12.8275 1.9478 16.6627 -2.9408 0.5517
Car -1 -1 -0.4685 1022.8931 189.7172 1192.6105 244.2113 1.4831 1.6020 3.8151 14.5276 2.0053 21.2997 0.1230 0.3935
Car -1 -1 -0.5284 1117.6576 197.4037 1242.0000 302.2551 1.4727 1.5746 3.7081 10.7113 1.9130 11.7950 0.1956 0.3697
Car -1 -1 -0.5056 1177.4640 198.1520 1242.0000 339.8118 1.4954 1.5843 3.8475 9.9870 1.8715 9.3988 0.2937 0.2744
Car -1 -1 -0.3422 973.7817 187.1478 1114.2754 231.4203 1.4847 1.6847 4.0340 15.5890 2.0277 26.1809 0.1893 0.2676
Car -1 -1 1.3925 917.9351 188.1916 966.2565 220.6276 1.4684 1.5723 3.6702 16.6965 2.2866 36.4984 1.8178 0.2523
Car -1 -1 1.3545 945.8779 187.7653 1017.5919 229.4296 1.5180 1.7560 4.2863 15.4161 2.1904 30.2216 1.8215 0.1914
Car -1 -1 -0.7934 886.3395 184.9025 948.9406 209.5061 1.4677 1.5894 3.6109 19.5223 2.2578 45.8637 -0.3939 0.1888
