Pedestrian -1 -1 2.8131 461.7442 168.3072 507.1570 240.4156 1.8139 0.6628 0.9975 -3.3005 1.6999 18.6779 2.6398 0.6600
Car -1 -1 1.8824 329.4756 175.5164 469.0122 260.0306 1.7143 1.8349 4.4945 -4.8195 1.7861 17.0591 1.6105 0.7621
Car -1 -1 1.8204 483.8786 180.5156 530.3720 210.6371 1.4702 1.5557 3.7468 -5.4194 1.8964 38.1532 1.6798 0.4811
Car -1 -1 0.8912 281.9682 182.0207 380.6113 219.9949 1.3561 1.5461 3.8051 -10.9432 1.7349 28.1673 0.5235 0.4247
Car -1 -1 -2.5354 0.0000 187.6712 245.8349 284.6057 1.4830 1.6187 3.9690 -8.5509 1.7485 12.0956 -3.1406 0.2839
Car -1 -1 3.8303 0.0000 203.8962 46.2695 375.0000 1.4129 1.5788 3.8874 -8.4534 1.7763 7.3685 2.9946 0.1954
Car -1 -1 1.8278 444.9133 184.1380 508.7777 225.8528 1.4038 1.4970 3.5694 -4.9705 1.8569 27.1100 1.6476 0.1904
Car -1 -1 0.4872 130.0692 190.6771 332.4144 252.9025 1.3744 1.5760 4.0083 -8.9791 1.8201 17.2124 0.0123 0.1835
Car -1 -1 -2.7605 309.9255 168.8365 375.9075 193.2740 1.7146 1.7418 4.0657 -19.0738 1.4331 51.5498 -3.1135 0.1474
Car -1 -1 2.3800 218.8589 178.3886 327.5171 216.6724 1.5112 1.6845 4.3172 -14.6024 1.7707 31.4659 1.9485 0.1411
