Pedestrian -1 -1 1.4873 963.6809 156.6856 994.0546 225.7303 1.7526 0.6245 0.9109 9.5790 1.3426 18.8514 1.9507 0.5185
Pedestrian -1 -1 -0.8984 839.6736 162.9572 870.8635 214.0051 1.6942 0.6145 0.8361 8.2598 1.3661 24.4301 -0.5765 0.2404
Car -1 -1 -0.2442 722.9494 177.7830 913.1573 238.3716 1.4414 1.6959 4.3218 5.0835 1.5723 18.2064 0.0231 0.9154
Car -1 -1 2.1909 0.0000 207.0559 283.6590 375.0000 1.4040 1.6132 4.1432 -5.5253 1.8882 8.1048 1.6073 0.8810
Car -1 -1 2.0058 222.0700 197.2473 392.7515 289.7786 1.3885 1.5373 3.6875 -5.5849 1.9157 13.6996 1.6248 0.8146
Car -1 -1 2.5376 832.2788 191.0225 1242.0000 375.0000 1.4499 1.6644 4.3686 4.3791 1.6355 6.4574 3.1115 0.7706
Car -1 -1 -0.2737 684.4182 177.8150 811.2095 222.2706 1.4755 1.6446 4.0476 4.7084 1.6558 25.1728 -0.0916 0.7239
Car -1 -1 1.8429 392.7122 189.0558 476.2395 238.8256 1.3871 1.5787 4.1613 -5.6659 1.9645 23.5890 1.6090 0.7081
Car -1 -1 -0.3900 664.9558 178.3116 763.8221 215.5046 1.4777 1.5979 3.7814 4.3176 1.7164 30.2712 -0.2503 0.4097
Car -1 -1 -0.1936 651.0293 178.3181 722.8101 204.7535 1.4548 1.5830 3.8263 4.3125 1.7735 41.0641 -0.0902 0.3858
Car -1 -1 2.8462 654.5451 178.2192 755.8885 213.3113 1.5212 1.6848 4.2633 4.2589 1.7745 32.8245 2.9735 0.3548
Car -1 -1 -0.4941 673.4566 177.8480 785.0173 219.7269 1.4971 1.5982 3.9100 4.4965 1.6976 27.5200 -0.3345 0.2795
Car -1 -1 0.7933 1097.9071 218.4314 1242.0000 375.0000 1.4318 1.5571 3.9860 3.5274 1.7188 2.4585 1.6996 0.2433
