Pedestrian -1 -1 -2.9584 523.1334 175.7408 542.9976 212.2122 1.6984 0.5969 0.8362 -3.6588 1.8360 33.9795 -3.0654 0.2285
Car -1 -1 -1.7558 726.5491 180.1830 869.2488 289.4882 1.4701 1.5405 3.5490 2.8295 1.6082 11.7510 -1.5263 0.8841
Car -1 -1 -1.7612 680.2413 177.1439 772.5889 244.4956 1.4798 1.5662 3.6282 2.7308 1.5978 17.9312 -1.6133 0.8012
Car -1 -1 2.0739 202.7735 194.4327 291.5541 235.5585 1.4545 1.6056 3.7748 -14.7387 2.3931 29.4500 1.6131 0.7964
Car -1 -1 -1.7270 656.3232 175.6364 716.5312 220.2605 1.4893 1.5928 3.7209 2.6580 1.5981 26.2187 -1.6277 0.7844
Car -1 -1 2.1912 70.9696 198.1126 174.9656 242.2177 1.4907 1.6019 3.5443 -18.9804 2.5426 28.2398 1.6035 0.6866
Car -1 -1 -1.6063 635.4114 179.5519 670.0311 211.1245 1.4266 1.5433 3.7767 2.0069 1.7724 35.3105 -1.5506 0.4739
Car -1 -1 2.0035 156.0042 196.8745 232.1731 233.4946 1.4548 1.5547 3.8640 -19.1109 2.6290 33.2652 1.4852 0.1838
Car -1 -1 -1.4723 611.2296 177.2680 637.9452 198.9969 1.4786 1.5628 3.7397 1.0525 1.8079 51.8353 -1.4526 0.1157
Car -1 -1 1.7353 603.2285 173.8697 631.0109 193.2318 1.4782 1.5832 3.9765 0.5767 1.5623 57.3986 1.7450 0.1131
Car -1 -1 1.3877 624.0799 177.8037 665.5069 206.1193 1.4642 1.6009 3.9027 1.8445 1.7535 40.0661 1.4328 0.1003
