Pedestrian -1 -1 1.9570 655.4037 168.6117 675.0367 207.0308 1.7793 0.6222 0.9209 2.5642 1.5832 33.9642 2.0312 0.1423
Car -1 -1 -1.3371 388.3655 170.5581 517.1972 262.1341 1.6441 1.6685 4.1755 -3.1495 1.6033 15.0636 -1.5405 0.8606
Car -1 -1 -1.8718 680.7665 180.0083 755.7667 223.9769 1.3741 1.5388 3.6659 3.6354 1.6425 25.1066 -1.7303 0.7933
Car -1 -1 -1.1614 36.5184 143.6216 418.4593 375.0000 1.7433 1.6291 3.8932 -3.2006 1.5429 6.9059 -1.5818 0.7918
Car -1 -1 -1.4133 458.2731 175.2101 531.1933 231.0392 1.4979 1.5661 3.6653 -3.3648 1.5740 21.3462 -1.5684 0.5995
Car -1 -1 -1.6703 677.3411 177.0630 725.1417 215.7909 1.4601 1.5657 3.5643 3.6153 1.6424 29.3895 -1.5497 0.4886
Car -1 -1 -1.4741 532.4052 173.9432 563.3740 199.4433 1.5451 1.6038 3.7482 -3.9312 1.6174 45.7603 -1.5597 0.4707
Car -1 -1 2.3014 0.0000 173.8373 67.1533 242.7819 1.4757 1.6012 3.4988 -15.1671 1.5019 17.2538 1.5879 0.4188
Car -1 -1 -0.6853 1077.7725 188.8407 1174.1793 221.7149 1.5935 1.5883 3.8770 26.2396 2.4300 36.8041 -0.0704 0.2891
Car -1 -1 -0.5507 0.0000 0.0000 1242.0000 375.0000 1.4732 1.6333 3.8940 -2.9763 1.6313 1.5702 -1.5654 0.2368
Car -1 -1 -1.5278 640.6312 173.7759 664.3276 194.6228 1.4448 1.5544 3.7165 3.0686 1.5142 52.1019 -1.4696 0.1806
Car -1 -1 -0.5777 938.6013 185.3523 1050.1561 223.5183 1.5534 1.6949 3.9620 16.4625 2.1099 31.0718 -0.0950 0.1383
