Pedestrian -1 -1 -1.4524 1109.7804 143.5299 1164.8673 258.9783 1.7906 0.6398 0.8298 8.5112 1.3361 11.7104 -0.8362 0.1546
Car -1 -1 -0.3653 747.3708 177.9370 983.2626 256.0740 1.4592 1.6761 4.1488 4.9650 1.5684 14.5183 -0.0428 0.8910
Car -1 -1 2.5684 862.9010 178.8169 1242.0000 339.3423 1.4591 1.6775 4.1898 4.9545 1.5283 7.4714 3.1351 0.8339
Car -1 -1 2.0070 190.8277 189.6107 397.0596 289.2200 1.3986 1.6436 4.4485 -5.5005 1.7569 13.1488 1.6173 0.8172
Car -1 -1 -0.4107 724.1299 178.8961 914.4564 243.2707 1.4144 1.6029 4.0368 4.8520 1.5672 17.1277 -0.1399 0.7238
Car -1 -1 -0.4158 701.6611 175.6189 860.9911 233.6621 1.4786 1.6105 3.9052 4.5724 1.5588 19.6506 -0.1912 0.6914
Car -1 -1 2.9797 676.1944 176.0278 777.1960 212.1538 1.4694 1.6499 3.9715 4.8077 1.6068 30.3303 3.1348 0.6366
Car -1 -1 2.7348 680.8872 175.9173 836.1401 229.2611 1.5420 1.7152 4.3801 4.5036 1.6426 22.3009 2.9308 0.5773
Car -1 -1 1.6199 516.5806 181.3387 541.1219 203.0101 1.4377 1.5527 3.7584 -5.7650 2.0639 51.2947 1.5081 0.2947
Car -1 -1 -0.4980 666.4638 177.4148 756.2372 210.5539 1.4393 1.5575 3.8001 4.6097 1.6579 33.1215 -0.3614 0.2621
