Pedestrian -1 -1 -1.3930 1039.3668 136.4004 1094.3123 246.9259 1.7801 0.6492 0.8708 7.6520 1.1933 12.1592 -0.8425 0.2738
Pedestrian -1 -1 1.7031 1165.0420 130.4480 1224.6648 253.3445 1.7943 0.6226 0.7699 8.8860 1.1755 11.0232 2.3684 0.2052
Cyclist -1 -1 2.2609 59.2191 171.0825 258.9091 375.0000 1.7080 0.5312 1.8067 -4.1535 1.6941 6.7426 1.7256 0.6409
Cyclist -1 -1 -1.3925 542.8154 173.9586 559.8199 208.6552 1.7365 0.5422 1.9263 -3.0484 1.7953 37.1572 -1.4743 0.2591
Car -1 -1 -1.0393 40.1684 184.2708 316.6428 321.9716 1.5532 1.6232 3.8318 -5.9085 1.7487 10.3926 -1.5458 0.8672
Car -1 -1 1.8671 333.2118 178.6721 435.5900 245.9810 1.6186 1.5984 3.7664 -6.0300 1.7918 19.5572 1.5713 0.7321
Car -1 -1 2.4124 0.0000 205.1765 195.5324 375.0000 1.4747 1.5951 3.7474 -3.3579 1.6745 2.5540 1.5419 0.6203
Car -1 -1 1.8355 460.7599 178.9663 509.5020 209.9142 1.4683 1.5350 3.7220 -6.3663 1.7977 36.9160 1.6655 0.5768
Car -1 -1 -1.5681 514.1545 175.9139 535.4716 196.1912 1.4842 1.5696 3.7540 -6.5566 1.7276 55.3539 -1.6858 0.1766
Car -1 -1 2.3344 0.0000 192.1873 252.8293 375.0000 1.4765 1.5356 3.2775 -4.7144 1.6823 5.9493 1.6856 0.1241
