Car -1 -1 -1.8312 741.1915 184.7932 949.9368 318.7592 1.4809 1.6792 4.3902 3.0802 1.6927 10.5734 -1.5565 0.8641
Car -1 -1 -1.7710 689.7953 182.9774 786.0077 249.8432 1.4350 1.5721 3.9551 3.0296 1.7174 18.0955 -1.6087 0.8420
Car -1 -1 2.1819 82.7561 190.6908 191.3023 235.8194 1.4150 1.4766 3.5371 -16.8504 2.0985 25.8356 1.6084 0.7795
Car -1 -1 -2.0101 850.4385 189.8441 1242.0000 375.0000 1.4775 1.6738 4.3338 3.0021 1.6470 4.9526 -1.4924 0.7040
Car -1 -1 1.9649 246.4557 185.1364 311.1583 217.3281 1.4539 1.5677 3.8550 -16.4877 2.1008 36.0257 1.5382 0.6740
Car -1 -1 2.2590 0.0000 193.0729 110.7545 254.7710 1.4511 1.6676 4.4330 -16.7290 2.0928 20.6552 1.5844 0.6241
Car -1 -1 2.0785 163.6876 188.3758 251.7353 225.7856 1.4138 1.5723 3.9138 -17.1252 2.1201 30.8530 1.5752 0.5683
Car -1 -1 -1.6827 660.5530 182.4197 712.6971 223.8555 1.4264 1.5522 3.7372 2.8191 1.8174 27.5807 -1.5826 0.5009
Car -1 -1 -1.7564 675.3256 182.2123 746.2396 233.8825 1.4578 1.5564 3.6230 3.0631 1.7789 22.8765 -1.6258 0.4894
Car -1 -1 2.1361 343.9894 182.2748 396.4171 206.9711 1.6054 1.6372 3.9302 -16.7889 2.2942 50.6138 1.8170 0.3723
