Car -1 -1 -2.0071 0.0000 184.5636 163.7535 288.0835 1.6822 1.7586 4.2998 -10.8278 1.9370 13.8992 -2.6599 0.7138
Car -1 -1 1.2926 423.9029 177.5796 502.0395 220.2535 1.4684 1.7772 4.4461 -5.7791 1.6660 27.7337 1.0886 0.6266
Car -1 -1 -1.1207 1124.2120 157.0915 1213.0959 194.5618 1.5228 1.5923 3.6448 23.8548 0.8825 30.8514 -0.4672 0.5254
Car -1 -1 1.1086 475.2243 177.0145 556.0168 214.3303 1.4274 1.6281 4.2550 -4.0795 1.6154 30.3106 0.9755 0.4336
Car -1 -1 2.2011 376.9378 187.2380 447.2498 217.8836 1.4373 1.5667 3.8911 -10.3586 2.2351 37.9026 1.9357 0.3693
Car -1 -1 2.1470 118.2228 191.5864 226.6677 236.9231 1.3896 1.4999 3.6888 -15.3920 2.1014 25.5310 1.6088 0.3519
Car -1 -1 2.2632 335.8654 189.4856 406.0546 219.4890 1.4248 1.4990 3.7615 -12.7301 2.3600 38.5297 1.9457 0.2853
Car -1 -1 -1.0760 1072.4825 160.7659 1161.4222 194.4274 1.4852 1.6222 4.1364 23.5048 0.9522 33.4889 -0.4683 0.1843
Car -1 -1 1.8371 257.3623 187.6880 333.4680 233.0260 1.3646 1.4900 3.6132 -10.7787 1.9148 24.8460 1.4313 0.1825
Car -1 -1 -1.0233 1048.7972 163.6809 1130.5520 192.7847 1.4028 1.5815 4.0178 24.1364 0.9610 36.3483 -0.4410 0.1594
Car -1 -1 1.8071 217.2079 193.9804 264.7781 224.0307 1.4888 1.5672 3.5880 -20.6244 2.7280 40.3806 1.3372 0.1485
Car -1 -1 -2.4786 502.5355 176.2724 599.8782 209.8435 1.4008 1.6102 4.2523 -2.7068 1.5630 32.3172 -2.5620 0.1381
