Car -1 -1 -3.1813 661.8299 180.9772 759.2711 219.4612 1.4473 1.5842 3.7106 3.8817 1.7794 28.5011 -3.0480 0.8330
Car -1 -1 -3.5686 998.1628 181.1563 1148.3575 224.2427 1.5067 1.7049 4.3852 17.0503 1.8286 26.8056 -3.0076 0.7827
Car -1 -1 3.1093 419.5883 181.0997 517.3962 220.3231 1.4652 1.6180 3.7105 -5.6630 1.8069 28.6610 2.9154 0.7339
Car -1 -1 2.9227 136.0910 182.4294 289.2267 230.3603 1.4711 1.6933 4.4013 -13.7602 1.8317 25.0594 2.4247 0.6690
Car -1 -1 1.9142 128.2541 186.1991 174.1875 208.6495 1.4465 1.5519 3.7603 -32.3140 2.4249 50.8737 1.3504 0.2739
Car -1 -1 1.2534 1155.2935 180.2627 1242.0000 228.2681 1.5493 1.6439 4.2053 21.5160 1.8423 26.2385 1.9342 0.1529
Car -1 -1 1.6145 778.1058 178.0069 829.3436 222.7459 1.5349 1.7189 4.4242 7.4512 1.7497 27.6642 1.8743 0.1399
Car -1 -1 1.6372 590.7377 181.0280 641.6371 223.0270 1.4637 1.7102 4.3032 0.2728 1.8088 28.2135 1.6460 0.1353
Car -1 -1 -0.5824 1130.9677 187.3830 1242.0000 223.7446 1.5779 1.5884 4.1373 26.5280 2.2637 33.0617 0.0889 0.1326
Car -1 -1 2.1236 162.8308 185.8416 209.4382 204.9491 1.4328 1.5472 3.6917 -34.3317 2.5197 58.4988 1.5946 0.1236
