Car -1 -1 1.8351 285.7401 174.7334 470.0441 311.3664 1.6646 1.5988 3.8712 -3.2774 1.6981 10.7960 1.5462 0.7580
Car -1 -1 2.8396 708.2605 176.9612 926.3693 253.0292 1.4671 1.6294 4.0210 4.1198 1.5573 14.9002 3.1034 0.7351
Car -1 -1 1.9745 399.2412 183.9852 517.0775 252.1410 1.4762 1.5660 3.7173 -3.7539 1.7886 18.2494 1.7737 0.6092
Car -1 -1 2.7980 678.4631 173.4353 859.4721 242.6995 1.5709 1.6460 3.9534 3.7311 1.5862 17.4653 3.0042 0.5924
Car -1 -1 2.5713 791.8858 164.3809 1242.0000 354.0370 1.5983 1.6793 4.1286 4.0190 1.5272 7.0631 3.0700 0.5463
Car -1 -1 -0.6868 933.8283 164.8432 1242.0000 375.0000 1.5345 1.6529 3.9432 4.3368 1.4942 4.5658 0.0406 0.5403
Car -1 -1 1.7630 464.6479 180.7632 531.2408 225.5666 1.4853 1.6581 4.2491 -4.1150 1.8035 26.8350 1.6118 0.5094
Car -1 -1 2.0910 0.0000 190.0169 358.6880 375.0000 1.4523 1.4098 2.8574 -3.5155 1.6388 6.3707 1.6034 0.4065
Car -1 -1 2.5408 0.0000 0.0000 1242.0000 375.0000 1.6561 1.7324 4.1504 -3.3803 1.5635 1.9649 1.5559 0.2411
Car -1 -1 1.5392 629.2343 176.9515 654.2732 199.3930 1.4880 1.6198 3.8466 2.1590 1.7860 50.4770 1.5813 0.1893
