Car -1 -1 -1.6995 231.9842 183.0548 309.2419 241.8205 1.6249 1.6872 4.3196 -10.9442 1.9828 23.0118 -2.1393 0.8702
Car -1 -1 -1.3000 0.0000 191.9035 195.5790 325.7953 1.4697 1.6914 4.5189 -7.8202 1.8247 11.0157 -1.9063 0.8346
Car -1 -1 1.0651 1075.5874 162.0187 1242.0000 258.0524 1.5065 1.8110 4.4864 10.8443 1.3369 13.6720 1.7249 0.7272
Car -1 -1 2.1233 633.2118 177.1584 769.1053 239.9145 1.4210 1.5986 4.0713 2.4175 1.5454 18.7079 2.2490 0.7162
Car -1 -1 1.5317 811.0128 173.1962 909.1673 251.6318 1.4304 1.7267 4.4443 5.1887 1.4392 15.5494 1.8474 0.5930
Car -1 -1 2.0354 584.1561 177.2840 695.9379 230.2820 1.3968 1.6408 4.1871 0.9644 1.5436 21.6146 2.0786 0.5570
Car -1 -1 2.0675 1044.5037 172.4429 1178.5999 225.0634 1.5006 1.6348 4.1544 15.4417 1.4892 22.2488 2.6676 0.4313
Car -1 -1 2.2113 471.2132 179.4565 567.1880 218.0325 1.3818 1.6031 4.2103 -3.5755 1.6664 28.8316 2.0885 0.4124
Car -1 -1 2.2012 544.0064 178.2984 654.1028 225.3479 1.3885 1.5644 4.0333 -0.3165 1.5849 23.8741 2.1874 0.3792
Car -1 -1 2.1582 502.9992 178.6085 592.4990 221.9445 1.4097 1.5276 3.4701 -2.2037 1.6314 25.8581 2.0735 0.3282
Car -1 -1 2.0834 916.2341 177.8663 1020.4969 220.7645 1.4465 1.6279 4.1604 13.2102 1.6446 26.6087 2.5393 0.3107
Car -1 -1 2.1757 450.2475 179.4647 534.7498 215.8133 1.4282 1.5880 4.0620 -5.0533 1.7354 31.3139 2.0166 0.2918
Car -1 -1 2.0152 981.5391 177.7544 1092.5652 224.4257 1.4313 1.6116 4.1589 14.4056 1.6095 24.3470 2.5437 0.2232
