Pedestrian -1 -1 -2.9050 517.7648 174.3308 540.2371 213.9878 1.7058 0.5916 0.8579 -3.5627 1.7711 31.4049 -3.0176 0.2484
Car -1 -1 2.1642 138.8304 195.9014 251.5129 243.0656 1.4273 1.6201 3.7971 -14.6789 2.3112 25.7009 1.6494 0.8730
Car -1 -1 -1.8237 758.7118 180.8178 970.8199 332.3410 1.4833 1.5506 3.5072 2.8742 1.6032 9.0348 -1.5263 0.8599
Car -1 -1 2.1970 19.1633 199.5379 138.6066 249.0527 1.5102 1.6092 3.6141 -18.8583 2.5302 25.7602 1.5698 0.8361
Car -1 -1 -1.7694 695.6354 176.9080 805.6848 256.7772 1.4718 1.5568 3.6000 2.7957 1.5683 15.2946 -1.5929 0.7966
Car -1 -1 -1.7922 657.8187 174.7256 733.2668 224.7470 1.4913 1.6113 3.9110 2.6671 1.5584 23.6943 -1.6822 0.7838
Car -1 -1 -1.7757 630.6181 179.0621 681.8613 213.1765 1.4202 1.5540 3.8631 1.9982 1.7202 32.7962 -1.7160 0.4210
Car -1 -1 1.8633 360.9050 187.3002 394.2539 206.3978 1.4426 1.5769 3.8090 -19.0891 2.6692 59.3226 1.5529 0.2534
Car -1 -1 2.4272 0.0000 194.8799 255.0170 375.0000 1.5254 1.7086 4.0922 -3.8219 1.7006 3.6170 1.6506 0.1318
Car -1 -1 1.6469 323.6489 190.2113 352.6842 213.9970 1.4980 1.6128 3.8133 -19.0120 2.7625 50.4944 1.2882 0.1185
Car -1 -1 1.7081 603.7037 174.3326 631.7208 194.9341 1.4901 1.5933 3.9720 0.5926 1.6066 54.5672 1.7186 0.1157
