Pedestrian -1 -1 -1.0972 661.2971 173.7704 688.3412 221.6391 1.7629 0.6422 0.9760 2.4029 1.7985 27.1763 -1.0106 0.6715
Car -1 -1 -1.9130 712.2715 187.8784 818.1680 251.2949 1.3771 1.5286 3.4423 3.7796 1.7971 18.3368 -1.7138 0.8981
Car -1 -1 -1.1928 165.4743 174.8513 458.5916 357.7299 1.6041 1.6627 3.9911 -3.1211 1.6333 8.3909 -1.5396 0.8867
Car -1 -1 -1.3720 390.5679 182.6357 503.6256 265.5948 1.4525 1.5721 3.5576 -3.2621 1.6783 14.8423 -1.5854 0.7978
Car -1 -1 -1.5063 522.4476 179.9364 556.8171 209.2987 1.4800 1.6159 3.9000 -3.8213 1.8855 39.2947 -1.6031 0.7370
Car -1 -1 -1.7028 697.9009 185.4524 764.0050 236.5101 1.4117 1.5510 3.6843 3.6790 1.8414 22.7272 -1.5452 0.7115
Car -1 -1 1.9737 158.8838 176.3385 249.8306 217.4872 1.4611 1.6168 4.0275 -15.6865 1.6071 28.0575 1.4677 0.5076
Car -1 -1 2.2620 0.0000 175.2167 158.6635 233.6388 1.5766 1.6287 4.1257 -15.8578 1.6551 21.7527 1.6378 0.4322
Car -1 -1 -1.3088 543.2587 177.6206 579.1679 200.6443 1.5354 1.6237 3.7114 -3.4298 1.8851 50.9101 -1.3762 0.3227
Car -1 -1 -2.2627 0.0000 169.4936 35.8546 237.5013 1.5776 1.6825 4.1559 -16.8636 1.5000 17.8361 -3.0127 0.1730
