Car -1 -1 -1.7534 692.8936 183.7282 826.0061 278.1544 1.4121 1.5893 4.2150 2.5262 1.6459 13.3811 -1.5719 0.9122
Car -1 -1 -1.6931 661.4559 179.4502 742.0971 242.3964 1.4487 1.5882 4.0329 2.2626 1.6417 19.0485 -1.5775 0.8977
Car -1 -1 3.5609 62.4805 184.2182 360.4040 272.4646 1.4228 1.6918 4.3492 -6.9623 1.6417 12.8783 3.0735 0.8209
Car -1 -1 -1.7169 640.7629 178.8276 704.0860 227.4000 1.4603 1.5537 3.7192 1.9581 1.6757 24.0663 -1.6375 0.8164
Car -1 -1 1.6522 509.8890 177.8065 548.7615 210.2762 1.4773 1.5897 3.7683 -3.9357 1.7332 35.3146 1.5415 0.7838
Car -1 -1 0.6124 0.0000 200.9343 255.2700 375.0000 1.4250 1.6633 4.2297 -6.0527 1.7384 7.0462 -0.0788 0.7375
Car -1 -1 3.3241 324.4068 180.9494 450.5783 227.6638 1.4633 1.6445 3.7695 -7.3523 1.7443 23.9838 3.0293 0.7109
Car -1 -1 3.3587 344.4787 175.1827 471.7118 221.7613 1.6702 1.7363 4.3019 -7.4984 1.7607 26.9474 3.0894 0.5867
Car -1 -1 -2.3498 943.8105 194.4861 1242.0000 375.0000 1.4659 1.5934 3.7894 2.6391 1.5917 2.2706 -1.5522 0.5670
Car -1 -1 0.4442 222.3829 184.7804 432.8633 255.9837 1.4129 1.5939 3.9328 -6.0559 1.6865 15.5813 0.0787 0.3424
Car -1 -1 -1.6404 624.4502 176.1238 662.7558 208.9837 1.4729 1.5690 3.6290 1.5223 1.6381 34.5393 -1.5973 0.3367
Car -1 -1 -1.6274 616.0489 175.4281 647.9542 203.0083 1.4580 1.5674 3.6571 1.1549 1.6089 40.3375 -1.5994 0.2317
Car -1 -1 1.5021 635.4503 178.8434 682.6496 219.7018 1.4548 1.5646 3.6515 1.8051 1.7033 28.0558 1.5650 0.2309
