Pedestrian -1 -1 0.2519 157.8862 180.5355 214.5509 272.6882 1.6730 0.5637 0.8001 -7.9902 1.8216 13.5391 -0.2731 0.4542
Pedestrian -1 -1 2.1016 467.8886 173.5238 493.1402 222.7575 1.7624 0.5977 0.7727 -4.7603 1.7876 26.3045 1.9237 0.1270
Pedestrian -1 -1 0.4065 458.6978 170.9641 482.9199 221.1749 1.8668 0.5831 0.7250 -5.2848 1.7969 27.1865 0.2158 0.1263
Cyclist -1 -1 -1.1131 284.8889 178.9249 398.2710 333.6164 1.6649 0.5208 1.8399 -3.2523 1.7471 8.7803 -1.4591 0.4830
Car -1 -1 2.2066 0.0000 180.8080 165.1021 375.0000 1.6181 1.6343 4.0542 -5.6986 1.7083 6.0544 1.4733 0.7157
Car -1 -1 1.8236 381.9050 181.3296 463.0991 233.7125 1.5065 1.6139 3.8445 -5.9919 1.8031 23.2957 1.5741 0.6911
Car -1 -1 1.7626 454.6503 181.6347 507.3176 218.2395 1.4484 1.5489 3.8427 -5.5878 1.8546 31.4096 1.5875 0.5125
Car -1 -1 -1.4245 495.1442 177.1580 532.7759 206.3244 1.5926 1.6232 3.8447 -5.5622 1.8545 41.9020 -1.5561 0.5052
Car -1 -1 -1.5104 767.1018 162.6057 820.7146 212.2837 1.5477 1.5588 3.5100 6.2246 1.2288 24.3854 -1.2638 0.1926
Car -1 -1 2.0095 159.9449 200.3856 432.7672 373.0229 1.4164 1.3970 3.6180 -3.3571 1.8064 8.3590 1.6375 0.1870
Car -1 -1 2.0037 511.6985 176.3295 557.3967 201.3698 1.5590 1.5433 3.7992 -4.9529 1.7982 47.5352 1.9001 0.1451
