Car -1 -1 2.0683 0.0000 192.7526 393.4386 375.0000 1.4593 1.5187 3.5250 -2.8807 1.6490 5.0964 1.5749 0.8676
Car -1 -1 -1.7371 687.1813 178.8778 785.6862 254.1427 1.4277 1.4983 3.5877 2.5917 1.5747 15.7710 -1.5781 0.8280
Car -1 -1 -1.8136 736.4601 180.7394 927.6398 317.6407 1.4312 1.5103 3.4220 2.6307 1.5538 9.4641 -1.5516 0.8082
Car -1 -1 3.4010 220.8447 176.9101 429.0063 247.1111 1.5746 1.7058 4.3710 -6.7640 1.6788 17.3875 3.0347 0.7827
Car -1 -1 -1.9910 802.7261 182.8261 1242.0000 375.0000 1.4413 1.5787 3.8937 2.6450 1.5423 5.3231 -1.5528 0.7758
Car -1 -1 -1.7129 659.2642 174.5603 730.6950 231.1808 1.5354 1.5929 3.5728 2.3969 1.5909 21.4849 -1.6040 0.7674
Car -1 -1 0.3223 132.1382 177.5100 386.9816 263.2226 1.5509 1.6909 4.2075 -6.7834 1.6502 14.2518 -0.1151 0.5469
Car -1 -1 -1.7226 646.7388 175.9242 705.1205 221.5726 1.5104 1.5598 3.4626 2.2541 1.6285 25.8897 -1.6374 0.5087
Car -1 -1 0.3095 335.4536 175.9176 475.1359 225.1998 1.6087 1.7043 4.2643 -6.9484 1.7174 24.5946 0.0365 0.4722
Car -1 -1 3.7674 0.0000 175.8674 255.3260 317.5120 1.4920 1.6224 3.9239 -6.5886 1.5313 8.4831 3.1220 0.4339
Car -1 -1 2.3521 0.0000 192.7665 101.4185 375.0000 1.4417 1.6605 4.1869 -5.4517 1.6264 4.5317 1.5039 0.2173
