Pedestrian -1 -1 1.4450 955.3231 146.1333 996.2962 239.7888 1.7358 0.6092 0.6885 6.9316 1.2409 13.7946 1.9017 0.5081
Car -1 -1 -2.6550 226.8766 189.5432 427.2264 258.1282 1.5162 1.7264 4.2376 -6.8665 1.9493 17.5964 -3.0226 0.8726
Car -1 -1 -1.6677 695.8581 175.9203 771.4022 234.1638 1.4435 1.6406 4.2973 3.3175 1.5395 20.3066 -1.5088 0.8211
Car -1 -1 -1.8129 750.7304 156.1912 929.9734 294.5829 1.7658 1.6706 3.7727 3.2595 1.5536 11.1182 -1.5359 0.7961
Car -1 -1 -1.5644 611.4816 175.5858 644.4368 207.8877 1.5780 1.6250 3.7243 0.9026 1.7272 37.4489 -1.5411 0.6909
Car -1 -1 -1.6602 681.1813 174.8302 736.9453 220.0854 1.4987 1.6160 4.0676 3.4652 1.5763 26.1373 -1.5305 0.6777
Car -1 -1 -2.5063 0.0000 208.3353 268.0797 321.1873 1.3934 1.6447 4.0689 -7.3721 1.9454 10.3370 -3.1139 0.6540
Car -1 -1 -2.7571 378.3505 184.8452 488.0638 225.1342 1.4599 1.6159 3.7851 -6.8289 1.9411 27.8558 -2.9958 0.6528
Car -1 -1 0.2673 322.2375 186.1238 459.2075 236.2363 1.4887 1.6306 3.8365 -6.8783 1.9233 22.7479 -0.0236 0.3750
Car -1 -1 -2.9217 402.4236 183.8259 507.2520 219.5740 1.4262 1.5824 4.0261 -6.4570 1.8965 30.0915 -3.1318 0.3746
Car -1 -1 3.2688 423.5120 181.2703 518.0272 213.9328 1.4701 1.6588 4.1862 -6.5227 1.8773 33.9223 3.0797 0.2873
Car -1 -1 -2.7782 281.5329 189.1441 441.6373 244.5544 1.4491 1.5935 3.9395 -6.9384 1.9262 20.2456 -3.1049 0.2496
Car -1 -1 0.1240 464.7668 178.8684 538.9880 206.1556 1.5246 1.6884 4.0545 -6.2224 1.8792 41.5982 -0.0240 0.1786
