Pedestrian -1 -1 0.6509 607.7056 150.0566 695.6010 313.0495 1.8298 0.6180 0.8463 0.5053 1.4897 8.4427 0.7103 0.7883
Pedestrian -1 -1 0.9894 658.7117 158.8075 734.1055 298.7176 1.7497 0.5789 0.9172 1.1496 1.4801 9.3771 1.1091 0.7687
Pedestrian -1 -1 0.8913 634.9615 154.3599 696.0873 263.1954 1.7812 0.6448 0.8588 0.9842 1.3550 12.1030 0.9722 0.6380
Pedestrian -1 -1 -1.1235 663.4882 164.1991 695.1188 223.3745 1.7555 0.6475 0.8657 2.2329 1.2735 21.5091 -1.0199 0.3448
Pedestrian -1 -1 1.5809 727.0426 166.4623 747.7806 219.8529 1.7261 0.6607 0.7859 4.3366 1.2738 23.3027 1.7641 0.2950
Pedestrian -1 -1 1.7328 699.3900 166.5883 721.1060 219.6617 1.7283 0.5960 0.7878 3.4711 1.2768 23.4855 1.8793 0.2696
Pedestrian -1 -1 1.0010 596.0319 154.9724 653.7302 269.4618 1.7852 0.5873 0.8233 0.2705 1.3888 11.5239 1.0257 0.2533
Cyclist -1 -1 -1.6771 573.7601 169.0250 586.4037 198.8767 1.7167 0.5411 1.9523 -1.4830 1.0582 41.6609 -1.7107 0.1888
Cyclist -1 -1 -3.3623 971.1349 172.7646 1047.9830 234.2360 1.6875 0.5621 1.7992 11.3448 1.4768 19.9330 -2.8502 0.1624
Car -1 -1 -2.2771 1024.6738 182.6225 1157.6611 228.4400 1.4183 1.5515 3.8994 16.3678 1.4982 24.0944 -1.6850 0.8035
Car -1 -1 0.9075 1099.8138 183.0282 1224.0000 228.5344 1.4302 1.5867 3.9528 19.2396 1.5261 24.4130 1.5701 0.6860
Car -1 -1 -2.1068 960.6260 180.8114 1065.8899 227.3832 1.4754 1.5585 3.4291 13.7910 1.4884 24.1485 -1.5921 0.6680
Car -1 -1 -1.5726 603.0110 175.5040 633.7629 203.5231 1.3994 1.5362 3.5402 0.6863 1.1513 37.0917 -1.5525 0.5413
