Pedestrian -1 -1 2.2309 142.9096 190.8648 183.9528 255.3182 1.6010 0.6015 0.6840 -11.4921 2.0725 18.5011 1.6812 0.1233
Car -1 -1 -1.7909 685.1243 180.7841 801.1413 259.8263 1.4710 1.5991 4.1061 2.7301 1.6696 15.9394 -1.6253 0.9046
Car -1 -1 -2.0427 806.1367 180.9402 1242.0000 375.0000 1.4822 1.6060 3.9247 3.0999 1.5770 6.4251 -1.6121 0.8824
Car -1 -1 -1.6901 660.2958 181.0045 735.7348 237.2524 1.4659 1.6889 4.4545 2.4826 1.7365 21.6830 -1.5784 0.8015
Car -1 -1 -1.7003 639.2766 181.2569 686.3217 216.5224 1.4337 1.5828 3.9829 2.2632 1.8344 32.3371 -1.6317 0.8005
Car -1 -1 2.1195 194.6499 195.1951 278.0385 229.1757 1.3918 1.6494 4.0458 -17.7233 2.5207 34.3645 1.6461 0.7762
Car -1 -1 2.2303 78.5353 197.0092 196.9005 241.3774 1.4327 1.6086 4.1130 -18.0277 2.4321 27.7218 1.6579 0.7556
Car -1 -1 2.3115 0.0000 201.9501 85.0989 261.7383 1.4476 1.6624 4.1602 -18.2048 2.4062 21.6446 1.6181 0.4626
Car -1 -1 1.5769 615.1675 181.0555 640.6882 205.6564 1.4884 1.5869 3.5596 1.1353 2.0397 46.6573 1.6006 0.3267
Car -1 -1 -1.5076 634.0917 180.4323 669.1228 211.1573 1.4775 1.5911 3.8959 2.1833 1.8954 37.7237 -1.4508 0.1432
