Car -1 -1 -1.5872 665.4670 174.1007 734.0826 240.7982 1.6672 1.7182 4.1918 2.4208 1.7064 20.2854 -1.4710 0.8857
Car -1 -1 2.2012 0.0000 184.3011 166.3831 249.8362 1.4320 1.5733 3.7586 -13.2631 1.7529 18.3105 1.5810 0.8614
Car -1 -1 1.9463 279.8493 177.9930 354.9563 215.8368 1.4825 1.6128 3.9794 -12.4276 1.7164 30.7982 1.5654 0.8397
Car -1 -1 -1.0704 729.8992 179.0524 809.9776 214.7475 1.3892 1.5708 4.1128 6.8583 1.6725 30.8634 -0.8543 0.7360
Car -1 -1 -0.7809 1171.9034 178.1610 1242.0000 211.2400 1.4299 1.5952 3.7985 27.6807 1.6758 32.4358 -0.0793 0.4167
Car -1 -1 2.5788 943.0707 173.4264 1032.5725 201.9656 1.5855 1.7087 4.2737 21.4762 1.6193 41.1567 3.0564 0.3786
Car -1 -1 2.7217 716.9153 175.5424 801.8249 203.9343 1.5002 1.6323 4.2722 8.1477 1.6529 39.6216 2.9226 0.3341
Car -1 -1 -0.6475 1034.0138 177.8980 1141.1975 210.6363 1.4236 1.5855 3.8695 21.4803 1.6582 32.5824 -0.0692 0.2580
Car -1 -1 -1.6944 630.1437 176.3813 652.4840 193.1955 1.4447 1.5555 3.6523 2.7590 1.7704 64.6664 -1.6523 0.1937
Car -1 -1 2.1090 375.8822 176.8448 419.9795 196.2534 1.4448 1.5632 3.8552 -16.6160 1.7697 56.6186 1.8246 0.1630
