Car -1 -1 -1.6192 658.5018 175.1309 724.5036 238.6231 1.6700 1.6932 4.1694 2.2571 1.7441 21.2559 -1.5157 0.8697
Car -1 -1 2.1223 123.5475 180.4850 248.4780 231.7936 1.4366 1.5978 3.8403 -13.2340 1.6978 22.7199 1.5997 0.8582
Car -1 -1 1.9827 324.1623 176.2105 389.2719 208.6032 1.4864 1.6026 3.8662 -12.4190 1.6612 35.5069 1.6483 0.6963
Car -1 -1 -1.1367 712.4749 180.2353 782.3953 214.4299 1.3823 1.5383 3.9668 6.1342 1.7323 32.1163 -0.9502 0.6926
Car -1 -1 1.8907 388.4742 177.0769 422.3019 196.7222 1.5277 1.5622 3.7155 -16.6598 1.8834 58.8119 1.6155 0.3408
Car -1 -1 2.5204 1009.0353 177.8276 1111.1770 209.2972 1.4588 1.6207 3.9706 21.5553 1.7048 34.6893 3.0722 0.2811
Car -1 -1 2.3119 1136.1210 179.9996 1237.8497 211.9009 1.4644 1.6143 3.9153 27.6984 1.8196 34.7258 2.9806 0.2375
Car -1 -1 -1.6696 633.2281 176.8992 653.7957 193.0878 1.4359 1.5455 3.6188 3.0570 1.8210 66.7694 -1.6244 0.1646
Car -1 -1 -1.4481 551.3713 176.6671 575.7657 195.2722 1.4742 1.5819 3.6826 -3.8431 1.8007 59.8266 -1.5123 0.1624
Car -1 -1 2.6308 701.1757 176.2560 781.9052 204.3915 1.5589 1.7017 4.3294 7.5909 1.7638 41.8533 2.8085 0.1602
