Pedestrian -1 -1 3.2828 156.1529 175.1250 200.4166 245.7518 1.6345 0.5516 0.8312 -10.2915 1.6901 17.1364 2.7485 0.6579
Pedestrian -1 -1 -1.4924 376.8979 168.1432 401.7760 229.3915 1.7638 0.6406 0.7772 -6.5310 1.6285 21.2248 -1.7879 0.2469
Car -1 -1 -0.2855 580.2384 167.4439 694.6824 211.1824 1.7164 1.7831 4.3843 1.0641 1.5045 29.7195 -0.2506 0.7809
Car -1 -1 -0.9773 490.3216 172.8851 551.6795 201.9160 1.5677 1.5830 3.8464 -5.0396 1.5699 41.0388 -1.0991 0.7557
Car -1 -1 0.3469 169.1545 177.1641 305.0799 221.6276 1.6407 1.7520 4.3472 -14.3978 1.8150 27.9824 -0.1247 0.7298
Car -1 -1 2.5678 836.5280 168.6626 931.6465 198.2258 1.4101 1.6198 4.1894 13.4835 1.2106 35.6525 2.9263 0.4585
Car -1 -1 2.5978 0.0000 185.5719 93.9924 216.6890 1.3531 1.5268 3.7710 -27.5700 2.0075 35.0696 1.9351 0.2987
Car -1 -1 2.2906 473.9236 172.9835 526.4641 195.6876 1.6442 1.6538 4.0578 -8.2644 1.6547 54.4297 2.1403 0.1767
Car -1 -1 2.3955 995.6851 160.7056 1071.2188 186.3354 1.5498 1.6463 4.0021 26.2812 0.8156 44.8671 2.9224 0.1197
Car -1 -1 2.5338 862.7754 161.5729 933.2914 186.5286 1.6652 1.7341 4.2675 19.7043 0.9128 49.4751 2.9106 0.1029
