Car -1 -1 -1.7800 699.6392 182.9264 840.8541 286.7118 1.4479 1.5472 3.5861 2.4873 1.6441 12.2177 -1.5850 0.8160
Car -1 -1 -2.6068 29.0603 199.3713 459.4031 343.6351 1.3895 1.6493 4.1970 -4.0894 1.7331 8.3283 -3.0515 0.7929
Car -1 -1 -1.9558 746.9981 129.6124 1177.7540 375.0000 1.8330 1.7650 4.4078 2.5988 1.5618 6.7607 -1.6046 0.6264
Car -1 -1 -1.6415 652.5604 181.9804 710.5894 233.8430 1.4764 1.5669 3.4475 2.1550 1.7883 22.8896 -1.5497 0.5126
Car -1 -1 2.1769 40.1107 200.4958 247.5800 295.4832 1.4069 1.5003 3.5034 -8.5372 1.9935 13.5124 1.6219 0.4751
Car -1 -1 1.0585 429.6971 182.8419 538.5774 231.8972 1.4490 1.6950 4.3730 -4.3960 1.8186 24.4440 0.8818 0.4630
Car -1 -1 1.8781 359.9113 185.7971 414.2626 219.4061 1.5605 1.5950 3.7144 -11.3381 2.2546 36.8015 1.5808 0.3186
Car -1 -1 2.3624 0.0000 203.1268 73.1372 322.8708 1.4503 1.6206 4.2602 -11.4313 2.0446 11.9910 1.6120 0.2913
Car -1 -1 0.7150 483.9592 182.1552 563.5597 213.2784 1.4494 1.5821 3.9032 -4.4119 1.9415 36.3928 0.5947 0.2047
Car -1 -1 0.7071 503.4181 180.7386 575.6030 206.7675 1.4234 1.6074 4.1807 -4.2062 1.9077 42.4313 0.6084 0.1558
Car -1 -1 2.0002 226.1056 187.4504 321.0101 236.1329 1.4752 1.5545 3.6717 -11.4889 2.0145 24.7996 1.5701 0.1153
