Pedestrian -1 -1 1.2928 450.1498 167.5303 488.9839 250.2702 1.8327 0.6351 0.9566 -3.2790 1.7151 16.5498 1.0994 0.6544
Pedestrian -1 -1 1.2700 408.4678 168.7305 447.6810 252.8083 1.8287 0.6072 0.9313 -4.1535 1.7394 16.2465 1.0229 0.1513
Car -1 -1 1.8909 285.0322 178.1552 447.5731 274.6368 1.6559 1.8081 4.4434 -4.8207 1.7819 14.8577 1.5817 0.7991
Car -1 -1 1.7236 479.8925 180.7054 523.7911 212.1477 1.4485 1.5885 3.9994 -5.4102 1.8651 36.2426 1.5760 0.4992
Car -1 -1 0.6054 0.0000 193.6438 163.6771 318.3097 1.4708 1.6418 3.9951 -8.6971 1.7852 9.8735 -0.1034 0.4623
Car -1 -1 1.8472 419.5833 185.0456 493.7188 231.3083 1.4225 1.5329 3.8407 -5.3031 1.8818 25.1904 1.6413 0.3848
Car -1 -1 1.0552 265.4463 180.7625 356.6989 223.6361 1.4190 1.5243 3.5181 -10.9228 1.7248 26.1827 0.6632 0.3585
Car -1 -1 3.8375 0.0000 202.8776 55.2300 375.0000 1.4546 1.6144 4.0197 -8.4675 1.8085 7.4185 3.0041 0.3184
Car -1 -1 0.5095 61.5425 191.4970 305.4182 263.8926 1.3867 1.6381 4.1269 -8.8342 1.7990 15.0979 -0.0126 0.2264
Car -1 -1 -2.7485 296.5115 169.0145 365.6411 194.4811 1.7147 1.7275 4.0733 -19.1257 1.4566 49.4967 -3.1157 0.1958
Car -1 -1 1.8596 213.6074 183.6000 281.9378 222.5695 1.4264 1.5205 3.5583 -14.6776 1.8916 29.3282 1.3989 0.1655
