Pedestrian -1 -1 2.8323 443.7513 176.6399 490.7395 262.3477 1.6457 0.6617 0.7515 -2.8971 1.7239 14.3645 2.6359 0.2117
Car -1 -1 -1.8401 708.2460 176.5184 888.8678 296.5087 1.4885 1.6067 3.8127 2.5902 1.5546 11.0072 -1.6160 0.9061
Car -1 -1 -1.7093 670.7530 178.2519 769.7192 252.3461 1.4669 1.6341 4.2581 2.3597 1.6083 16.7225 -1.5725 0.8584
Car -1 -1 -1.5238 575.0522 180.3335 611.7924 213.8522 1.5109 1.6248 3.6313 -0.8009 1.8949 35.1747 -1.5470 0.6956
Car -1 -1 -1.6714 651.3762 177.4334 704.8647 223.0395 1.5220 1.5666 3.5252 2.3655 1.7000 26.2052 -1.5831 0.6879
Car -1 -1 -2.9406 436.4348 186.2072 504.8852 211.5958 1.5119 1.6406 3.9148 -8.6259 2.3550 44.6920 -3.1306 0.5901
Car -1 -1 -1.6761 635.0447 179.4602 680.9974 216.6836 1.4947 1.6056 3.7018 1.9997 1.8009 31.5222 -1.6140 0.3489
Car -1 -1 -1.4476 495.9462 183.2399 524.1689 204.8248 1.4725 1.6023 3.7541 -7.3218 2.2619 52.9252 -1.5848 0.1760
Car -1 -1 -1.6894 623.4753 176.2007 656.3058 202.6214 1.5928 1.6341 3.8677 1.8313 1.8158 45.9939 -1.6503 0.1044
Car -1 -1 1.7894 528.4092 180.6865 554.0625 197.6106 1.4516 1.5492 3.7497 -6.2453 2.1859 65.6509 1.6945 0.1021
