Car -1 -1 -1.5320 616.2391 176.1783 714.3401 269.3367 1.4804 1.5845 3.3819 1.0265 1.5504 13.3587 -1.4581 0.8564
Car -1 -1 0.3455 8.3128 189.0691 186.6100 247.4705 1.4774 1.6123 3.7482 -14.2552 1.9607 20.2184 -0.2626 0.8505
Car -1 -1 -1.7619 783.7000 179.0165 1042.1792 363.0498 1.4632 1.6565 4.3628 2.9662 1.5528 8.1646 -1.4261 0.8329
Car -1 -1 1.8114 395.8654 174.4415 542.7975 280.6188 1.5695 1.6280 3.8338 -2.3359 1.6021 12.6850 1.6320 0.8057
Car -1 -1 -1.3272 672.5527 165.7065 761.4281 229.3884 1.7172 1.6770 4.2446 3.2780 1.5248 21.7357 -1.1802 0.7547
Car -1 -1 -2.1108 910.3422 188.3379 1242.0000 375.0000 1.4301 1.5615 3.7571 2.7292 1.5440 3.3373 -1.4683 0.6316
Car -1 -1 1.3545 802.3228 163.0728 858.4312 196.5041 1.5244 1.7248 4.1856 10.5839 1.0788 35.0497 1.6451 0.6283
Car -1 -1 1.6982 639.9891 171.6133 670.4782 194.9175 1.5545 1.6294 3.9903 3.1588 1.4721 50.2407 1.7603 0.2941
Car -1 -1 -1.4525 748.6158 165.9486 779.1326 189.0678 1.5915 1.6701 4.2087 11.0829 1.1165 51.9274 -1.2436 0.1223
Car -1 -1 -0.7555 403.9484 171.4773 473.9385 198.7945 1.5058 1.5675 3.9485 -9.8971 1.4302 41.8485 -0.9866 0.1196
