Car -1 -1 -1.6498 656.4318 167.1206 742.7561 248.3674 1.6608 1.6352 3.8318 1.9067 1.5439 16.6874 -1.5390 0.6345
Car -1 -1 -2.1835 935.9515 187.7825 1242.0000 375.0000 1.4606 1.5820 3.8489 3.3861 1.5862 4.0937 -1.5280 0.5727
Car -1 -1 1.5302 266.4671 181.9516 314.8069 224.8037 1.4209 1.4916 3.5370 -11.8833 1.7815 26.6516 1.1142 0.4373
Car -1 -1 3.5935 0.0000 196.7662 205.2081 375.0000 1.3937 1.5475 3.7281 -4.8321 1.5876 4.4873 2.8007 0.3785
Car -1 -1 -1.6818 431.6964 177.4566 461.1461 200.3887 1.5115 1.5928 3.8062 -11.4961 1.8467 50.4394 -1.9051 0.3274
Car -1 -1 -1.3941 502.7221 177.1326 546.8872 208.4753 1.4780 1.5944 3.6586 -4.2824 1.7054 36.4080 -1.5108 0.2909
Car -1 -1 -1.7631 388.7679 178.4000 422.3504 200.9017 1.4697 1.5718 3.6566 -14.2526 1.8704 50.0912 -2.0392 0.2888
Car -1 -1 -1.4010 325.4651 175.2684 359.3706 198.8622 1.5661 1.5899 3.8282 -18.6483 1.7417 50.3325 -1.7544 0.2753
Car -1 -1 -2.5477 1005.9322 181.8796 1132.1056 225.0005 1.4164 1.5347 3.6749 16.7106 1.7734 26.5210 -1.9910 0.2500
Car -1 -1 0.8006 973.1116 182.2957 1093.2004 227.7854 1.4165 1.5210 3.6035 14.6076 1.7720 25.2019 1.3203 0.2140
Car -1 -1 -1.5727 242.9143 177.3335 268.5208 199.5688 1.4833 1.5710 3.7723 -25.0639 1.8129 50.9925 -2.0277 0.1840
Car -1 -1 1.3026 615.1348 178.1117 652.1350 199.7824 1.4279 1.6017 3.9355 1.5864 1.8127 50.6592 1.3332 0.1747
Car -1 -1 2.0369 5.5188 183.0854 108.8208 226.7408 1.4413 1.5289 3.6717 -20.3436 1.8475 26.6738 1.3900 0.1535
