Pedestrian -1 -1 -1.1746 658.8140 178.5530 710.6193 282.3557 1.6758 0.5880 0.8690 1.2226 1.7769 12.2250 -1.0787 0.7716
Car -1 -1 -0.8249 426.6447 186.5971 553.7770 245.2797 1.3915 1.4997 3.4498 -3.2495 1.8048 19.8264 -0.9860 0.7760
Car -1 -1 2.3924 362.6649 185.1878 509.0057 240.4332 1.4102 1.6547 4.2802 -5.1403 1.8190 21.6526 2.1615 0.6359
Car -1 -1 1.8869 851.0616 199.9329 975.5822 279.7101 1.3834 1.4998 3.4143 6.5390 2.0328 15.5057 2.2782 0.6329
Car -1 -1 1.7133 942.3242 195.2723 1029.1068 259.4717 1.4194 1.5789 3.5907 10.0186 2.0765 19.2132 2.1868 0.5273
Car -1 -1 2.6175 166.0301 185.6714 273.0157 225.0113 1.3976 1.4868 3.4643 -15.5005 1.9411 28.7095 2.1260 0.5252
Car -1 -1 -0.4710 138.7027 184.3031 242.3743 222.4316 1.4379 1.4913 3.4466 -17.5077 1.9464 30.1699 -0.9932 0.3773
Car -1 -1 2.4217 312.9652 186.1363 435.2354 234.9153 1.3600 1.4758 3.6525 -7.5048 1.8218 23.1196 2.1107 0.3592
Car -1 -1 2.3950 264.4272 185.6018 391.6927 234.3876 1.4246 1.6046 3.9448 -9.4167 1.8918 24.3005 2.0285 0.1447
Car -1 -1 2.2023 486.7878 180.4846 559.5574 212.4780 1.4246 1.5276 3.8762 -4.2051 1.8188 35.1735 2.0837 0.1187
