Car -1 -1 -1.9215 735.7563 181.7644 922.3747 292.5638 1.5157 1.6427 4.0926 3.4333 1.6942 12.3160 -1.6569 0.9246
Car -1 -1 -1.7327 689.1142 184.0828 781.5324 251.0257 1.4443 1.6084 4.2123 3.0095 1.7635 18.3800 -1.5738 0.9011
Car -1 -1 1.8972 363.0020 176.0836 435.5194 217.4647 1.5404 1.6328 3.9222 -8.4642 1.6802 29.1640 1.6168 0.8416
Car -1 -1 2.1281 88.2124 174.7819 287.2892 259.1268 1.5364 1.6473 4.1893 -8.7624 1.5835 15.3685 1.6170 0.7507
Car -1 -1 -1.6745 676.8973 181.4577 735.5375 230.0966 1.4478 1.5399 3.5511 3.0695 1.7546 23.9010 -1.5491 0.6850
Car -1 -1 1.8389 417.0302 175.7537 474.4462 211.8048 1.6156 1.6550 4.1406 -7.8757 1.7642 34.7772 1.6174 0.6082
Car -1 -1 -1.6778 658.2523 179.9266 707.4028 220.6128 1.4706 1.5407 3.5441 2.7720 1.7675 28.4767 -1.5825 0.4244
Car -1 -1 2.3102 0.0000 175.7789 174.0507 303.1521 1.5683 1.6370 3.9436 -8.8166 1.6215 11.0023 1.6463 0.3960
Car -1 -1 -1.3220 648.5225 180.5354 701.9419 214.4493 1.4234 1.5788 3.7591 3.0216 1.7993 33.2384 -1.2327 0.2421
Car -1 -1 1.8666 443.4398 178.3717 490.8070 206.8471 1.4801 1.5604 3.7532 -7.9377 1.8028 40.2013 1.6725 0.1703
Car -1 -1 3.7634 0.0000 154.8246 115.3196 218.8760 1.6144 1.6957 4.0213 -15.8002 1.1604 19.1532 3.0804 0.1446
