Pedestrian -1 -1 2.4197 610.1737 169.2014 641.8150 229.7855 1.7074 0.5743 0.7085 0.6337 1.3169 20.3687 2.4518 0.2264
Cyclist -1 -1 -2.5632 592.5004 168.7053 655.7459 229.2286 1.6890 0.6042 1.7921 0.5716 1.2885 20.4863 -2.5342 0.1618
Car -1 -1 2.2707 2.2483 197.0943 194.0336 269.5312 1.4306 1.5691 3.8130 -11.7124 1.8013 16.6949 1.6693 0.8944
Car -1 -1 -1.5436 512.4927 179.6931 557.3571 220.3638 1.4236 1.5673 3.4393 -2.5195 1.3054 26.5108 -1.6356 0.7738
Car -1 -1 1.3309 223.4606 177.9487 375.4654 289.0024 1.7041 1.6627 3.9307 -5.7019 1.6263 12.9138 0.9254 0.6910
Car -1 -1 2.0064 330.1413 185.9761 388.6186 212.6755 1.4413 1.6040 4.0742 -13.9522 1.6164 40.7306 1.6805 0.3648
Car -1 -1 -1.4280 570.9863 174.0671 603.5716 197.4007 1.4590 1.5963 3.8191 -0.9742 0.8950 46.1993 -1.4472 0.3623
Car -1 -1 -1.4744 513.4725 176.1102 548.7335 204.1074 1.4676 1.5834 3.5839 -3.9062 1.1021 38.8511 -1.5721 0.2959
Car -1 -1 -0.1165 612.9087 165.7287 729.6143 213.1265 1.7450 1.7554 4.2477 2.5155 1.1065 26.9524 -0.0229 0.2846
Car -1 -1 1.9195 356.6014 183.8081 407.0164 206.9646 1.4269 1.6670 4.5409 -14.3054 1.4761 46.0146 1.6218 0.2323
Car -1 -1 1.9026 386.2478 181.3804 426.4055 201.8430 1.4310 1.5941 3.9942 -14.2478 1.3115 51.4882 1.6360 0.1574
