Car -1 -1 -1.7462 702.8178 179.9424 845.1912 286.1207 1.4952 1.6231 4.0590 2.5828 1.6383 12.4789 -1.5479 0.8652
Car -1 -1 -1.9319 749.4176 179.0970 1174.4147 375.0000 1.5003 1.6454 4.2116 2.4286 1.5740 6.3565 -1.5837 0.8580
Car -1 -1 2.6686 108.7010 193.2433 451.1033 329.2357 1.4459 1.6641 4.2139 -4.5846 1.8029 10.4661 2.2643 0.7258
Car -1 -1 -1.7578 676.5267 180.4884 772.8339 250.9375 1.4679 1.5849 3.6443 2.5794 1.6708 17.2868 -1.6131 0.6970
Car -1 -1 2.3648 0.0000 207.3184 103.9092 320.4978 1.4523 1.6492 4.1731 -11.3570 2.1618 12.7028 1.6456 0.6898
Car -1 -1 -1.6371 650.4413 170.6936 702.9799 220.8960 1.7915 1.7212 4.1499 2.4550 1.7148 27.8374 -1.5508 0.6230
Car -1 -1 -2.0692 405.7502 183.0056 505.1348 231.5487 1.4354 1.5826 3.8792 -5.2839 1.8035 24.1484 -2.2830 0.5098
Car -1 -1 -2.9573 457.0331 182.8626 563.7881 219.0026 1.4041 1.6329 4.0868 -4.0540 1.8257 29.4501 -3.0935 0.3634
Car -1 -1 -1.4685 629.8779 177.4230 662.6514 203.2271 1.4783 1.6213 3.8272 2.2218 1.7704 44.0599 -1.4190 0.1469
Car -1 -1 -1.6807 640.0850 179.3785 683.1473 213.9354 1.4662 1.5675 3.6542 2.2800 1.7833 33.1707 -1.6133 0.1448
Car -1 -1 1.9183 400.8807 184.0139 444.7996 208.4822 1.4237 1.5413 3.6229 -11.8001 2.1579 45.5684 1.6659 0.1425
