Cyclist -1 -1 1.2936 1208.6810 145.1367 1242.0000 265.1702 1.7916 0.5325 1.8709 10.3285 1.3783 11.7278 2.0029 0.1455
Car -1 -1 1.7847 457.0644 189.5285 547.6734 249.6451 1.4212 1.6542 4.2859 -2.9706 1.9454 20.4694 1.6416 0.8763
Car -1 -1 1.0655 956.8595 178.8459 1109.1421 240.2051 1.4293 1.6650 4.1404 11.0414 1.6071 19.2869 1.5783 0.8371
Car -1 -1 1.3367 797.0773 180.0983 849.4282 209.6310 1.4069 1.6450 4.2878 11.0037 1.8069 37.6207 1.6187 0.7305
Car -1 -1 -1.9878 880.7737 180.4599 974.5593 224.1171 1.3936 1.5672 3.9290 11.1412 1.6856 25.6919 -1.5834 0.4954
Car -1 -1 1.6678 544.2629 185.6606 576.2956 212.6938 1.4324 1.5052 3.7068 -2.8797 2.2094 41.8791 1.5990 0.4261
Car -1 -1 -2.1118 1012.9428 173.6733 1115.1189 217.4865 1.4761 1.5446 3.4609 16.2644 1.5081 26.1098 -1.5601 0.2472
Car -1 -1 -0.4010 772.1678 179.1144 845.1590 203.7293 1.4300 1.6006 3.9307 11.9212 1.8171 43.5120 -0.1358 0.2165
Car -1 -1 2.3448 1204.3280 157.2957 1242.0000 263.0910 1.5549 1.6321 3.9097 11.9823 1.3266 11.4189 3.1412 0.1311
Car -1 -1 0.8484 1163.7974 175.5187 1242.0000 243.4295 1.4601 1.5696 3.5967 15.5200 1.5315 17.4532 1.5665 0.1256
Car -1 -1 2.0107 354.0381 183.6854 386.7943 200.0051 1.4456 1.5332 3.6555 -22.6743 2.5006 68.3469 1.6912 0.1016
