Car -1 -1 1.9445 226.1664 184.9202 412.8853 289.8065 1.5003 1.6487 4.0647 -4.9562 1.7494 12.8295 1.5821 0.8687
Car -1 -1 1.8564 334.9446 179.9993 455.7094 252.3518 1.5267 1.6782 4.3039 -5.1677 1.7248 17.8056 1.5773 0.8145
Car -1 -1 2.1454 0.0000 200.5566 227.0626 375.0000 1.4244 1.6476 4.2908 -5.5134 1.7732 6.8666 1.4874 0.8016
Car -1 -1 1.1261 53.7075 184.1030 228.2447 256.7961 1.3717 1.6014 4.1761 -10.4635 1.6483 15.9399 0.5527 0.3685
Car -1 -1 -0.6710 233.8498 178.7514 361.2144 227.9252 1.4101 1.5086 3.5702 -9.9351 1.6149 23.0799 -1.0737 0.3102
Car -1 -1 1.2109 156.8634 174.9102 285.9467 239.2031 1.5307 1.6635 4.2273 -10.5238 1.5919 19.3217 0.7177 0.3086
Car -1 -1 1.3529 0.0000 177.2628 139.1234 277.4242 1.5560 1.6790 4.3289 -10.5221 1.6508 13.4189 0.6974 0.3044
Car -1 -1 1.9041 427.0132 178.1875 478.0766 209.8196 1.5425 1.5365 3.5087 -8.1917 1.8346 37.6342 1.6908 0.1598
Car -1 -1 0.4201 214.1737 164.6037 313.2031 196.0755 1.4833 1.6133 4.0052 -16.7117 1.0948 34.8579 -0.0242 0.1292
Car -1 -1 -2.3180 37.4360 160.1487 169.8245 207.5483 1.6484 1.6867 4.0141 -18.4977 1.2069 26.3441 -2.9255 0.1037
