Pedestrian -1 -1 1.8026 660.9764 168.3592 689.6907 231.9132 1.8120 0.6330 0.9710 2.0349 1.4674 20.7157 1.9006 0.6772
Pedestrian -1 -1 -1.2014 737.3554 169.3870 780.5538 263.0976 1.6953 0.5523 0.7770 2.8510 1.4959 13.2626 -0.9929 0.4604
Pedestrian -1 -1 1.5290 708.7403 169.0664 734.2406 232.3985 1.7459 0.6771 0.6555 3.2302 1.4323 19.8516 1.6894 0.3762
Pedestrian -1 -1 2.2507 695.5547 168.2687 723.2983 230.5582 1.8209 0.5488 0.6234 3.0808 1.4649 21.0769 2.3953 0.3734
Pedestrian -1 -1 -2.2910 775.5836 164.5155 825.8386 261.7078 1.7602 0.5444 0.7538 3.6202 1.4723 13.2581 -2.0288 0.2831
Pedestrian -1 -1 1.1381 1041.8467 129.2337 1137.2609 283.5109 1.8759 0.6814 0.9118 6.1528 1.2542 9.0933 1.7186 0.1370
Pedestrian -1 -1 1.0287 807.3283 157.4596 857.9352 249.5098 1.8030 0.5494 0.9774 4.5760 1.3533 14.3840 1.3320 0.1210
Car -1 -1 -1.5091 602.8837 179.8622 636.9626 208.0287 1.4467 1.6046 3.9190 0.8439 1.4153 38.3307 -1.4856 0.7155
Car -1 -1 1.7463 464.0680 183.3277 499.1384 208.5578 1.5214 1.5659 3.6916 -7.7928 1.7097 44.8961 1.5772 0.4087
Car -1 -1 1.6706 556.8591 179.3858 586.4794 201.3371 1.4836 1.6708 4.2294 -2.3067 1.4096 49.9384 1.6263 0.4027
Car -1 -1 1.6679 509.1618 181.3781 530.1665 198.2732 1.5518 1.6104 3.8110 -8.0389 1.6386 67.0583 1.5507 0.1374
