Car -1 -1 -1.8821 704.9533 178.5722 881.1720 284.2006 1.4709 1.6249 4.2525 2.8637 1.5875 12.4737 -1.6626 0.8658
Car -1 -1 -1.9233 779.7837 183.7222 1139.1992 375.0000 1.4658 1.5819 3.8186 2.7545 1.5974 6.7874 -1.5541 0.8494
Car -1 -1 2.9612 159.1633 187.1219 410.8286 285.3319 1.3743 1.5348 3.6884 -5.5012 1.6499 12.2484 2.5466 0.7346
Car -1 -1 3.1995 0.0000 182.4782 324.4503 375.0000 1.4545 1.6396 4.0641 -5.1160 1.5712 6.9507 2.5829 0.6127
Car -1 -1 -1.6157 602.8190 168.3625 657.1516 221.9842 1.7176 1.6889 4.0069 0.5770 1.5741 25.1323 -1.5937 0.3029
Car -1 -1 -2.3520 0.0000 0.0000 1242.0000 375.0000 1.4737 1.5795 3.7289 2.6732 1.6731 1.7218 -1.4295 0.2419
Car -1 -1 -1.7771 373.2186 179.9923 404.1013 199.8642 1.4887 1.6011 3.8544 -17.7271 2.0795 57.6140 -2.0746 0.2335
Car -1 -1 0.0167 479.5284 177.6143 547.7135 204.2969 1.5535 1.6873 3.9931 -5.8136 1.8476 43.4568 -0.1159 0.2326
Car -1 -1 -1.2662 457.7746 177.3583 494.9112 199.2079 1.4706 1.5699 3.6543 -9.4797 1.8029 51.2575 -1.4485 0.2175
Car -1 -1 3.8868 0.0000 197.3727 89.2012 375.0000 1.4936 1.6166 3.9705 -5.7101 1.6741 4.1778 2.9784 0.1769
Car -1 -1 1.2632 568.0860 178.7346 602.4264 197.7247 1.4697 1.6403 4.1555 -2.1025 1.9729 59.4558 1.2276 0.1268
Car -1 -1 -1.6414 411.2775 180.3401 435.5281 199.9988 1.4779 1.6132 3.8846 -15.0353 2.1012 57.9386 -1.8945 0.1247
