Car -1 -1 -1.9396 791.1996 201.3521 1163.0103 375.0000 1.4158 1.5968 4.0935 2.9934 1.7754 7.0332 -1.5538 0.8639
Car -1 -1 -1.7047 685.0278 181.9920 782.1899 260.0553 1.5981 1.6980 4.2666 2.7913 1.8464 17.4232 -1.5496 0.8605
Car -1 -1 -1.5219 579.8605 178.4053 635.7047 231.2376 1.5847 1.6715 4.2695 -0.0386 1.7885 24.2680 -1.5243 0.8399
Car -1 -1 -1.7161 661.8447 185.3750 728.0027 233.5651 1.4505 1.6395 4.3083 2.8046 1.9232 25.0316 -1.6067 0.8161
Car -1 -1 2.1216 136.4019 172.2803 266.5214 220.0039 1.4661 1.7831 4.3657 -13.6595 1.4488 24.3834 1.6154 0.7681
Car -1 -1 -1.6674 647.6451 184.3606 695.9188 221.9575 1.4082 1.6078 4.2000 2.4947 1.9276 30.4289 -1.5871 0.6465
Car -1 -1 1.9000 322.2242 174.9695 376.4473 203.6420 1.4720 1.5987 3.8910 -14.1561 1.5933 39.2868 1.5560 0.5154
Car -1 -1 -2.4211 0.0000 0.0000 1242.0000 375.0000 1.5072 1.5878 3.5198 2.5843 1.6609 1.7394 -1.5192 0.4300
Car -1 -1 1.9860 244.3576 172.9688 319.0898 211.2770 1.5309 1.5698 3.5765 -13.8883 1.5364 30.6370 1.5634 0.3848
Car -1 -1 -1.8566 631.3578 179.9524 677.1829 209.0836 1.4844 1.5724 3.5070 2.3436 1.8926 39.5674 -1.7985 0.2395
