Pedestrian -1 -1 0.5622 889.1642 162.6825 952.1631 258.3899 1.8196 0.6324 0.9489 6.2042 1.4825 14.0077 0.9724 0.9008
Pedestrian -1 -1 0.4535 569.0167 170.1307 604.0316 229.3590 1.6772 0.5330 0.8663 -0.5666 1.3852 20.4394 0.4280 0.5455
Pedestrian -1 -1 1.0495 1151.3022 177.4974 1177.0927 214.2100 1.6769 0.6127 0.8092 25.8676 1.5412 32.7349 1.7150 0.1053
Cyclist -1 -1 -0.8312 45.2495 153.7429 159.7266 259.7939 1.7949 0.5594 1.9026 -9.1721 1.3437 12.9421 -1.4343 0.8455
Cyclist -1 -1 -3.5788 1166.2527 174.9034 1224.0000 217.8365 1.7091 0.5726 1.8348 23.9428 1.4878 28.6501 -2.8866 0.1143
Car -1 -1 -2.1426 926.4702 182.1464 1010.7968 215.2192 1.4033 1.5491 3.8720 16.4340 1.4844 32.1996 -1.6731 0.6240
Car -1 -1 1.0800 986.6041 182.2950 1073.0717 216.8865 1.4845 1.6523 4.1246 19.4756 1.5741 32.6513 1.6150 0.5071
Car -1 -1 -1.5533 608.4529 176.1557 633.3597 199.4976 1.4393 1.5343 3.4425 1.0484 1.1727 45.3434 -1.5287 0.4159
Car -1 -1 0.8427 1117.8136 184.3458 1224.0000 217.7608 1.4153 1.6583 4.1443 26.0050 1.6053 32.5452 1.5136 0.4032
Car -1 -1 2.4610 919.2114 181.6244 1067.0798 227.7492 1.4432 1.6198 4.2100 12.7528 1.4837 23.3583 2.9566 0.1088
Car -1 -1 -0.8370 1157.5731 172.8308 1224.0000 195.7221 1.4543 1.5837 3.5627 38.2069 0.9684 45.9554 -0.1452 0.1069
Car -1 -1 -0.9580 6.6954 172.0554 204.0396 260.7944 1.4586 1.5164 2.9963 -9.1172 1.3214 13.1287 -1.5518 0.1026
