Car -1 -1 -1.7269 670.3613 176.5273 773.9400 256.3797 1.4761 1.5779 3.6275 2.2036 1.5638 15.3302 -1.5878 0.8982
Car -1 -1 -2.0937 109.2500 200.1136 426.5253 357.3644 1.4316 1.6852 4.3315 -4.5105 1.8503 9.1506 -2.5409 0.8734
Car -1 -1 2.2122 0.0000 198.4807 152.2411 295.8186 1.5793 1.7098 4.2665 -11.7390 2.1880 14.9797 1.5559 0.7602
Car -1 -1 2.7507 394.5978 181.7084 525.9218 225.0296 1.3776 1.6128 4.2638 -5.3025 1.7146 25.5645 2.5477 0.7247
Car -1 -1 -1.6636 626.8409 170.3180 677.5696 217.2442 1.7508 1.6634 3.7439 1.5792 1.6566 28.8211 -1.6101 0.7089
Car -1 -1 0.8773 307.1323 190.1163 488.5872 269.3069 1.3893 1.5551 3.8259 -4.5464 1.7921 15.1103 0.5891 0.5342
Car -1 -1 -2.3818 969.4630 184.5295 1242.0000 375.0000 1.4420 1.5763 3.7755 2.6250 1.5061 2.0204 -1.5353 0.4954
Car -1 -1 1.6224 605.6813 174.4699 631.6349 196.5255 1.5094 1.6517 4.2690 0.6318 1.6308 51.8790 1.6341 0.2557
Car -1 -1 2.0522 118.0227 200.6239 245.4818 262.7305 1.4275 1.5460 3.5631 -11.7703 2.2682 20.0183 1.5261 0.2200
Car -1 -1 0.9601 182.0455 196.9247 392.8436 302.5331 1.5010 1.5758 3.6089 -5.7179 1.9749 12.5883 0.5410 0.1196
