Car -1 -1 -1.7779 740.2466 180.9590 951.9041 328.1566 1.4643 1.6528 4.3512 2.7761 1.5980 9.6439 -1.5070 0.8967
Car -1 -1 -1.7645 690.9324 178.9682 804.9877 256.0469 1.4415 1.6188 4.2922 2.8412 1.5958 15.9982 -1.5928 0.8738
Car -1 -1 -1.6713 662.2493 179.2384 720.0443 224.2036 1.4523 1.6224 4.2776 2.8006 1.7022 26.0532 -1.5662 0.8605
Car -1 -1 -1.3985 478.0632 181.0891 542.4416 225.1599 1.4587 1.6511 4.3351 -3.6669 1.7911 26.8974 -1.5333 0.8459
Car -1 -1 -0.7064 0.0000 212.1873 214.7357 375.0000 1.4532 1.6263 4.0421 -3.4426 1.7094 2.6687 -1.5696 0.4182
Car -1 -1 1.9273 350.1424 173.5202 436.6743 222.4188 1.7223 1.7531 4.3729 -8.2359 1.7503 27.7143 1.6406 0.3305
Car -1 -1 1.7409 542.9140 178.4003 572.3401 199.3268 1.4435 1.5401 3.7104 -3.8176 1.8638 52.7089 1.6685 0.2816
Car -1 -1 1.5924 646.2883 175.8510 680.2612 208.6332 1.5580 1.6322 4.1040 2.7189 1.7200 36.7959 1.6651 0.2403
Car -1 -1 1.8702 487.7555 170.6785 524.7280 194.8070 1.7566 1.6503 4.0525 -7.8388 1.5986 54.6578 1.7281 0.1717
Car -1 -1 -0.3619 1164.4489 158.8843 1242.0000 353.6438 1.4654 1.5969 4.0137 8.0346 1.3606 7.0444 0.4683 0.1388
