Pedestrian -1 -1 -2.6958 517.5092 166.8182 562.0151 240.1645 1.6737 0.6344 0.8486 -1.5639 1.3631 16.5740 -2.7863 0.4231
Pedestrian -1 -1 0.6792 418.4160 169.8502 446.0568 219.6344 1.7313 0.5392 0.7855 -6.1351 1.3624 24.9948 0.4432 0.1969
Pedestrian -1 -1 -1.0665 651.6378 171.2307 673.0551 210.4752 1.6460 0.6123 0.7749 2.4261 1.2587 30.1415 -0.9853 0.1160
Pedestrian -1 -1 2.5191 943.7535 173.4343 966.4347 210.2877 1.6896 0.5385 0.7717 16.1928 1.3672 32.7407 2.9761 0.1016
Cyclist -1 -1 -1.1936 516.1859 167.4720 566.9839 246.2457 1.7544 0.5653 1.8113 -1.5080 1.4659 16.6911 -1.2803 0.4838
Cyclist -1 -1 -2.7402 639.9020 169.9118 684.2526 211.8453 1.7505 0.5607 1.8116 2.4099 1.3100 30.1782 -2.6597 0.4417
Car -1 -1 2.3664 1068.0465 177.9981 1200.4235 219.3521 1.5550 1.6999 4.1621 20.6684 1.4624 27.7097 3.0033 0.5985
Car -1 -1 -2.1418 926.2911 182.2058 1010.9652 215.4991 1.4127 1.5584 3.8901 16.4407 1.4967 32.2151 -1.6723 0.5859
Car -1 -1 1.0734 987.7170 181.7722 1074.4906 216.2069 1.4776 1.6399 4.1114 19.4881 1.5415 32.5749 1.6097 0.5238
Car -1 -1 -1.5708 608.8613 176.1774 633.6442 199.3049 1.4267 1.5290 3.4504 1.0410 1.1614 45.3541 -1.5464 0.4158
Car -1 -1 -1.9873 875.9909 180.7607 946.4442 215.6571 1.5011 1.6026 3.6277 13.8655 1.5151 32.2605 -1.5834 0.3420
Car -1 -1 0.4896 636.1223 175.9229 729.2225 213.0998 1.4843 1.5697 3.5952 3.2380 1.3031 29.8852 0.5980 0.1075
