Car -1 -1 -1.7513 722.9973 180.8541 838.3962 263.4922 1.4238 1.5618 3.8764 3.2876 1.6098 14.7724 -1.5375 0.8926
Car -1 -1 2.1587 62.3085 191.8473 241.5844 275.0622 1.5985 1.6258 3.8136 -10.4053 2.0889 16.6767 1.6077 0.8575
Car -1 -1 -1.6621 683.1594 175.8225 734.0222 218.0398 1.5190 1.6122 3.6570 3.7287 1.6425 28.0774 -1.5320 0.8045
Car -1 -1 -2.3390 446.6933 182.8417 571.0146 232.5026 1.3547 1.5349 3.8515 -3.2063 1.6870 22.1866 -2.4815 0.5860
Car -1 -1 -2.2571 951.0521 187.1483 1242.0000 375.0000 1.4867 1.5902 3.7838 2.6459 1.5738 2.4229 -1.4870 0.5219
Car -1 -1 0.9290 379.8466 188.8414 542.0040 261.4459 1.3713 1.5564 3.8982 -3.5008 1.7747 16.3191 0.7202 0.5070
Car -1 -1 1.0528 238.0865 194.9424 460.0434 318.4941 1.4181 1.5070 3.5330 -3.9774 1.7958 10.6080 0.7014 0.4975
Car -1 -1 2.6301 503.0879 177.1711 586.9526 206.6200 1.4722 1.6413 4.1876 -3.4721 1.7139 38.4757 2.5402 0.3258
Car -1 -1 1.6314 0.0000 198.0975 183.2271 375.0000 1.4684 1.5611 3.5375 -3.4307 1.6683 3.8138 0.9327 0.3044
Car -1 -1 -1.6322 660.9911 170.1872 693.6519 202.3292 1.7707 1.6325 3.8510 3.8119 1.6241 41.6938 -1.5421 0.2050
