Pedestrian -1 -1 2.3729 336.9858 170.2298 422.0655 307.6324 1.8196 0.6364 0.9672 -3.2738 1.7852 10.1291 2.0669 0.6940
Pedestrian -1 -1 3.1367 289.2792 169.1096 360.6989 304.0671 1.8411 0.5745 0.9220 -4.1063 1.7904 10.2774 2.7646 0.1382
Car -1 -1 2.0724 0.0000 178.0107 350.9362 374.4538 1.6790 1.8250 4.4631 -4.8227 1.7562 8.5139 1.5697 0.8110
Car -1 -1 1.8717 358.4900 193.1019 457.2065 255.2442 1.3744 1.4925 3.5482 -5.2319 1.9564 18.9259 1.6049 0.7435
Car -1 -1 1.7777 450.6802 186.5251 508.1575 226.1302 1.4444 1.5536 3.8828 -5.3285 2.0435 29.6319 1.6007 0.5805
Car -1 -1 1.7896 393.0702 187.6093 467.1650 238.4769 1.4505 1.5594 3.7550 -5.8238 1.9716 23.5650 1.5493 0.5063
Car -1 -1 0.9165 275.5453 184.4183 378.2412 225.8049 1.4193 1.5795 3.9014 -10.8061 1.8854 27.3680 0.5433 0.4001
Car -1 -1 0.7375 13.9213 183.9557 146.4653 224.8181 1.4395 1.6217 3.9368 -19.8095 1.8709 26.9906 0.1089 0.2953
Car -1 -1 0.4150 246.5211 169.0423 328.2379 197.0218 1.6348 1.6960 4.1136 -19.2172 1.4124 43.0095 -0.0031 0.2569
Car -1 -1 0.7666 230.1835 183.9913 357.8895 230.8086 1.4656 1.6258 4.0088 -10.8743 1.8705 24.7406 0.3560 0.2323
Car -1 -1 2.2143 74.4138 186.9402 218.5004 238.9516 1.4174 1.6661 4.1784 -14.6069 1.9083 22.9756 1.6530 0.2294
Car -1 -1 0.2923 354.0025 169.8629 410.7085 189.6570 1.5785 1.6552 4.0726 -18.4130 1.3403 58.3881 -0.0121 0.2121
