Car -1 -1 -1.8636 756.0733 184.5822 996.4664 335.1310 1.4597 1.6373 4.1830 3.0739 1.6474 9.4220 -1.5587 0.9022
Car -1 -1 -1.7609 675.7841 182.0664 750.2233 234.4188 1.4273 1.5549 3.7992 3.0411 1.7371 22.2930 -1.6279 0.8525
Car -1 -1 -1.7852 706.1424 181.6902 838.4811 268.7183 1.4634 1.6615 4.4151 3.0778 1.6723 14.8003 -1.5851 0.8395
Car -1 -1 2.1621 57.3569 191.1301 183.0124 240.6235 1.4578 1.6036 3.9654 -16.6426 2.1342 24.7011 1.5740 0.7598
Car -1 -1 2.1607 161.7513 190.3486 250.3878 228.4147 1.3973 1.4954 3.5272 -16.7203 2.1687 29.9762 1.6553 0.6797
Car -1 -1 2.2239 0.0000 195.5508 79.4430 259.1455 1.4288 1.5880 3.9224 -16.6535 2.1094 19.6261 1.5268 0.5995
Car -1 -1 1.9837 223.3836 186.5830 294.7073 219.4788 1.4302 1.5878 4.1531 -17.0699 2.1409 35.2266 1.5351 0.5768
Car -1 -1 1.7897 286.6840 184.8368 335.0273 213.3122 1.4285 1.6077 4.2142 -16.6575 2.1344 40.2690 1.3995 0.3982
Car -1 -1 -1.7533 665.9148 180.5350 727.3152 224.7135 1.4959 1.6000 3.7932 3.1263 1.8050 27.0528 -1.6402 0.3539
Car -1 -1 1.9789 367.8037 180.8862 411.5833 203.9956 1.6498 1.6731 4.1960 -16.8216 2.2890 55.2027 1.6841 0.3242
Car -1 -1 -1.6992 655.9613 178.6708 702.2568 215.6205 1.5099 1.5725 3.5877 2.9565 1.7819 31.8774 -1.6082 0.2357
Car -1 -1 1.6532 414.4504 180.9314 436.7812 199.7461 1.6388 1.6681 4.1770 -17.0893 2.4131 66.9305 1.4039 0.1958
