Pedestrian -1 -1 0.9722 313.4031 164.3132 356.4080 238.3073 1.7157 0.5641 0.8808 -6.4354 1.2813 16.8741 0.6157 0.6084
Pedestrian -1 -1 1.6139 415.1019 165.2186 440.2818 230.0616 1.7919 0.6569 0.7500 -4.9734 1.2989 19.9653 1.3751 0.2647
Pedestrian -1 -1 1.5709 388.9932 165.6613 412.4407 229.3297 1.7385 0.6185 0.7345 -5.6759 1.2635 19.7385 1.2967 0.1647
Pedestrian -1 -1 1.4264 1076.5417 141.0980 1226.0000 370.0000 1.7860 0.6241 0.6930 3.1539 1.5671 4.1522 2.0409 0.1318
Pedestrian -1 -1 0.8516 340.7725 163.5626 376.4428 234.3197 1.7240 0.5248 0.6778 -6.1235 1.2491 17.6187 0.5242 0.1145
Cyclist -1 -1 1.8113 434.9458 166.7163 476.3382 241.2168 1.6896 0.5480 1.8254 -3.5423 1.3193 16.9530 1.6105 0.7641
Cyclist -1 -1 -0.3227 990.2651 131.7156 1226.0000 370.0000 1.7524 0.5390 1.7626 3.2426 1.4933 4.1046 0.3100 0.2394
Cyclist -1 -1 1.9650 0.0000 154.6785 128.8621 370.0000 1.6635 0.5264 1.8089 -3.4342 1.5387 4.0732 1.3026 0.1188
Car -1 -1 1.5590 637.6872 171.9685 670.7690 204.1918 1.6674 1.7097 4.1964 2.7776 1.0923 38.7281 1.6317 0.6811
Car -1 -1 2.1221 0.0000 200.1816 191.2830 370.0000 1.4486 1.5221 3.5552 -3.4174 1.5743 3.2402 1.3582 0.1675
Car -1 -1 0.7349 1002.0299 162.4911 1226.0000 370.0000 1.5301 1.6005 3.4264 3.4342 1.4952 2.9774 1.5407 0.1320
Car -1 -1 1.8915 357.9393 179.8073 470.7851 249.7574 1.4446 1.5491 3.2149 -4.2501 1.3778 16.2551 1.6420 0.1132
