Car -1 -1 -1.7953 710.6505 184.0668 885.1317 301.9211 1.4266 1.6007 4.2848 2.6273 1.6357 11.2838 -1.5734 0.9346
Car -1 -1 -1.6890 672.6685 179.9694 763.4735 252.0969 1.4438 1.5819 4.0240 2.3495 1.6305 16.8654 -1.5539 0.8925
Car -1 -1 -1.7043 648.1968 177.3820 716.5714 231.9261 1.4949 1.5630 3.6988 2.0713 1.6449 21.9646 -1.6123 0.7765
Car -1 -1 3.6345 0.0000 191.7501 322.7774 296.2392 1.3869 1.6386 4.0621 -6.7190 1.6952 10.8316 3.0898 0.7733
Car -1 -1 3.3397 300.7791 183.3421 438.1152 233.1154 1.4093 1.5995 3.7035 -7.2411 1.7422 21.8667 3.0230 0.7575
Car -1 -1 1.6863 503.0263 178.0213 549.0603 214.0720 1.4643 1.5885 3.7330 -3.6707 1.7052 31.7078 1.5715 0.7552
Car -1 -1 3.3142 318.6705 175.8049 459.9097 226.2681 1.6418 1.7275 4.3935 -7.4984 1.7479 24.7225 3.0223 0.6275
Car -1 -1 0.4877 152.1095 187.5091 406.8532 270.5804 1.4060 1.6052 4.0551 -6.1119 1.6994 13.4820 0.0689 0.5176
Car -1 -1 -1.7114 638.7059 176.6141 695.6967 222.1586 1.5209 1.5611 3.5514 1.9670 1.6674 26.2180 -1.6381 0.4339
Car -1 -1 2.5219 0.0000 224.2129 156.0113 375.0000 1.3931 1.5721 4.0978 -4.7026 1.8185 3.8521 1.6714 0.2950
Car -1 -1 3.1237 401.9123 177.0656 495.3806 212.8025 1.5788 1.6764 4.1310 -7.5108 1.7821 33.4797 2.9042 0.2249
Car -1 -1 3.3440 370.6168 176.8695 479.3721 215.0289 1.5699 1.6957 4.2459 -7.8742 1.7471 30.8249 3.0955 0.1933
Car -1 -1 -1.6752 630.1188 176.4620 674.9175 212.2319 1.4882 1.5971 3.8482 1.8093 1.6602 32.3734 -1.6204 0.1883
