Pedestrian -1 -1 1.2628 420.8463 157.8922 459.8298 239.2654 1.8528 0.6408 0.9443 -3.9273 1.3396 16.6631 1.0374 0.8687
Pedestrian -1 -1 0.9248 832.7874 154.0953 900.1395 268.7473 1.8297 0.6456 0.8883 4.3044 1.4100 11.7991 1.2677 0.8334
Pedestrian -1 -1 1.0526 805.2399 159.0835 868.5444 273.7562 1.7893 0.6160 0.8881 3.7199 1.4568 11.5263 1.3585 0.8232
Pedestrian -1 -1 -1.9297 305.7332 159.4131 336.7871 222.9494 1.8049 0.5901 0.8246 -8.2983 1.2074 20.5836 -2.3057 0.3878
Pedestrian -1 -1 -1.8078 280.2491 158.3376 309.5199 223.5170 1.8110 0.5842 0.8533 -8.8809 1.1968 20.1571 -2.2151 0.3135
Pedestrian -1 -1 -1.0449 691.6921 165.2646 724.1966 227.4981 1.7845 0.6487 0.7670 2.9937 1.3492 20.7707 -0.9023 0.1491
Cyclist -1 -1 -2.7741 672.1754 161.8609 739.4064 227.1839 1.8652 0.5892 1.8807 2.9369 1.3345 20.8973 -2.6348 0.5467
Cyclist -1 -1 -0.5673 1111.7351 170.3947 1198.9475 236.1913 1.7892 0.5876 1.8920 15.1985 1.5160 19.5958 0.0860 0.5395
Cyclist -1 -1 -0.1431 284.5198 159.1701 354.5381 221.2157 1.7450 0.6168 1.8257 -8.3446 1.1467 20.6022 -0.5206 0.1674
Car -1 -1 -2.2274 1026.9492 182.2977 1155.9138 227.8671 1.4155 1.5505 3.8803 16.3828 1.4834 24.1005 -1.6350 0.7698
Car -1 -1 -2.0989 959.6711 180.6214 1067.0797 227.4841 1.4824 1.5770 3.5558 13.7931 1.4884 24.1587 -1.5843 0.6947
Car -1 -1 -1.5993 602.7262 174.9067 634.3329 203.7993 1.4440 1.5537 3.6301 0.6584 1.1659 37.1530 -1.5800 0.6386
Car -1 -1 1.0632 1108.2635 181.8248 1224.0000 228.7843 1.4770 1.6177 4.0421 19.3916 1.5283 24.4756 1.7284 0.6176
