Pedestrian -1 -1 1.0287 669.3284 161.0684 740.7936 294.6790 1.7607 0.6120 0.8832 1.3611 1.4717 9.8387 1.1629 0.8213
Pedestrian -1 -1 1.3066 606.0711 166.0453 666.2118 299.0943 1.7432 0.6131 0.8891 0.3965 1.5210 9.7595 1.3469 0.7354
Pedestrian -1 -1 1.8591 683.4302 167.2387 756.7119 336.6000 1.6538 0.5509 0.8286 1.1886 1.5002 7.3907 2.0128 0.6899
Pedestrian -1 -1 1.0588 652.5787 168.2475 725.3350 309.4145 1.6335 0.5538 0.8104 0.9921 1.4630 8.6571 1.1698 0.6843
Pedestrian -1 -1 -2.2210 893.8262 155.1777 1020.7225 363.5267 1.7166 0.6088 0.8558 3.0780 1.4879 6.3025 -1.7853 0.6621
Pedestrian -1 -1 1.1318 612.7325 171.9174 684.1750 322.0627 1.6390 0.5266 0.8094 0.4645 1.5183 8.1866 1.1872 0.6523
Pedestrian -1 -1 1.6288 769.4787 168.1747 830.7300 351.9391 1.6325 0.5302 0.8493 1.8499 1.5012 6.7610 1.8850 0.6075
Pedestrian -1 -1 1.7028 895.0286 163.3072 994.0535 370.0000 1.6552 0.5946 0.7808 2.5347 1.5210 5.3250 2.1252 0.5648
Pedestrian -1 -1 1.1926 400.8172 168.7126 425.6331 215.7505 1.7406 0.6385 0.8481 -7.1865 1.2092 26.6895 0.9342 0.5032
Pedestrian -1 -1 -2.6699 321.7916 166.8710 353.6091 224.6793 1.7278 0.5430 0.7372 -8.0689 1.2438 21.4404 -3.0234 0.2831
Pedestrian -1 -1 1.2783 385.2893 168.4536 407.5317 216.8205 1.7593 0.5889 0.7960 -7.6815 1.2276 26.2079 0.9982 0.2016
Cyclist -1 -1 1.7643 468.3604 171.2959 494.4855 223.1882 1.7112 0.5397 1.8186 -4.1728 1.3230 24.2264 1.5975 0.4987
Cyclist -1 -1 1.5959 495.0421 172.2109 507.3930 209.5560 1.7109 0.5287 1.7922 -4.7961 1.2130 33.3087 1.4560 0.3550
Car -1 -1 2.1853 0.0000 198.9740 347.8601 370.0000 1.4820 1.6487 4.0650 -3.2503 1.6295 4.4580 1.5887 0.6746
Car -1 -1 1.7116 609.9382 172.1797 649.1678 202.9614 1.7529 1.7655 4.3140 1.6581 1.1318 42.5396 1.7520 0.5824
Car -1 -1 -2.1415 1004.8975 183.1561 1131.2056 236.6571 1.5807 1.6588 3.6408 14.7517 1.5837 22.7089 -1.5702 0.4799
Car -1 -1 -2.2456 1096.2606 189.9359 1226.0000 241.7073 1.4311 1.5261 3.4646 17.1339 1.6593 21.7416 -1.5838 0.2964
