Car -1 -1 1.2777 600.5693 178.9361 691.8130 229.4800 1.4641 1.7649 4.4636 1.0284 1.6856 23.8519 1.3195 0.8235
Car -1 -1 2.1387 289.0371 189.2858 405.4654 238.8359 1.4088 1.6236 4.2677 -8.7320 2.0135 24.2731 1.7964 0.7520
Car -1 -1 1.1039 664.7175 176.9313 762.1595 221.5352 1.4379 1.6806 4.3268 3.5644 1.5983 26.0010 1.2380 0.7512
Car -1 -1 -1.9257 0.0000 188.9874 127.5889 277.8217 1.6005 1.7112 4.2129 -12.4058 1.9882 15.4903 -2.5927 0.7049
Car -1 -1 1.9984 250.9478 189.4458 340.9932 233.0907 1.3708 1.5245 3.8075 -11.2609 2.0142 26.0405 1.5936 0.5571
Car -1 -1 1.8052 423.8715 187.8247 500.1049 240.8850 1.4388 1.5171 3.5978 -4.5517 1.9422 22.4173 1.6065 0.4658
Car -1 -1 2.0738 200.0161 189.2579 297.7120 232.2170 1.4283 1.6013 3.9833 -13.7061 2.1014 27.5600 1.6158 0.4568
Car -1 -1 1.9797 560.0175 187.6484 621.7389 220.9168 1.4257 1.5637 3.8974 -0.8983 2.1845 34.8859 1.9535 0.3395
Car -1 -1 2.0966 407.7341 191.3279 469.8791 221.2977 1.4749 1.5813 3.9965 -9.5223 2.5617 40.2883 1.8655 0.2830
Car -1 -1 2.3521 151.5899 191.0293 261.3916 233.7173 1.4696 1.5773 3.7975 -15.9256 2.2423 28.6181 1.8479 0.2741
Car -1 -1 2.1544 521.7178 189.0628 590.6952 220.2264 1.3800 1.5248 3.9605 -2.6745 2.2416 36.2345 2.0806 0.1928
Car -1 -1 0.7605 769.5317 172.0303 868.7510 208.8623 1.5438 1.6968 4.2963 9.2897 1.5096 32.5204 1.0359 0.1816
