Pedestrian -1 -1 0.9720 443.8423 153.9046 513.1710 277.5132 1.8757 0.6458 0.9915 -2.0754 1.4738 11.3047 0.7972 0.8016
Pedestrian -1 -1 0.8694 377.7482 153.9722 445.9363 281.6255 1.8272 0.5808 0.8428 -2.9425 1.4492 10.5948 0.6080 0.6741
Pedestrian -1 -1 2.8856 718.2301 157.5442 756.9720 222.6909 1.8073 0.5898 0.9542 3.6987 1.1720 19.9394 3.0679 0.6572
Pedestrian -1 -1 -0.0999 626.3010 159.2484 659.9554 230.1482 1.7657 0.6551 0.7903 0.9238 1.2381 17.9499 -0.0476 0.5988
Pedestrian -1 -1 1.5802 300.5378 160.8266 345.5833 292.6495 1.6855 0.5410 0.5780 -3.7905 1.4357 9.4015 1.2104 0.5738
Pedestrian -1 -1 2.2362 775.6703 166.0188 864.1028 340.3592 1.6884 0.6277 0.6142 2.1575 1.5499 7.2769 2.5145 0.4016
Pedestrian -1 -1 2.2194 476.8129 158.9436 500.7601 203.3925 1.8760 0.6594 0.8091 -5.0067 0.9677 30.3490 2.0595 0.1866
Pedestrian -1 -1 -0.9627 576.4702 160.1115 601.1376 201.3257 1.8317 0.7301 0.9048 -0.7489 0.9270 31.9968 -0.9840 0.1556
Pedestrian -1 -1 -0.9663 522.3569 161.5248 546.4330 204.5835 1.8494 0.6331 0.9267 -3.1044 1.0359 30.9227 -1.0635 0.1259
Cyclist -1 -1 0.8964 749.9963 165.8866 905.2643 351.3588 1.6621 0.5095 1.7456 2.1509 1.5329 7.2349 1.1754 0.2492
Car -1 -1 1.8600 683.6342 166.3726 726.0867 191.0785 1.5264 1.6053 4.1681 6.5304 0.6549 45.9076 2.0021 0.1359
