Cyclist -1 -1 0.9858 0.0000 136.2148 233.1892 375.0000 1.8029 0.5478 1.8114 -3.3770 1.5979 4.6335 0.3824 0.2033
Car -1 -1 1.9736 239.3055 192.5672 404.3263 284.8305 1.3828 1.5260 3.5841 -5.2068 1.7992 13.4087 1.6092 0.8822
Car -1 -1 1.7866 410.4670 183.3523 485.6529 231.6114 1.4190 1.5923 4.1691 -5.3696 1.8019 24.2053 1.5700 0.7952
Car -1 -1 1.8136 323.5737 183.4817 430.7010 250.1651 1.4226 1.6133 4.0012 -5.7353 1.7195 18.0877 1.5102 0.7629
Car -1 -1 1.2670 0.0000 182.5778 150.5982 268.2409 1.4419 1.5429 3.6421 -10.7506 1.6568 14.2223 0.6286 0.6631
Car -1 -1 1.0371 59.1609 179.8279 238.1843 249.3562 1.4211 1.6222 4.1566 -10.7864 1.5995 16.7469 0.4719 0.6544
Car -1 -1 1.0069 137.9339 176.9146 281.6004 237.3442 1.4709 1.6096 3.7858 -10.8290 1.5896 19.3958 0.5032 0.5661
Car -1 -1 1.7539 437.8352 181.0598 499.3294 221.9537 1.4835 1.6779 4.3056 -5.6731 1.8405 29.1974 1.5631 0.4382
Car -1 -1 1.0071 196.7243 178.2590 319.9590 231.3035 1.4549 1.5566 3.8066 -10.6977 1.6310 21.7915 0.5553 0.2967
Car -1 -1 -0.7692 354.4631 175.1333 432.1789 206.6234 1.4244 1.4839 3.5618 -10.4344 1.5409 34.8285 -1.0586 0.1750
Car -1 -1 2.5091 0.0000 182.2133 110.3102 254.9717 1.4607 1.6248 4.2514 -14.6412 1.7151 17.3229 1.8149 0.1513
