Pedestrian -1 -1 0.9331 786.4435 147.2642 868.6083 286.3633 1.8930 0.6620 0.9962 3.1432 1.4424 10.1981 1.2251 0.8594
Pedestrian -1 -1 1.0102 830.8629 150.1216 910.4429 284.3517 1.8614 0.6531 0.9982 3.8228 1.4418 10.3573 1.3556 0.8516
Pedestrian -1 -1 0.8894 755.2143 153.2950 834.0412 294.5537 1.8248 0.6387 0.8573 2.5277 1.4750 9.6515 1.1393 0.7968
Pedestrian -1 -1 0.6977 908.1915 144.5121 1011.9708 304.0498 1.8196 0.6237 0.9496 4.2603 1.4108 8.6206 1.1440 0.7491
Pedestrian -1 -1 1.2733 447.6623 165.9540 472.0342 218.7335 1.7588 0.6031 0.8090 -4.9724 1.2756 24.0558 1.0739 0.6485
Pedestrian -1 -1 1.2839 430.8381 166.5642 453.9622 219.5396 1.7266 0.5794 0.6860 -5.4334 1.2739 23.4800 1.0613 0.6328
Pedestrian -1 -1 0.6286 938.1399 148.0000 1037.7087 300.2350 1.8095 0.5790 0.9478 4.7817 1.4249 8.9526 1.1063 0.2721
Pedestrian -1 -1 1.6971 310.5244 162.4788 326.7668 201.0089 1.8831 0.6537 0.7523 -14.1859 1.0038 34.9976 1.3170 0.1847
Car -1 -1 -2.2167 1031.2692 183.0266 1153.2925 228.1051 1.3997 1.5199 3.6130 16.3618 1.4936 23.9996 -1.6229 0.8139
Car -1 -1 1.0221 1110.4292 182.6221 1224.0000 229.3708 1.4676 1.5878 3.8133 19.3733 1.5482 24.3583 1.6892 0.7168
Car -1 -1 -1.5847 603.1245 174.7977 634.4630 203.3462 1.4269 1.5664 3.7093 0.6862 1.1433 37.1940 -1.5647 0.6961
Car -1 -1 -2.1642 955.7393 181.4674 1067.3826 226.9553 1.4323 1.5765 3.5387 13.7335 1.4694 24.1629 -1.6515 0.6665
