Car -1 -1 0.3971 329.1578 178.8354 576.6880 271.6218 1.4532 1.6130 3.9066 -2.7232 1.5676 12.6038 0.1877 0.8772
Car -1 -1 -1.8080 838.0846 185.0769 1007.3768 294.0435 1.4875 1.6491 4.1769 5.1197 1.7370 12.5211 -1.4291 0.8569
Car -1 -1 -1.7055 811.9472 186.2130 902.1315 252.8153 1.4106 1.5743 4.0348 6.0706 1.7884 18.2582 -1.3902 0.8203
Car -1 -1 -1.8412 890.7261 175.6590 1242.0000 375.0000 1.6491 1.6658 4.0130 3.9256 1.6854 7.1019 -1.3549 0.7881
Car -1 -1 0.1545 570.9066 180.1595 674.4600 212.9151 1.4078 1.6633 4.4985 0.5672 1.7519 32.7466 0.1710 0.6923
Car -1 -1 -1.7468 777.6224 183.9530 836.2740 221.9191 1.4150 1.6177 4.3594 8.1766 1.9180 30.4377 -1.4874 0.6135
Car -1 -1 -1.6946 800.2413 184.3492 867.4004 234.9241 1.4315 1.5741 3.8915 7.1188 1.8373 23.4006 -1.4035 0.6101
Car -1 -1 0.3621 413.4554 173.6927 606.0088 255.4638 1.5763 1.6080 3.6667 -2.1028 1.5956 15.1241 0.2255 0.5644
Car -1 -1 0.3565 464.7671 181.5983 638.8094 244.7742 1.4136 1.6080 3.9740 -1.4586 1.6459 17.8192 0.2752 0.5235
Car -1 -1 -2.9949 605.9882 179.1751 692.2717 209.1945 1.5190 1.6868 4.3758 2.0642 1.8660 38.2992 -2.9421 0.4838
Car -1 -1 0.8872 1072.9932 0.0000 1242.0000 375.0000 1.6770 1.7187 3.9885 3.1298 1.5363 2.1879 1.7861 0.2845
