Car -1 -1 -0.6399 911.6883 182.9194 1242.0000 329.4445 1.4350 1.6060 3.7783 5.5541 1.5610 8.0965 -0.0563 0.8685
Car -1 -1 1.9071 250.2403 178.4475 419.1997 268.4309 1.4502 1.6860 4.3182 -5.1636 1.5764 14.0625 1.5607 0.8347
Car -1 -1 -0.5657 840.3490 179.8212 1143.5696 290.4112 1.4816 1.5928 3.7506 5.5263 1.5956 10.7746 -0.1037 0.7733
Car -1 -1 2.8302 728.1302 174.6046 896.3309 238.7639 1.5324 1.6497 3.7552 4.9676 1.5792 18.1986 3.0918 0.7522
Car -1 -1 1.8014 410.9287 178.3524 491.2235 226.4209 1.4508 1.6979 4.3305 -5.3120 1.6541 24.4533 1.5892 0.6905
Car -1 -1 2.5352 775.1647 175.1652 1011.1569 264.1860 1.5239 1.6487 3.9487 5.2732 1.5723 13.6975 2.8947 0.6700
Car -1 -1 -0.0587 675.1440 174.5351 800.8854 218.8744 1.5147 1.7178 4.2929 4.4585 1.5777 25.8171 0.1097 0.6284
Car -1 -1 -0.4274 764.7388 176.6964 959.1672 249.5514 1.5008 1.5952 3.7351 5.4413 1.5913 15.9538 -0.1051 0.6061
Car -1 -1 1.6692 473.3625 177.3355 514.0529 209.7776 1.4529 1.5665 3.8491 -5.5962 1.6818 34.8237 1.5106 0.5853
Car -1 -1 2.4181 0.0000 98.9503 239.7635 375.0000 1.7984 1.7273 4.3380 -4.5302 1.5605 4.5645 1.6654 0.4568
Car -1 -1 1.7076 634.4076 173.4002 664.0319 196.1822 1.5180 1.5707 3.6904 2.7299 1.5578 50.1289 1.7613 0.2689
Car -1 -1 -0.2639 672.6930 170.4058 793.6166 214.0444 1.6641 1.7649 4.4158 4.7865 1.5711 28.6112 -0.1004 0.2589
Car -1 -1 -0.4860 714.7962 175.4386 859.9206 229.9311 1.4867 1.5918 3.8119 5.0977 1.5670 21.0479 -0.2523 0.2431
