Pedestrian -1 -1 1.3684 685.3735 168.2643 713.1462 231.4924 1.8311 0.6316 0.9663 2.5923 1.6985 21.4009 1.4865 0.7382
Car -1 -1 -1.9856 753.8027 190.1025 920.5264 283.8960 1.3575 1.5021 3.5197 3.8403 1.7119 12.9633 -1.7049 0.9144
Car -1 -1 -1.2397 235.5928 184.4497 457.5415 328.3933 1.4499 1.5420 3.5902 -3.1967 1.6297 9.3579 -1.5613 0.8683
Car -1 -1 -1.7884 726.0342 184.8355 826.0525 253.2596 1.4168 1.5539 3.6461 3.8306 1.7366 17.4047 -1.5762 0.7946
Car -1 -1 -1.4513 510.6680 177.4682 555.2308 212.5799 1.5327 1.6421 3.7802 -3.6009 1.7620 33.8947 -1.5569 0.7389
Car -1 -1 2.1330 48.9344 173.6820 186.6987 225.3369 1.4708 1.6411 4.0579 -15.3075 1.4995 22.6574 1.5441 0.7080
Car -1 -1 -1.3860 536.9802 176.0151 574.8590 201.9913 1.5452 1.6583 4.1190 -3.3968 1.7546 45.5755 -1.4604 0.4642
Car -1 -1 -0.7706 0.0000 176.8421 330.7951 375.0000 1.5376 1.6958 4.1300 -3.0007 1.5666 3.0587 -1.5039 0.4599
Car -1 -1 -1.6566 661.9575 180.5464 697.1055 207.7949 1.3974 1.5905 4.0734 3.7887 1.8481 40.1954 -1.5638 0.4523
Car -1 -1 2.2852 224.5363 174.9727 311.5460 209.0708 1.4352 1.5371 3.6366 -15.3843 1.5370 32.5699 1.8468 0.4089
