Pedestrian -1 -1 0.9978 808.2592 165.8500 899.6469 332.8893 1.6713 0.5373 0.8546 2.5276 1.6016 7.6999 1.3023 0.6898
Pedestrian -1 -1 1.4528 1008.4753 147.7995 1070.8998 297.5747 1.7908 0.5628 0.8787 5.3671 1.4916 9.1382 1.9691 0.5076
Pedestrian -1 -1 2.2046 1089.8212 138.3502 1172.7484 271.6635 1.8248 0.5832 0.8346 7.3706 1.3529 10.2846 2.8125 0.3442
Pedestrian -1 -1 -3.6296 1127.0845 138.4677 1225.5996 278.6950 1.7594 0.5663 0.8396 7.2990 1.3283 9.3954 -2.9846 0.2851
Pedestrian -1 -1 1.9479 869.6342 151.5690 992.0677 375.0000 1.7636 0.6145 0.7685 2.3574 1.6186 5.4136 2.3375 0.2349
Pedestrian -1 -1 2.0443 959.0349 139.5131 1112.5132 375.0000 1.8011 0.6514 0.7437 2.8528 1.5953 4.9387 2.5415 0.2037
Pedestrian -1 -1 1.3561 950.1473 148.2360 1005.4473 282.7786 1.8226 0.5422 0.7290 5.1260 1.4895 10.1899 1.8098 0.1699
Pedestrian -1 -1 1.6711 933.2350 148.7382 988.7981 302.1595 1.8544 0.5670 0.9209 4.4611 1.5632 9.2589 2.1068 0.1663
Pedestrian -1 -1 1.6651 1061.8782 148.7728 1111.5695 279.3153 1.7131 0.5219 0.6116 6.4703 1.3974 9.8675 2.2313 0.1443
Pedestrian -1 -1 0.5614 771.0054 161.0741 788.7492 196.3954 1.8345 0.6148 0.6866 8.8942 1.2230 37.9316 0.7897 0.1268
Pedestrian -1 -1 -1.2651 823.4777 157.4072 859.5179 230.1086 1.8472 0.6693 0.8797 6.0151 1.4551 18.8826 -0.9618 0.1242
Pedestrian -1 -1 -2.7352 675.8538 167.4445 696.9085 212.1087 1.7357 0.5966 0.6434 2.9714 1.5258 28.4539 -2.6328 0.1115
Cyclist -1 -1 -1.2276 672.4556 169.3989 699.8866 213.0381 1.6756 0.5274 1.7527 2.9906 1.5433 28.6056 -1.1251 0.4266
Cyclist -1 -1 0.5442 844.9065 136.8365 1153.3290 375.0000 1.7661 0.5534 1.9202 2.6071 1.5547 5.1933 0.9858 0.1529
Car -1 -1 2.1420 0.0000 186.5210 322.7330 375.0000 1.4951 1.5758 3.7234 -4.7459 1.6790 7.7934 1.6096 0.8424
