Pedestrian -1 -1 -0.0504 1021.6845 157.6365 1092.1260 268.6849 1.8673 0.6297 1.0020 7.8595 1.4845 12.4017 0.5045 0.8017
Pedestrian -1 -1 -0.5678 392.1649 167.3045 415.8196 204.9611 1.7772 0.6200 0.8994 -9.6547 1.1559 33.9054 -0.8410 0.2639
Pedestrian -1 -1 2.5298 943.8384 173.6951 966.2717 210.4734 1.6862 0.5337 0.7621 16.1874 1.3756 32.7335 2.9867 0.1009
Cyclist -1 -1 -1.6788 588.3801 168.3968 604.8525 207.7230 1.7601 0.5522 1.9576 -0.4161 1.2199 32.6450 -1.6897 0.4301
Car -1 -1 -2.1405 926.4109 182.4109 1010.2821 215.6226 1.4081 1.5471 3.8507 16.4193 1.5020 32.1943 -1.6713 0.5898
Car -1 -1 0.8758 1120.1843 184.1586 1224.0000 217.6746 1.4223 1.6820 4.0546 26.0131 1.6025 32.4916 1.5476 0.4208
Car -1 -1 1.1588 990.4423 182.1875 1075.2969 217.3412 1.4934 1.6729 4.4583 19.5559 1.5781 32.5705 1.6967 0.3587
Car -1 -1 -1.5562 607.3087 175.4121 631.9271 198.5059 1.4230 1.5177 3.4221 0.9608 1.1108 45.2994 -1.5335 0.3419
Car -1 -1 1.6474 537.5857 174.1103 559.9523 192.0247 1.4705 1.5889 3.9475 -4.7241 0.9472 60.0081 1.5710 0.2982
Car -1 -1 1.2876 1178.9209 102.6609 1224.0000 370.0000 1.6638 1.6716 3.8925 4.1856 1.5110 3.4955 2.1205 0.1679
Car -1 -1 -1.9752 876.3767 181.6377 947.3751 216.0429 1.4666 1.6247 3.6723 13.8195 1.5226 32.0910 -1.5707 0.1287
Car -1 -1 -3.0913 652.3134 166.8954 763.5604 215.6762 1.8658 1.8119 4.2794 4.1152 1.3470 28.3413 -2.9471 0.1054
