Car -1 -1 1.7365 424.0038 181.3619 517.7740 253.5692 1.4808 1.5805 3.6484 -3.2208 1.7041 17.0663 1.5520 0.8402
Car -1 -1 -0.3660 755.3010 184.2287 918.0639 245.5882 1.4738 1.6032 3.6719 5.7231 1.7823 18.6074 -0.0729 0.7661
Car -1 -1 2.7262 779.4510 187.8188 997.5034 259.4250 1.4267 1.6417 4.1224 5.9127 1.7727 15.7176 3.0789 0.7163
Car -1 -1 2.8136 698.0857 180.2982 813.9172 223.2529 1.4525 1.6096 3.7393 5.1346 1.7299 25.8070 3.0071 0.5523
Car -1 -1 2.6152 857.1418 188.8209 1176.7294 297.1531 1.4645 1.6136 3.9456 5.9335 1.7257 10.8978 3.1015 0.5122
Car -1 -1 1.6367 494.3102 181.6467 539.1716 221.2398 1.4349 1.5393 3.6842 -3.7155 1.8101 28.8706 1.5093 0.4830
Car -1 -1 2.4693 718.9644 183.7930 862.4296 236.4089 1.4019 1.5776 4.0379 5.3345 1.7509 21.4334 2.7092 0.4458
Car -1 -1 -0.3204 689.3645 178.6797 808.1804 219.8044 1.5465 1.7174 4.3005 5.4120 1.7870 28.5963 -0.1358 0.4365
Car -1 -1 0.5695 1098.1370 204.4882 1242.0000 375.0000 1.4346 1.5830 3.9216 5.0773 1.7081 4.1698 1.4177 0.3986
Car -1 -1 -0.4670 883.1525 179.7637 1242.0000 353.0901 1.5982 1.7406 4.5245 5.5017 1.6850 7.8847 0.1239 0.2871
Car -1 -1 0.0616 668.8638 177.6530 755.5704 209.2892 1.4867 1.6649 4.1333 5.0161 1.7313 35.5033 0.2003 0.2146
