Pedestrian -1 -1 1.9941 298.2259 165.3527 340.3644 240.7990 1.8499 0.6537 0.9431 -7.3589 1.6663 18.1743 1.6140 0.4439
Car -1 -1 -3.2179 697.0577 172.4851 898.5298 240.3479 1.5139 1.7240 4.4659 4.3239 1.5060 17.3077 -2.9778 0.8708
Car -1 -1 -1.0262 664.0562 170.6319 757.5889 215.2037 1.5072 1.6044 3.9071 3.7138 1.4325 26.4191 -0.8886 0.7561
Car -1 -1 -3.7361 1000.4628 150.1050 1242.0000 284.7436 1.6866 1.7360 4.1834 7.9488 1.4020 10.0298 -3.0806 0.6963
Car -1 -1 -0.9421 586.2932 172.9099 684.8417 216.3849 1.4960 1.6402 3.9922 0.9830 1.4986 26.9080 -0.9066 0.6575
Car -1 -1 -0.5277 938.2048 162.2066 1144.0751 233.9158 1.5888 1.6496 3.8153 9.8844 1.3533 16.8173 -0.0044 0.6331
Car -1 -1 2.4920 977.1891 167.7287 1242.0000 256.4030 1.4370 1.5690 3.8630 8.6695 1.3543 12.5849 3.0839 0.6323
Car -1 -1 -1.1190 934.2486 162.4232 1028.7561 205.0490 1.4277 1.5441 3.7652 13.3357 1.0787 25.9172 -0.6487 0.3144
Car -1 -1 -2.6942 255.1634 179.4905 379.5413 226.0703 1.5397 1.6799 3.6391 -10.1555 1.7796 25.0791 -3.0757 0.2976
Car -1 -1 -1.2212 838.0081 160.7139 930.9169 210.0420 1.5883 1.6908 4.3344 9.6984 1.1978 25.4251 -0.8610 0.2565
