Pedestrian -1 -1 2.1692 435.9381 177.6251 467.8998 240.8120 1.6553 0.5377 0.7013 -4.2915 1.7867 19.3888 1.9536 0.2272
Pedestrian -1 -1 2.5122 373.2533 184.3792 406.3715 245.8730 1.5704 0.5133 0.6583 -5.8439 1.8809 18.9972 2.2171 0.1335
Car -1 -1 -1.6981 649.8848 179.7577 714.2186 227.0461 1.4054 1.5900 4.2468 2.2803 1.6580 24.2184 -1.6061 0.9007
Car -1 -1 2.0485 153.4394 189.9721 279.2433 251.9705 1.5763 1.6417 3.8994 -11.5444 2.1306 21.3845 1.5583 0.8515
Car -1 -1 -1.4742 630.4199 177.0639 659.9638 201.2388 1.4739 1.5727 3.5350 2.2700 1.7564 46.4982 -1.4262 0.4339
Car -1 -1 -0.9805 1068.0875 155.2256 1242.0000 345.3847 1.4862 1.6338 4.0152 6.6759 1.3487 6.8940 -0.2326 0.4115
Car -1 -1 -1.6662 646.1695 179.1237 694.5095 218.1384 1.4714 1.6090 3.8294 2.3834 1.7471 29.7571 -1.5877 0.3799
Car -1 -1 -2.4295 0.0000 0.0000 1242.0000 375.0000 1.4850 1.6009 3.7563 2.3015 1.5209 1.1930 -1.4337 0.3339
Car -1 -1 2.5511 0.0000 222.0730 358.0437 375.0000 1.4808 1.6288 4.1827 -3.0133 1.8356 2.9706 1.8024 0.1154
Car -1 -1 -0.1652 503.2010 179.0387 572.3722 205.2360 1.4550 1.6054 3.7875 -4.2456 1.8258 41.9437 -0.2660 0.1065
