Pedestrian -1 -1 -1.4611 375.7385 174.0879 393.2622 214.7259 1.7774 0.6459 0.9319 -10.0689 1.8336 32.1066 -1.7630 0.4180
Car -1 -1 -2.5175 390.5019 182.4094 518.4214 228.0691 1.4459 1.6788 4.1550 -5.4646 1.8001 25.1157 -2.7302 0.8698
Car -1 -1 3.1505 165.2837 184.8850 331.0112 238.4903 1.4604 1.7007 4.3914 -11.0289 1.8587 22.1443 2.6929 0.8616
Car -1 -1 -1.7727 662.1471 176.2086 710.7842 209.1385 1.5321 1.6344 3.9807 3.7188 1.7096 36.0490 -1.6713 0.7574
Car -1 -1 3.0113 33.5073 181.1367 194.0507 237.4441 1.5637 1.6593 3.9585 -15.4719 1.8451 22.5397 2.4150 0.4772
Car -1 -1 -0.7172 1145.4071 161.7867 1242.0000 225.0108 1.5007 1.6090 4.0320 15.8706 1.2383 17.9300 -0.0010 0.4147
Car -1 -1 -0.2636 0.0000 189.1559 124.5460 254.5330 1.4233 1.5666 3.8733 -15.1740 1.8929 18.7401 -0.9375 0.3813
Car -1 -1 1.9633 393.9122 179.9301 461.6304 213.3784 1.4626 1.6637 4.2165 -8.7085 1.8248 34.6901 1.7188 0.3582
Car -1 -1 2.3033 1155.8644 168.6055 1242.0000 239.2168 1.4483 1.5907 4.0886 14.4601 1.3615 15.8052 3.0347 0.3355
Car -1 -1 -1.4247 193.7997 180.1022 243.0484 212.9657 1.4231 1.5329 3.5324 -18.4330 1.7845 34.0117 -1.9183 0.2819
Car -1 -1 -1.6606 653.5648 177.6542 687.4307 203.8491 1.4273 1.5980 4.0513 3.4479 1.7213 42.0913 -1.5799 0.2492
