Car -1 -1 -1.7470 822.9398 164.4851 941.5977 248.6509 1.5647 1.6315 4.0657 5.6428 1.4095 15.5507 -1.4056 0.7839
Car -1 -1 -2.3402 45.8671 161.4990 211.3920 218.7591 1.6637 1.7456 4.3251 -14.8690 1.3341 22.2814 -2.9233 0.7162
Car -1 -1 -1.0049 898.4676 191.3234 1242.0000 351.3584 1.3375 1.5460 3.8803 5.1386 1.5800 7.9179 -0.4470 0.6759
Car -1 -1 -1.5567 724.1400 153.0551 789.2330 217.7811 1.7472 1.7377 3.9298 4.3498 1.2131 21.5769 -1.3609 0.5243
Car -1 -1 -1.7402 817.8163 164.1126 899.5308 220.8887 1.4288 1.5283 3.5451 6.7480 1.2091 20.0218 -1.4200 0.3934
Car -1 -1 0.3605 1049.7921 184.8547 1242.0000 375.0000 1.4830 1.5759 3.8439 4.7250 1.5842 3.9828 1.1944 0.3853
Car -1 -1 -1.6056 808.4279 156.8916 863.6805 208.3315 1.6313 1.6541 4.1419 7.7329 1.1254 25.0926 -1.3103 0.3182
Car -1 -1 -2.3174 147.9162 157.5350 284.3530 210.4962 1.7170 1.7530 4.1999 -13.6217 1.2208 24.8963 -2.8137 0.2246
Car -1 -1 -1.1750 381.1717 158.9557 456.5387 200.6664 1.6804 1.7057 4.0674 -8.2077 1.1209 31.1995 -1.4305 0.2105
Car -1 -1 -2.1691 0.0000 153.7952 69.8196 239.6433 1.6279 1.7334 4.2496 -13.8238 1.2668 15.0212 -2.9042 0.1684
Car -1 -1 -2.3465 0.0000 161.4600 121.3921 222.1412 1.5134 1.6394 3.9534 -15.3974 1.2296 19.0466 -3.0196 0.1241
