Pedestrian -1 -1 1.8965 297.1348 164.0307 337.1656 240.9964 1.8862 0.6752 0.9139 -7.4053 1.6703 18.1551 1.5138 0.3761
Cyclist -1 -1 -1.1666 551.9661 164.8888 572.9238 197.1177 1.7823 0.5219 1.7935 -2.7152 1.3422 40.8320 -1.2329 0.3036
Car -1 -1 -3.2391 697.5923 171.5784 900.5451 239.7350 1.5277 1.7393 4.5168 4.3517 1.4995 17.3541 -2.9982 0.8002
Car -1 -1 -0.4373 756.3660 156.8653 1242.0000 375.0000 1.5384 1.6630 4.0546 3.1107 1.4499 5.0168 0.0910 0.7516
Car -1 -1 -1.0383 664.2573 171.6359 757.7930 216.4516 1.5158 1.6165 3.9555 3.7284 1.4749 26.4531 -0.9004 0.7340
Car -1 -1 -0.9289 586.5248 173.2465 686.4220 216.9370 1.5015 1.6500 4.0142 1.0164 1.5176 26.9118 -0.8922 0.6379
Car -1 -1 -3.6456 933.3565 163.7373 1152.8755 234.4185 1.5526 1.6705 4.0702 9.8573 1.3527 16.7236 -3.1211 0.2698
Car -1 -1 -1.6864 1097.8247 159.7926 1167.2389 205.2388 1.4832 1.5451 3.6403 18.3390 1.0573 25.5124 -1.0688 0.2517
Car -1 -1 2.2932 1156.5569 166.1832 1242.0000 234.5625 1.4350 1.5939 3.9733 14.6867 1.2953 16.1688 3.0213 0.2479
Car -1 -1 -1.1657 934.1539 163.3621 1025.1643 206.7378 1.4491 1.5615 3.7786 13.2723 1.1323 25.9137 -0.6972 0.2427
Car -1 -1 -2.6598 256.1469 177.6284 380.7560 225.9020 1.5979 1.6864 3.6570 -10.1341 1.7712 25.1072 -3.0402 0.1989
