Pedestrian -1 -1 -0.4668 692.9736 171.1203 749.0355 269.5977 1.6739 0.5604 0.8046 1.8899 1.6448 12.6552 -0.3231 0.2576
Car -1 -1 1.1546 359.6608 183.8675 525.4494 271.5956 1.4734 1.6922 4.3597 -3.6546 1.7358 14.9243 0.9177 0.7715
Car -1 -1 2.2897 0.0000 190.6354 212.8132 276.5986 1.5162 1.6232 3.9156 -10.7089 1.9518 15.6135 1.6962 0.7075
Car -1 -1 1.9510 300.3668 183.9678 385.1279 230.9603 1.6061 1.6441 4.0698 -10.1824 2.0647 27.6906 1.6013 0.6960
Car -1 -1 -1.6360 667.7514 176.4490 702.7483 207.0767 1.5542 1.6231 3.7809 3.9830 1.7584 38.9803 -1.5354 0.6146
Car -1 -1 -2.2937 969.3889 191.5326 1242.0000 375.0000 1.4895 1.5838 3.7426 2.6966 1.5996 2.3076 -1.4925 0.5692
Car -1 -1 -1.9746 685.2471 178.1364 848.4308 276.7644 1.5242 1.6209 3.5055 2.6508 1.6352 13.2333 -1.7823 0.5581
Car -1 -1 -1.6620 685.6200 180.7646 741.0903 225.7093 1.4295 1.5787 3.8021 3.5434 1.7314 25.5618 -1.5265 0.5497
Car -1 -1 0.6998 504.0900 180.2199 592.9623 213.8780 1.4145 1.5661 3.9518 -2.8715 1.7687 32.8755 0.6128 0.3877
Car -1 -1 0.8196 474.0930 179.8058 577.1269 222.2105 1.4469 1.5778 3.9345 -3.2609 1.7264 27.1017 0.7004 0.3836
Car -1 -1 1.0873 431.8159 186.1138 535.3454 241.5994 1.4355 1.4942 3.6605 -3.8810 1.8656 21.4775 0.9099 0.2646
Car -1 -1 -1.6298 656.9841 172.1085 682.7251 196.0727 1.6777 1.6341 3.7755 4.2866 1.6259 52.4165 -1.5491 0.2293
