Car -1 -1 -1.7131 694.3179 183.3326 805.7203 272.1847 1.4974 1.6115 3.8600 2.6266 1.7379 14.5727 -1.5394 0.8860
Car -1 -1 -1.5425 580.6765 176.6146 638.9445 234.2874 1.6385 1.6810 4.3337 0.0065 1.7700 22.9711 -1.5431 0.8707
Car -1 -1 2.1451 58.1256 180.0269 198.5652 236.3523 1.4740 1.5867 3.8565 -14.0811 1.7053 21.3027 1.5666 0.7903
Car -1 -1 -2.0968 861.0067 202.8660 1242.0000 375.0000 1.4405 1.5063 3.4102 3.0017 1.7158 4.8991 -1.5750 0.7244
Car -1 -1 -1.6200 655.7980 179.8945 700.6743 220.6289 1.5463 1.6515 3.7928 2.7342 1.8581 29.9823 -1.5306 0.7073
Car -1 -1 1.9914 311.5659 176.8681 380.2274 208.3968 1.5005 1.6929 4.3173 -13.5238 1.7197 37.1150 1.6439 0.6532
Car -1 -1 2.1137 185.2006 175.9134 286.3776 223.7258 1.6303 1.5903 3.7970 -13.8149 1.7525 26.7992 1.6415 0.5585
Car -1 -1 -1.6778 683.3021 186.7951 756.7589 247.7128 1.4326 1.5540 3.8041 2.8702 1.8524 19.7756 -1.5367 0.4178
Car -1 -1 1.8929 393.5057 177.1492 432.1016 199.0704 1.5021 1.5834 3.7428 -14.2196 1.8240 52.1024 1.6274 0.2287
Car -1 -1 1.5496 620.7790 180.4933 653.9203 210.7440 1.4439 1.6228 4.2632 1.3416 1.8657 37.6612 1.5843 0.1950
Car -1 -1 -1.6284 639.3732 178.9850 670.0827 205.2912 1.4708 1.6059 3.7271 2.5970 1.8530 43.0722 -1.5692 0.1933
