Pedestrian -1 -1 0.9764 744.5861 163.3473 790.4845 244.2925 1.7775 0.6313 0.8742 3.6401 1.4024 16.0432 1.1969 0.8258
Pedestrian -1 -1 1.3992 405.3438 168.5863 426.1137 220.0103 1.7464 0.5689 0.7991 -6.5890 1.3433 24.4887 1.1414 0.5322
Pedestrian -1 -1 -1.0036 58.7002 157.8443 109.5821 240.8730 1.7933 0.5680 0.7943 -11.5789 1.3056 15.6787 -1.6281 0.2077
Pedestrian -1 -1 -1.5119 114.6987 160.0704 148.4023 241.8582 1.7654 0.5739 0.7501 -10.5620 1.3261 15.7252 -2.0922 0.1968
Cyclist -1 -1 -1.2637 456.5551 160.4699 534.1550 295.7289 1.7947 0.5723 1.8845 -1.6046 1.5306 10.3521 -1.4111 0.7964
Cyclist -1 -1 -1.5435 536.0740 163.2769 565.5402 250.7867 1.7658 0.5799 1.9014 -1.1880 1.4199 15.2255 -1.6180 0.7712
Car -1 -1 0.8802 1119.5618 184.2454 1224.0000 217.5592 1.4127 1.6440 4.1457 26.0240 1.5975 32.5347 1.5516 0.6978
Car -1 -1 1.0544 985.1992 182.8882 1073.6757 216.9480 1.4569 1.6443 4.1498 19.4362 1.5756 32.6207 1.5890 0.5863
Car -1 -1 -2.0155 874.9053 180.4114 946.2784 215.0437 1.4942 1.6004 3.5660 13.8626 1.4919 32.3159 -1.6123 0.5405
Car -1 -1 -2.1549 926.9498 182.3221 1010.2195 215.4200 1.4059 1.5570 3.7281 16.4290 1.4953 32.1819 -1.6854 0.5327
Car -1 -1 -1.5998 606.6559 175.7657 632.0701 199.0988 1.4389 1.5285 3.4097 0.8884 1.1483 45.3077 -1.5787 0.3846
Car -1 -1 -0.8889 48.4828 157.2718 226.1739 236.9565 1.7204 1.6694 3.6063 -11.1702 1.2205 17.1470 -1.4559 0.1454
Car -1 -1 -1.6722 517.4993 183.1766 604.9481 259.3360 1.4029 1.4822 3.4758 -1.0674 1.4682 14.9862 -1.7401 0.1181
