Cyclist -1 -1 1.8114 524.8766 174.9638 552.2760 226.4024 1.7043 0.5246 1.8236 -2.4953 1.7803 24.9201 1.7120 0.4138
Car -1 -1 -1.6883 696.6384 182.6671 782.9952 256.2465 1.4449 1.4991 3.3472 2.7864 1.6906 16.3294 -1.5232 0.8026
Car -1 -1 -1.8865 757.9066 162.3147 1152.2396 375.0000 1.6765 1.7290 4.4133 2.5930 1.6100 6.8117 -1.5384 0.7994
Car -1 -1 -0.2732 270.3213 167.1917 479.3620 255.9981 1.8083 1.7784 4.2557 -5.3998 1.6934 16.6042 -0.5835 0.7343
Car -1 -1 2.8169 359.4806 183.6614 505.1603 234.3515 1.3877 1.6011 4.0685 -5.4885 1.7480 22.2664 2.5774 0.5485
Car -1 -1 2.6784 430.4104 181.8559 536.6392 219.7617 1.4511 1.6538 4.1020 -5.3291 1.8542 30.3964 2.5057 0.4234
Car -1 -1 3.2247 0.0000 184.8626 260.1387 375.0000 1.5392 1.6689 4.1513 -5.3340 1.6687 5.8579 2.5085 0.3469
Car -1 -1 1.6455 625.9753 179.0909 647.7162 197.2642 1.4345 1.5420 3.7620 2.2456 1.9726 60.2497 1.6821 0.2729
Car -1 -1 2.1047 0.0000 200.2055 94.4034 375.0000 1.5063 1.6738 3.9945 -3.7302 1.6955 2.8172 1.2262 0.2616
Car -1 -1 2.9559 315.0690 181.7914 488.9458 241.4923 1.4181 1.6449 4.2472 -5.5942 1.6788 19.3275 2.6772 0.1451
