Pedestrian -1 -1 2.7609 464.2880 159.8028 530.1132 268.1115 1.7864 0.6535 0.9469 -1.8668 1.4034 12.1768 2.6139 0.7483
Pedestrian -1 -1 0.3799 297.3217 152.8951 405.0690 336.0537 1.8236 0.6336 0.8854 -2.6543 1.5242 7.3716 0.0486 0.7191
Pedestrian -1 -1 1.9963 442.8662 159.6796 494.1942 254.3553 1.7755 0.6690 0.9019 -2.6466 1.3375 13.7721 1.8121 0.6785
Pedestrian -1 -1 1.5339 802.1860 145.6674 863.7560 315.9754 1.8005 0.6125 0.8397 2.5193 1.4061 7.9538 1.8303 0.5519
Pedestrian -1 -1 1.8779 505.4432 163.8294 536.8752 226.0014 1.8108 0.6902 0.9056 -2.4622 1.2507 21.0994 1.7650 0.3116
Pedestrian -1 -1 1.9097 244.7677 170.8688 279.6774 235.2725 1.8843 0.6889 0.8680 -10.2120 1.5276 21.1493 1.4673 0.2637
Pedestrian -1 -1 3.2580 117.5838 140.0355 278.1746 370.0000 1.7880 0.6387 0.7411 -2.4051 1.5606 4.1823 2.7680 0.1852
Car -1 -1 -1.7170 558.8654 173.9381 615.6722 214.7375 1.4506 1.6021 4.0859 -0.7006 1.1259 27.2825 -1.7407 0.7803
Car -1 -1 -1.5699 573.3755 177.9361 649.7085 249.1420 1.4164 1.5192 3.3659 0.1503 1.3149 15.7506 -1.5592 0.7720
Car -1 -1 2.1554 149.1906 187.4905 270.2231 238.6503 1.4862 1.5923 3.7372 -12.5558 1.6409 22.7978 1.6594 0.7451
Car -1 -1 1.9075 380.1154 178.5558 432.5202 204.9837 1.4634 1.6410 4.2025 -11.4108 1.2127 41.3025 1.6416 0.6600
Car -1 -1 -1.5293 538.8732 172.6320 561.8382 192.8502 1.4955 1.5951 3.7525 -3.9802 0.7219 54.1935 -1.6004 0.4488
Car -1 -1 1.1165 433.1426 170.3068 511.5279 216.7329 1.7962 1.6378 3.9573 -5.5154 1.3023 29.4293 0.9348 0.4185
