Car -1 -1 -1.9336 832.3758 175.3454 1000.4820 266.9666 1.4641 1.5745 3.8233 5.4820 1.5179 13.5540 -1.5576 0.9135
Car -1 -1 -2.5570 492.2473 179.2876 577.8803 210.9185 1.4779 1.6542 4.0063 -3.7927 1.8144 36.0429 -2.6616 0.8786
Car -1 -1 2.9741 304.7405 187.6063 408.2590 221.0329 1.4152 1.6683 4.3751 -11.9300 2.1454 33.9087 2.6378 0.7714
Car -1 -1 2.6523 0.0000 190.9285 151.3204 243.1240 1.5097 1.7089 4.4436 -18.6322 2.1929 24.8842 2.0145 0.7175
Car -1 -1 1.8394 437.1063 182.7136 479.8868 206.5285 1.4083 1.6271 4.2846 -9.7693 2.0764 46.6690 1.6337 0.6994
Car -1 -1 2.6506 149.8901 190.6806 275.8655 230.1220 1.3971 1.6289 4.3014 -16.3426 2.1899 29.8286 2.1528 0.6912
Car -1 -1 2.9022 216.4430 187.0181 314.6507 221.6165 1.4824 1.6171 3.9470 -16.3804 2.1932 34.3162 2.4596 0.5831
Car -1 -1 -1.6964 633.5409 173.7969 665.3530 197.9604 1.5461 1.6277 4.0290 2.5726 1.6124 48.3936 -1.6441 0.5253
Car -1 -1 -0.5476 911.3090 160.6706 1019.4319 197.6279 1.5211 1.6023 3.8575 15.0231 1.0200 30.6765 -0.0962 0.2479
Car -1 -1 1.8370 491.2543 180.5432 519.0558 197.3710 1.4272 1.5482 3.7351 -9.4202 2.1402 64.9207 1.6931 0.2050
