Pedestrian -1 -1 -1.7118 725.3990 174.1783 756.3925 252.3499 1.6232 0.5372 0.8050 2.7357 1.6526 15.4040 -1.5403 0.5595
Pedestrian -1 -1 -1.1143 688.7882 173.9620 728.3988 251.5791 1.6574 0.5616 0.8287 2.1308 1.6830 15.9198 -0.9847 0.5538
Pedestrian -1 -1 2.2736 1102.0544 148.5308 1202.7017 321.3840 1.7841 0.5984 0.6460 5.8058 1.5334 7.8136 2.8940 0.3833
Pedestrian -1 -1 -2.8424 1153.4601 138.6027 1242.0000 335.3012 1.7688 0.6034 0.7272 5.7374 1.4612 6.9562 -2.1738 0.2877
Pedestrian -1 -1 2.4068 851.2870 164.6020 907.7512 267.0546 1.7457 0.5899 0.7228 4.6881 1.6054 12.7016 2.7520 0.2539
Pedestrian -1 -1 1.5443 760.5792 167.8536 781.7009 232.6638 1.7323 0.5397 0.6627 4.3375 1.5990 19.6584 1.7576 0.1398
Pedestrian -1 -1 1.6179 791.4310 169.3811 814.1563 233.3407 1.7241 0.5800 0.5813 5.2494 1.6308 19.8106 1.8725 0.1353
Pedestrian -1 -1 1.7480 821.6710 167.0993 846.1096 228.7235 1.7088 0.5527 0.6876 6.2980 1.5496 20.4367 2.0422 0.1209
Pedestrian -1 -1 -1.0478 900.7126 168.7845 959.9022 274.8217 1.6785 0.5884 0.7747 5.2252 1.6144 11.8864 -0.6437 0.1151
Cyclist -1 -1 -1.6923 633.9279 172.2277 651.5686 212.4080 1.7295 0.5528 1.8751 1.4015 1.7029 32.0102 -1.6496 0.4855
Cyclist -1 -1 -1.2451 675.5945 172.5152 693.5544 200.8548 1.7102 0.5551 1.8086 4.5734 1.6901 44.4776 -1.1437 0.1367
Car -1 -1 -1.2009 223.3694 174.5811 405.0353 283.9519 1.6614 1.6677 3.9069 -5.1253 1.6974 12.9727 -1.5708 0.8740
Car -1 -1 1.8499 360.9709 179.3968 465.0800 248.2970 1.5293 1.5695 3.6483 -4.8877 1.7114 18.2006 1.5906 0.8163
Car -1 -1 1.8467 362.4847 178.8607 406.7393 205.0930 1.4583 1.5517 3.7123 -13.3594 1.8309 42.8412 1.5459 0.1508
