Pedestrian -1 -1 -1.6564 916.5212 146.0291 961.5157 251.5014 1.7892 0.6306 0.9600 5.8680 1.2061 12.5474 -1.2268 0.7467
Pedestrian -1 -1 -1.6808 824.0185 158.3092 845.7004 210.1899 1.7780 0.6299 0.8254 7.9941 1.0191 24.6942 -1.3697 0.3436
Pedestrian -1 -1 1.3186 842.8433 157.6547 867.4736 210.0014 1.8000 0.5997 0.9207 8.7364 1.0160 24.7913 1.6551 0.3241
Car -1 -1 1.8473 404.7694 177.5470 481.3273 224.3573 1.4758 1.5580 3.8115 -5.4805 1.3842 24.2344 1.6295 0.8215
Car -1 -1 2.9605 662.8952 169.6470 752.7595 201.7525 1.4940 1.6617 4.0154 4.8524 0.9904 33.8039 3.1035 0.7846
Car -1 -1 -1.3746 482.8202 174.3302 527.2584 205.8006 1.5235 1.5944 3.4253 -5.0491 1.2263 35.9813 -1.5110 0.5074
Car -1 -1 3.0278 643.3062 169.1943 720.7065 196.5272 1.5721 1.7000 4.3520 4.4707 0.9232 41.5241 3.1360 0.4838
Car -1 -1 3.5852 0.0000 170.5075 57.2765 211.0022 1.5404 1.6230 3.8124 -24.4706 1.1618 28.1723 2.8774 0.2158
Car -1 -1 1.7619 498.1289 173.5400 538.9241 200.8159 1.5261 1.6355 4.0549 -5.0426 1.1381 41.6365 1.6440 0.1960
Car -1 -1 0.0575 668.5933 170.1282 752.8754 200.7984 1.5222 1.6267 4.1938 5.4391 1.0089 36.3138 0.2066 0.1945
