Car -1 -1 1.2609 569.0569 176.3527 660.9659 225.8206 1.4893 1.8023 4.4995 0.0062 1.6201 24.4803 1.2604 0.8295
Car -1 -1 2.0676 266.0449 185.0254 375.1327 232.4828 1.4004 1.6362 4.1824 -9.7559 1.8522 24.5804 1.6931 0.7285
Car -1 -1 -1.9224 0.0000 183.2201 124.2714 274.9583 1.6409 1.7215 4.1733 -12.2349 1.8849 15.1365 -2.5938 0.6690
Car -1 -1 1.0531 625.9046 173.9596 725.8883 217.5665 1.4667 1.7330 4.3637 2.2858 1.5116 26.7281 1.1368 0.6624
Car -1 -1 1.9231 221.4496 184.7271 310.2780 229.0462 1.4177 1.6076 4.0382 -12.4482 1.8847 26.2736 1.4842 0.6599
Car -1 -1 1.8917 395.6069 183.3108 478.3127 234.1814 1.4248 1.4913 3.5350 -5.4139 1.7819 22.7850 1.6604 0.5029
Car -1 -1 2.2245 486.9442 186.1399 562.5690 217.0378 1.3974 1.5984 4.2020 -4.3060 2.1152 36.7478 2.1081 0.4851
Car -1 -1 0.9692 677.4143 173.0887 771.7785 213.4609 1.4732 1.6327 4.1062 4.3956 1.4835 28.5550 1.1198 0.4477
Car -1 -1 2.2344 166.1819 184.1750 280.8321 226.0728 1.4107 1.6386 4.1786 -14.7214 1.8800 27.6836 1.7494 0.4298
Car -1 -1 2.1625 377.7476 190.1546 443.8245 219.7122 1.4641 1.5849 4.0359 -11.1247 2.4861 40.4382 1.8953 0.2304
