Car -1 -1 -0.4747 692.7234 182.5516 916.4276 263.5548 1.4920 1.7009 4.1418 3.9067 1.7098 14.8850 -0.2239 0.8691
Car -1 -1 -0.6221 821.6124 187.7546 1144.9141 304.8879 1.3844 1.5394 3.7636 4.9575 1.6110 9.8754 -0.1697 0.7577
Car -1 -1 2.4529 886.4435 177.4742 1242.0000 353.7203 1.5388 1.6762 4.0633 5.1248 1.5932 7.3921 3.0397 0.7292
Car -1 -1 -0.3911 635.5048 182.8134 803.0303 245.8019 1.5584 1.7035 4.1674 2.8857 1.8480 19.6095 -0.2481 0.7288
Car -1 -1 1.8587 270.5724 183.2893 386.4429 259.2040 1.6893 1.6798 4.0899 -7.1888 1.9910 18.7325 1.4964 0.7016
Car -1 -1 -0.3507 657.1305 184.3294 835.5856 252.3684 1.4806 1.6011 3.8636 3.1454 1.7724 17.1995 -0.1738 0.5937
Car -1 -1 1.8273 330.9222 190.7339 402.3641 234.2372 1.4659 1.6269 4.1754 -9.4494 2.2181 28.2013 1.5063 0.4975
Car -1 -1 2.5982 576.8934 184.8823 686.6868 225.3889 1.5163 1.6691 4.2985 0.8852 2.0441 29.8510 2.6268 0.4042
Car -1 -1 -0.4939 600.0493 186.6206 712.6820 230.6792 1.4969 1.6365 3.9066 1.7010 2.0432 27.0496 -0.4326 0.3357
Car -1 -1 -0.4069 606.8583 187.3795 738.6382 234.5655 1.4403 1.6075 4.1256 2.0601 1.9587 24.3139 -0.3242 0.3025
Car -1 -1 -0.7935 1035.7151 193.0145 1242.0000 375.0000 1.4809 1.6147 3.9849 5.1557 1.6342 4.6394 0.0127 0.2734
Car -1 -1 -0.2544 538.2371 183.6090 608.1462 210.8385 1.5666 1.6650 3.9656 -2.2872 2.2436 44.0011 -0.3066 0.2564
Car -1 -1 -0.2297 564.1688 186.0717 647.0538 220.5744 1.5247 1.5785 3.6395 -0.2653 2.1698 33.9956 -0.2381 0.2368
