Pedestrian -1 -1 2.8780 341.3326 156.4789 427.7845 311.4697 1.7721 0.6382 0.8688 -2.7022 1.4690 8.5788 2.5844 0.8231
Pedestrian -1 -1 1.9850 364.9912 161.3449 455.4963 331.3170 1.6763 0.6117 0.8890 -2.0580 1.4631 7.4541 1.7272 0.7406
Pedestrian -1 -1 2.8570 437.8854 157.6787 498.3009 272.4048 1.7865 0.6639 0.8112 -2.2400 1.3919 11.4841 2.6707 0.7403
Pedestrian -1 -1 2.5367 451.5758 162.8045 509.1987 254.2582 1.7845 0.6170 0.9754 -2.5234 1.3897 14.3527 2.3678 0.6994
Pedestrian -1 -1 0.1613 475.3511 161.8326 517.2909 236.0194 1.8327 0.6012 0.9581 -2.7061 1.3085 17.7687 0.0143 0.5817
Pedestrian -1 -1 0.2927 468.3767 160.4105 515.0569 237.5415 1.8285 0.5795 0.9913 -2.7211 1.2918 17.1125 0.1394 0.5781
Pedestrian -1 -1 3.7522 0.0000 173.7336 43.6193 275.7933 1.7368 0.5686 0.6764 -10.3646 1.5787 12.3351 3.0675 0.3382
Pedestrian -1 -1 1.6627 693.4212 162.9302 719.2540 235.2906 1.7988 0.5876 0.7470 2.6046 1.2986 18.0025 1.8053 0.3073
Pedestrian -1 -1 0.8021 145.8371 139.5523 309.0490 370.0000 1.8219 0.6357 0.6779 -2.4459 1.5688 4.5383 0.3364 0.2764
Cyclist -1 -1 2.4912 180.2977 178.2270 223.9571 216.9406 1.6902 0.5195 1.7467 -18.0038 1.4784 31.7688 1.9816 0.3931
Car -1 -1 -1.5734 562.3325 181.2360 667.7660 278.6343 1.3849 1.5001 3.4184 0.1436 1.3596 11.7646 -1.5603 0.7304
Car -1 -1 2.0867 325.2924 178.7479 387.4072 209.5566 1.4750 1.5320 3.2681 -12.3591 1.2676 35.5947 1.7570 0.6375
Car -1 -1 -1.6415 567.7772 172.6632 598.1461 196.6719 1.4240 1.5997 4.1905 -1.2846 0.8058 44.0965 -1.6687 0.6080
Car -1 -1 2.0922 418.7167 175.5190 468.8475 197.4659 1.4641 1.6017 4.0490 -11.0341 0.9591 49.3364 1.8753 0.3518
Car -1 -1 1.4196 492.7412 172.0170 531.3961 201.4183 1.5645 1.5951 3.8206 -5.1459 0.9757 39.6759 1.2934 0.2455
