Pedestrian -1 -1 0.9219 861.5749 167.0108 926.5503 274.0935 1.6475 0.5669 0.8416 4.6179 1.4012 11.3539 1.2997 0.8252
Pedestrian -1 -1 1.6209 696.1252 161.4907 728.8280 246.4269 1.7869 0.6627 0.9131 2.3547 1.3335 15.3832 1.7711 0.8139
Pedestrian -1 -1 0.7670 598.3895 169.6549 641.4872 245.0012 1.6340 0.5200 0.8362 0.3392 1.3436 15.8078 0.7895 0.8120
Pedestrian -1 -1 1.0715 633.0687 169.3405 669.3685 240.4344 1.6286 0.5376 0.7939 1.0957 1.3146 16.6645 1.1373 0.6904
Pedestrian -1 -1 1.8782 547.8346 164.7428 576.5222 222.4644 1.7871 0.6517 0.9503 -1.3131 1.2199 22.4268 1.8221 0.6322
Pedestrian -1 -1 1.9182 493.9738 166.6248 522.7763 223.5039 1.7383 0.6449 0.8371 -2.9752 1.2359 22.0817 1.7877 0.5236
Pedestrian -1 -1 1.1267 439.0255 166.7548 465.2051 219.9548 1.7310 0.5997 0.7203 -5.0353 1.2003 23.4687 0.9198 0.5228
Pedestrian -1 -1 -0.0336 622.9929 162.9252 661.5798 234.1937 1.8234 0.6063 0.9810 0.9819 1.3084 18.3976 0.0203 0.5007
Pedestrian -1 -1 -2.8231 388.1343 166.1667 417.0642 215.0043 1.7368 0.5821 0.8628 -7.2303 1.1357 25.4507 -3.0949 0.3295
Cyclist -1 -1 1.3381 539.5468 168.4798 563.9390 214.6626 1.7549 0.5382 1.8827 -2.0500 1.2004 27.8421 1.2671 0.4929
Car -1 -1 -0.7061 1093.6838 184.4967 1226.0000 231.0717 1.4542 1.6638 4.0401 18.5350 1.5026 23.0240 -0.0335 0.6616
Car -1 -1 1.3122 564.7159 169.2640 620.1044 208.7555 1.7421 1.6610 3.8925 -0.5718 1.1328 33.2849 1.2969 0.5083
Car -1 -1 1.0331 964.2679 184.7598 1061.4192 219.3125 1.3886 1.6353 4.3623 17.7045 1.4671 30.8171 1.5517 0.4447
Car -1 -1 -1.9699 916.5831 180.3049 989.7822 217.2528 1.5356 1.6252 3.5480 15.3480 1.4205 31.1986 -1.5152 0.4264
Car -1 -1 1.7597 618.7822 172.6996 653.3408 196.4058 1.6520 1.7222 4.3842 2.4804 0.9280 51.6029 1.8092 0.3358
Car -1 -1 0.9922 1031.1893 184.0491 1130.5020 219.1903 1.4249 1.5934 4.0808 20.6773 1.4700 30.8223 1.5799 0.3032
