Car -1 -1 1.7234 424.7440 183.3350 511.6266 251.1647 1.4813 1.5921 3.7034 -3.5161 1.7736 18.2148 1.5346 0.8286
Car -1 -1 2.7553 757.2303 188.3344 953.4379 254.4744 1.4294 1.6212 4.0642 5.6391 1.8149 16.9925 3.0696 0.7547
Car -1 -1 -0.3468 734.5829 185.4184 895.6884 242.2918 1.4639 1.6234 3.9708 5.5567 1.8289 19.9652 -0.0800 0.7342
Car -1 -1 -0.3257 675.4730 179.4653 781.9717 218.6028 1.5365 1.6703 4.0266 4.8383 1.8212 29.8739 -0.1673 0.6755
Car -1 -1 2.6536 827.6177 187.3984 1091.4633 283.9338 1.4783 1.5896 3.7192 5.7442 1.7432 12.2210 3.0828 0.5917
Car -1 -1 1.6558 492.2351 182.8791 536.6740 221.0425 1.4418 1.5317 3.6504 -3.9692 1.8861 30.0910 1.5252 0.5824
Car -1 -1 -2.4675 908.4623 202.6618 1242.0000 375.0000 1.4963 1.6092 3.6625 2.5908 1.6689 2.2593 -1.6773 0.5141
Car -1 -1 2.5193 826.3867 187.3609 1224.6914 324.9726 1.5282 1.7104 4.3427 5.1938 1.7400 9.3801 3.0106 0.4932
Car -1 -1 1.6093 601.3800 181.6226 623.8174 200.9078 1.4193 1.6207 4.3043 0.2143 2.1422 57.2682 1.6125 0.3753
Car -1 -1 -0.8210 1011.3555 199.4170 1242.0000 375.0000 1.4275 1.5252 3.5808 5.8623 1.7124 6.7403 -0.1275 0.3734
Car -1 -1 -0.2735 684.2304 183.0679 789.0338 223.9392 1.4488 1.5712 3.5717 4.6575 1.8455 27.0278 -0.1054 0.3295
Car -1 -1 2.4249 702.7160 183.2833 842.9724 235.5126 1.4663 1.6362 4.2925 5.1070 1.8200 22.6967 2.6427 0.2940
