Car -1 -1 -1.8487 696.2388 179.2312 851.6980 275.4932 1.4803 1.6504 4.2876 2.8135 1.6202 13.5871 -1.6498 0.9070
Car -1 -1 -1.7519 657.0956 178.7888 745.8138 241.1044 1.4239 1.5690 4.0067 2.2312 1.5968 18.9261 -1.6372 0.8853
Car -1 -1 0.1192 316.3873 178.3383 470.5595 227.2790 1.4619 1.7088 4.5397 -6.8309 1.6467 23.0414 -0.1663 0.8380
Car -1 -1 3.6425 0.0000 185.0179 334.5732 291.8391 1.3878 1.5988 3.8563 -6.2627 1.5783 10.4218 3.1122 0.8295
Car -1 -1 -1.7177 625.8149 178.3767 679.7251 215.7996 1.4009 1.5992 4.2441 1.6512 1.6465 29.8407 -1.6636 0.7311
Car -1 -1 3.4227 100.9339 180.4853 375.8436 265.1461 1.3966 1.6292 4.2084 -6.6712 1.5499 13.2833 2.9649 0.7252
Car -1 -1 3.3465 357.6751 176.7718 475.7720 216.8155 1.5409 1.7148 4.3134 -7.7112 1.7036 28.9242 3.0878 0.4691
Car -1 -1 -1.7076 613.9135 176.8015 658.4160 209.4917 1.4909 1.6350 4.0593 1.1902 1.6971 35.5153 -1.6749 0.4070
Car -1 -1 -1.6261 608.7662 175.5150 641.6393 203.1768 1.4675 1.6207 4.0590 0.7778 1.6257 40.7305 -1.6076 0.3354
Car -1 -1 0.6569 414.8004 178.6674 505.8691 212.8760 1.4170 1.5324 3.7998 -6.6711 1.6868 31.9214 0.4521 0.1566
Car -1 -1 3.8186 0.0000 199.0611 85.6053 375.0000 1.4451 1.6052 3.9981 -5.7337 1.6414 4.1447 2.9046 0.1339
