Car -1 -1 -1.3402 283.2158 188.5880 416.9739 273.5257 1.4708 1.6899 4.5628 -5.4952 1.8654 15.7194 -1.6719 0.8951
Car -1 -1 1.9307 131.4577 191.1644 224.5444 235.0912 1.4874 1.7063 4.4269 -17.0750 2.2751 28.6965 1.3978 0.8374
Car -1 -1 2.0014 989.6873 176.0668 1242.0000 289.0699 1.4140 1.6286 4.0699 7.6488 1.4706 10.8704 2.6013 0.7987
Car -1 -1 -1.5494 455.2486 182.5148 498.9315 223.8574 1.5364 1.6625 3.9235 -5.4921 1.9641 29.8470 -1.7303 0.7881
Car -1 -1 2.2255 823.0846 175.7906 995.5347 246.2977 1.4362 1.6045 3.9277 6.8405 1.5107 16.5205 2.6111 0.6389
Car -1 -1 2.1271 0.0000 199.0888 138.9279 256.5798 1.3980 1.5632 3.6459 -15.7107 2.2352 21.1347 1.4937 0.5463
Car -1 -1 1.9966 907.5657 178.8029 1072.6295 264.5291 1.4080 1.4887 3.5170 7.2540 1.5356 13.7551 2.4725 0.4541
Car -1 -1 2.8715 633.2979 179.0211 730.9459 210.8987 1.4135 1.6652 4.2372 3.2925 1.7115 33.6370 2.9677 0.4376
Car -1 -1 2.1303 760.4206 173.0713 904.4934 233.7082 1.4576 1.6443 4.3733 6.0187 1.4644 19.4109 2.4260 0.4343
Car -1 -1 1.9241 207.4246 193.0650 258.8382 219.7314 1.4379 1.5858 3.6656 -22.8061 2.7169 43.7282 1.4455 0.3770
Car -1 -1 2.2299 721.7446 175.6908 843.4210 226.5987 1.4212 1.5684 3.9326 5.3155 1.5161 22.1927 2.4613 0.3698
Car -1 -1 2.2626 693.6157 175.3691 807.7758 220.0233 1.4219 1.6251 4.1694 4.9144 1.5167 25.1451 2.4528 0.3614
