Car -1 -1 -0.6511 896.0633 174.5157 1242.0000 337.8616 1.5139 1.7194 4.1944 5.4260 1.5342 7.6768 -0.0545 0.8609
Car -1 -1 -0.4255 702.4634 175.9514 855.4937 234.3012 1.5051 1.6274 3.7781 4.5725 1.5960 19.9132 -0.2037 0.7792
Car -1 -1 2.6734 807.6720 181.1176 1145.3411 294.0913 1.4277 1.6287 3.9181 4.9073 1.5538 10.1129 3.1129 0.7624
Car -1 -1 1.7557 370.2285 183.6996 450.1645 235.4706 1.4045 1.6371 4.3492 -6.2202 1.7803 22.7405 1.4911 0.7539
Car -1 -1 -0.5202 768.1848 166.3014 1030.6948 272.6999 1.6879 1.7013 3.9374 4.9037 1.5843 12.5925 -0.1576 0.6683
Car -1 -1 2.0045 200.7285 167.6346 406.2273 287.9713 1.7962 1.6987 4.2390 -5.2511 1.7186 12.9297 1.6253 0.6491
Car -1 -1 -0.4656 719.1970 178.6192 901.3134 243.2626 1.4252 1.6054 3.9062 4.7039 1.5733 17.2999 -0.2052 0.6339
Car -1 -1 -0.0985 654.7700 176.0900 766.6343 219.0410 1.5527 1.6547 4.0112 3.6715 1.6787 27.1108 0.0340 0.4639
Car -1 -1 2.6917 669.6339 173.9788 812.9736 225.4374 1.5229 1.6518 4.1467 4.0752 1.5609 22.7692 2.8659 0.3418
Car -1 -1 1.6735 461.0932 180.6785 495.2411 207.0828 1.4635 1.6111 4.0041 -7.8906 1.9554 43.2670 1.4938 0.3336
Car -1 -1 3.0018 622.8215 175.9905 712.2300 208.5508 1.5204 1.6840 4.1054 2.6960 1.6765 34.8475 3.0778 0.3157
Car -1 -1 1.7720 429.7342 184.0165 483.8028 217.5041 1.3641 1.5836 4.3022 -6.9639 1.9081 32.9824 1.5650 0.2677
Car -1 -1 -0.5379 674.0156 175.5100 785.7126 222.6604 1.5397 1.5597 3.5341 4.1184 1.6375 25.0906 -0.3778 0.2319
