Car -1 -1 -1.8953 766.2625 186.6493 1045.4497 375.0000 1.4386 1.4972 3.3866 2.6594 1.6133 7.4188 -1.5650 0.8350
Car -1 -1 -1.7547 703.2509 185.7151 822.0321 275.3419 1.4188 1.5196 3.5749 2.7052 1.6958 13.7252 -1.5652 0.8166
Car -1 -1 -1.7503 671.6305 180.4015 752.2898 243.5500 1.5066 1.5313 3.3759 2.5942 1.7274 19.3474 -1.6199 0.7816
Car -1 -1 3.5308 188.0437 185.9348 415.9016 260.2215 1.4814 1.6844 4.1889 -6.5500 1.7789 15.5369 3.1374 0.7442
Car -1 -1 -2.2162 890.1038 188.4007 1242.0000 375.0000 1.4625 1.5811 3.7811 2.7219 1.5739 3.2553 -1.5641 0.6964
Car -1 -1 0.4599 65.2732 179.3384 365.6161 282.6021 1.6378 1.7244 4.2365 -6.6816 1.7584 12.4678 -0.0237 0.6535
Car -1 -1 -1.7374 658.0211 180.0525 722.2417 230.7218 1.5072 1.5345 3.3665 2.5120 1.7610 23.6789 -1.6338 0.6059
Car -1 -1 0.3066 313.8399 185.1179 469.2916 237.9489 1.5635 1.7373 4.3547 -6.8221 1.9647 22.6762 0.0170 0.5241
Car -1 -1 2.5185 0.0000 0.0000 1242.0000 375.0000 1.5155 1.6441 3.8933 -2.8726 1.6465 1.8925 1.5947 0.5109
Car -1 -1 -1.6560 650.0035 181.3385 698.7900 222.8819 1.4702 1.5670 3.6535 2.4043 1.8226 28.1063 -1.5723 0.3201
Car -1 -1 -0.9978 1086.7496 171.8437 1242.0000 375.0000 1.4212 1.6454 4.4670 6.6363 1.4146 6.2077 -0.2028 0.2730
Car -1 -1 -1.6469 642.5830 180.6333 683.7810 215.8430 1.4688 1.5689 3.7919 2.3268 1.8437 32.8378 -1.5774 0.2707
