Pedestrian -1 -1 1.4523 725.7578 161.6440 738.4456 195.2741 1.8069 0.6058 0.6300 6.5771 1.2049 39.0929 1.6174 0.1145
Car -1 -1 -2.8655 386.0197 188.6504 485.5289 222.4553 1.4191 1.6275 4.0004 -7.7214 2.1400 32.0165 -3.1008 0.8656
Car -1 -1 -1.7882 710.0571 176.4000 840.7152 272.5887 1.5000 1.5402 3.4674 2.8003 1.5735 13.1213 -1.5835 0.8534
Car -1 -1 -1.7098 670.9262 179.0625 752.3895 242.8539 1.4485 1.5481 3.6302 2.4646 1.6242 18.5585 -1.5807 0.7455
Car -1 -1 -1.5356 591.7026 177.3266 627.0253 210.5147 1.5471 1.6377 3.7141 -0.0249 1.7825 36.0251 -1.5369 0.7310
Car -1 -1 -2.0605 834.2529 192.8660 1242.0000 375.0000 1.4374 1.5972 4.1226 2.4551 1.6003 3.7596 -1.5183 0.6809
Car -1 -1 -2.9518 444.5921 183.0683 520.5956 212.0745 1.5195 1.6800 3.8265 -6.9292 2.0882 39.2774 -3.1257 0.4511
Car -1 -1 -1.5783 658.0704 171.3250 696.4562 211.9227 1.7370 1.6388 3.6996 2.9932 1.6719 32.7789 -1.4886 0.3209
Car -1 -1 -2.6802 477.7983 180.6867 537.5954 203.4574 1.4924 1.6071 3.7437 -7.0509 2.0455 49.5688 -2.8212 0.1523
Car -1 -1 -1.4269 644.4223 176.7668 681.1075 203.2176 1.4258 1.5777 3.8357 3.0466 1.6625 41.5374 -1.3547 0.1290
