Cyclist -1 -1 2.6676 0.0000 177.3645 112.0876 348.8380 1.6452 0.5111 1.7055 -6.5196 1.7002 7.8493 1.9909 0.1018
Car -1 -1 1.7918 342.6546 186.0664 466.4196 270.2580 1.4525 1.6209 3.9917 -4.1809 1.7668 15.1132 1.5256 0.8785
Car -1 -1 1.7589 425.6287 185.8810 511.8675 246.3073 1.4164 1.5853 3.9788 -3.7971 1.8094 19.7569 1.5708 0.7948
Car -1 -1 -1.4514 497.6383 180.9186 550.0912 220.8507 1.4746 1.6423 4.2233 -3.5001 1.8296 29.6098 -1.5686 0.7749
Car -1 -1 -2.1249 842.0007 184.1069 1242.0000 375.0000 1.5146 1.5968 3.8694 2.9710 1.6209 4.8332 -1.6018 0.7520
Car -1 -1 -1.7234 638.3397 179.5670 685.5302 213.2696 1.4539 1.6099 4.0133 2.3463 1.7900 34.0146 -1.6557 0.7081
Car -1 -1 2.2991 0.0000 202.8705 311.3065 375.0000 1.4633 1.6243 3.9771 -3.4356 1.7149 4.0090 1.6225 0.6792
Car -1 -1 -1.7750 722.3425 182.4535 870.9055 291.2524 1.4715 1.5691 3.7771 2.8553 1.6569 11.9984 -1.5481 0.3749
Car -1 -1 -1.4154 630.5159 178.1588 659.4734 199.2157 1.4573 1.5658 3.7415 2.5731 1.8614 52.9251 -1.3676 0.2423
Car -1 -1 -1.2096 1013.2185 176.2632 1242.0000 326.2255 1.4105 1.6661 4.5294 6.9390 1.4613 8.7751 -0.5572 0.1868
