Pedestrian -1 -1 1.2855 227.5686 159.1033 269.4563 243.0437 1.7939 0.5962 0.9281 -7.9368 1.3383 15.6489 0.8261 0.8441
Pedestrian -1 -1 1.4842 317.3585 161.7361 350.5163 243.7620 1.7809 0.6248 0.8983 -6.1383 1.3751 15.8861 1.1240 0.8115
Pedestrian -1 -1 -2.2842 417.1351 161.0970 460.3809 234.4651 1.8026 0.5714 0.9691 -4.2448 1.3275 17.8832 -2.5114 0.7734
Pedestrian -1 -1 1.0658 443.3174 163.1158 480.8813 234.4438 1.8082 0.5934 0.9166 -3.7728 1.3691 18.4609 0.8693 0.7112
Pedestrian -1 -1 -1.5207 296.8621 157.2648 324.8626 230.8488 1.8156 0.6053 0.9733 -7.5163 1.2439 18.0003 -1.9081 0.5928
Pedestrian -1 -1 1.8270 247.8892 156.7805 279.4286 221.5239 1.8515 0.6117 0.9364 -10.0331 1.1748 20.7320 1.3842 0.5070
Pedestrian -1 -1 1.6087 283.9019 157.2166 309.7623 226.3619 1.8467 0.6099 0.9964 -8.5053 1.2264 19.4526 1.2044 0.4262
Pedestrian -1 -1 1.6553 275.7235 156.5743 300.8208 221.3200 1.8738 0.5970 0.9625 -9.4371 1.1829 21.0098 1.2407 0.2662
Pedestrian -1 -1 1.4428 307.8171 155.6307 335.9484 227.5429 1.9235 0.6040 0.9791 -7.8436 1.2599 19.4815 1.0675 0.2390
Pedestrian -1 -1 1.1177 359.7843 157.9866 396.5152 227.8975 1.8748 0.6227 0.9315 -6.2990 1.2727 19.5084 0.8120 0.2281
Car -1 -1 -2.2587 1027.2839 182.5482 1155.2700 227.9327 1.4079 1.5294 3.7521 16.3478 1.4847 24.0435 -1.6662 0.8399
Car -1 -1 -2.0928 960.1745 180.6326 1067.0568 227.2919 1.4770 1.5812 3.5464 13.8056 1.4834 24.1651 -1.5778 0.6997
Car -1 -1 0.9896 1107.0302 182.7035 1224.0000 229.6786 1.4783 1.6000 3.8523 19.3604 1.5621 24.4178 1.6551 0.6976
Car -1 -1 -1.5423 602.4333 175.1579 634.0339 203.6154 1.4213 1.5548 3.5743 0.7219 1.1560 37.1326 -1.5213 0.5914
