Car -1 -1 -1.9018 489.1298 185.6210 725.3582 350.4938 1.4328 1.5642 3.8341 -0.3339 1.6230 8.6583 -1.9410 0.8416
Car -1 -1 -2.2634 667.4299 180.9996 1242.0000 375.0000 1.4710 1.5479 3.5673 1.7353 1.5431 4.4119 -1.9126 0.6907
Car -1 -1 1.6987 158.3994 181.1313 240.0320 238.6880 1.4770 1.5911 3.7215 -11.9571 1.7429 21.1182 1.1886 0.6316
Car -1 -1 2.5894 485.7647 177.8910 674.6851 251.9995 1.4682 1.6065 4.0285 -0.6636 1.5951 16.3276 2.5485 0.5940
Car -1 -1 -0.2843 439.3532 177.9377 550.6669 223.1309 1.5152 1.5912 3.6671 -4.1879 1.7096 26.0321 -0.4428 0.5678
Car -1 -1 -0.4904 490.0709 178.0987 639.1276 242.5297 1.5347 1.5825 3.6138 -1.2197 1.6855 19.0714 -0.5542 0.4128
Car -1 -1 2.7997 412.2430 178.2953 521.1049 218.8381 1.4710 1.5784 3.8839 -5.6401 1.6973 28.2968 2.6042 0.3223
Car -1 -1 -0.2829 390.3080 176.0300 486.9121 210.4481 1.5743 1.6903 4.2738 -8.3598 1.7371 35.1193 -0.5154 0.3050
Car -1 -1 2.8454 396.0424 177.9355 485.6555 212.9441 1.4733 1.5659 3.6203 -7.6240 1.7131 32.4089 2.6157 0.3029
Car -1 -1 -0.3836 453.9966 181.8828 574.0746 230.3913 1.4325 1.5104 3.5558 -3.1411 1.7450 23.4105 -0.5162 0.2796
Car -1 -1 -0.6114 579.0132 181.7327 767.0683 267.0000 1.4532 1.5128 3.4243 1.2108 1.6461 14.1274 -0.5288 0.2708
Car -1 -1 1.8129 204.6481 179.6532 264.5043 216.0353 1.4936 1.5502 3.5818 -16.7462 1.8161 32.2582 1.3372 0.2391
Car -1 -1 -1.6012 309.6997 178.1385 332.7421 197.7996 1.5017 1.6116 4.0319 -23.4403 1.9460 58.4436 -1.9813 0.2264
Car -1 -1 -1.6246 366.9785 174.8043 401.2670 203.7237 1.6020 1.7007 4.2852 -13.4054 1.7236 42.5813 -1.9281 0.1908
