Car -1 -1 -1.7002 669.4272 179.1812 742.4669 233.8274 1.4381 1.5995 4.1713 2.7155 1.6459 21.5613 -1.5774 0.9074
Car -1 -1 2.9366 276.4907 180.7598 470.4293 254.8939 1.3988 1.5534 3.7383 -5.1165 1.5872 15.5540 2.6232 0.8383
Car -1 -1 -1.6649 650.0424 176.6690 691.4868 210.3243 1.4933 1.5974 3.8387 2.8019 1.6856 34.3796 -1.5848 0.6167
Car -1 -1 -0.3142 407.5853 177.7980 533.1752 225.7503 1.5246 1.6788 3.9428 -4.8586 1.7076 24.9739 -0.5049 0.6144
Car -1 -1 -2.2288 889.7776 195.3156 1242.0000 375.0000 1.4792 1.6357 4.0559 2.6399 1.6346 2.9297 -1.5451 0.5857
Car -1 -1 2.8440 403.0749 174.5254 526.3962 221.3080 1.6598 1.7172 4.2939 -5.5573 1.7280 27.4996 2.6459 0.4334
Car -1 -1 1.4916 531.1736 178.1737 560.2122 202.0530 1.4537 1.5866 3.5716 -4.2229 1.8121 46.6604 1.4014 0.2068
Car -1 -1 -1.1159 533.6374 176.0196 579.3328 198.5129 1.5207 1.6454 4.0529 -3.8044 1.7570 51.5823 -1.1896 0.1572
Car -1 -1 -1.6495 638.8127 175.5257 670.7821 201.5845 1.4967 1.6168 4.0190 2.6473 1.6671 43.8795 -1.5902 0.1276
Car -1 -1 2.6214 448.4453 174.1983 545.0907 211.0609 1.7240 1.7880 4.4647 -5.6394 1.7954 35.9887 2.4666 0.1248
