Pedestrian -1 -1 2.1027 280.8884 161.8847 354.5222 292.6494 1.7750 0.5822 0.9263 -4.2034 1.6264 10.2933 1.7233 0.7831
Car -1 -1 -1.7913 731.1860 178.2502 867.6273 274.7157 1.5094 1.6019 3.6846 3.2778 1.6235 13.3484 -1.5566 0.8943
Car -1 -1 -1.7560 699.3007 179.4799 792.4855 243.8950 1.4608 1.6150 4.0969 3.3691 1.6531 18.8416 -1.5826 0.8658
Car -1 -1 -1.7238 680.1824 179.7055 745.3780 225.8692 1.4419 1.6135 4.1461 3.4587 1.7018 25.2426 -1.5899 0.8309
Car -1 -1 -1.5349 606.3389 177.9123 636.2798 204.8856 1.4799 1.6193 4.1660 0.6746 1.7931 42.5028 -1.5197 0.7819
Car -1 -1 -2.0447 818.3417 197.1376 1242.0000 375.0000 1.3884 1.6181 4.3727 2.9126 1.6412 5.3102 -1.5675 0.7498
Car -1 -1 -1.5747 666.5098 178.8336 692.3556 203.3298 1.4371 1.5433 3.5070 4.2882 1.8257 45.0295 -1.4808 0.2042
Car -1 -1 1.7328 461.0714 177.9806 495.5341 202.6367 1.4561 1.5493 3.6968 -8.2466 1.7912 45.2453 1.5531 0.1486
Car -1 -1 1.5174 652.0745 175.1562 677.8771 197.8461 1.5216 1.5855 4.1278 3.8113 1.6909 50.8851 1.5914 0.1393
Car -1 -1 1.5931 683.3171 177.0018 721.2711 212.7560 1.5342 1.6491 4.2844 4.3142 1.7413 33.7186 1.7187 0.1026
