Pedestrian -1 -1 -2.4001 0.0000 146.4898 122.9998 363.3068 1.8233 0.5984 0.9622 -5.0184 1.5390 6.2838 -3.0479 0.7187
Pedestrian -1 -1 -0.9765 226.9014 161.9861 272.6531 235.8732 1.7673 0.6063 0.8953 -8.7649 1.3261 17.3916 -1.4342 0.6401
Pedestrian -1 -1 1.1688 418.9111 164.9702 446.6423 220.9926 1.8363 0.6211 0.8516 -5.8064 1.3288 23.6982 0.9334 0.6232
Pedestrian -1 -1 -1.5738 272.9845 162.3608 299.7069 237.0660 1.7790 0.5845 0.9046 -7.8623 1.3486 17.3644 -1.9903 0.6107
Pedestrian -1 -1 1.6335 359.0063 163.4700 376.0612 207.7052 1.8138 0.6215 0.8156 -9.9121 1.1170 29.4591 1.3140 0.3545
Pedestrian -1 -1 1.6866 399.8551 165.1608 417.1531 208.1904 1.7966 0.6183 0.7798 -8.3404 1.1576 29.9478 1.4195 0.3054
Pedestrian -1 -1 -0.1636 545.7874 168.8130 567.7090 208.5602 1.7273 0.6244 0.8731 -2.1476 1.2209 31.1255 -0.2301 0.2587
Pedestrian -1 -1 -0.3671 560.7210 164.5784 598.5905 227.7417 1.7295 0.6779 0.8770 -0.7497 1.2951 19.8389 -0.4025 0.1942
Pedestrian -1 -1 0.5672 365.4914 165.0543 389.6930 205.8242 1.7921 0.6001 0.8341 -10.1403 1.1146 31.4716 0.2603 0.1685
Cyclist -1 -1 -1.7339 563.8450 163.9545 595.1409 231.1813 1.8013 0.5729 1.9346 -0.7740 1.3595 19.9448 -1.7703 0.5899
Cyclist -1 -1 -1.7252 548.2134 168.9381 567.1449 209.8803 1.7606 0.5565 1.8780 -2.1315 1.2649 31.3770 -1.7906 0.2828
Car -1 -1 -2.2726 1119.8431 183.7484 1224.0000 217.6529 1.4411 1.6373 4.0754 26.0010 1.6014 32.5036 -1.6012 0.6854
Car -1 -1 -2.1842 920.6324 182.4706 1012.5627 215.8383 1.4146 1.6139 4.1946 16.4375 1.5125 32.4208 -1.7174 0.5799
Car -1 -1 1.1188 989.6033 182.5035 1073.2825 217.1729 1.4802 1.6420 4.1198 19.4902 1.5799 32.5484 1.6555 0.5377
Car -1 -1 -1.5776 607.6317 175.3533 632.4373 198.6767 1.4365 1.5279 3.4300 0.9491 1.1209 45.2703 -1.5551 0.4473
Car -1 -1 -2.0065 874.2365 181.2554 946.9482 216.5875 1.5146 1.6238 3.6859 13.8302 1.5525 32.2529 -1.6034 0.1667
