Cyclist -1 -1 -1.9663 1017.6167 0.0000 1242.0000 375.0000 1.8497 0.5134 1.7829 1.8432 1.2967 2.3296 -1.3557 0.1558
Car -1 -1 1.7326 485.2133 180.7492 541.6036 220.9629 1.4425 1.6126 3.8449 -3.7959 1.7770 28.5897 1.6013 0.7987
Car -1 -1 -1.5801 566.6697 176.1196 598.9506 207.4107 1.5603 1.6281 3.7087 -1.4992 1.7424 38.2619 -1.6195 0.7671
Car -1 -1 0.4487 168.9218 183.0185 363.4288 249.7317 1.4999 1.6370 3.8933 -8.1960 1.7562 17.3185 0.0122 0.7638
Car -1 -1 0.7235 0.0000 183.9184 232.0204 317.7210 1.5882 1.7182 4.1306 -7.6456 1.7532 9.7305 0.0706 0.6988
Car -1 -1 0.4789 61.4437 188.8005 304.3087 264.8115 1.4342 1.6202 4.0245 -8.7122 1.7834 14.8839 -0.0433 0.6830
Car -1 -1 3.6757 0.0000 190.0264 256.4355 287.2099 1.4724 1.6011 3.7649 -8.2849 1.7835 12.1500 3.0871 0.6809
Car -1 -1 0.3871 241.9928 185.1625 396.7892 239.8520 1.4465 1.5749 3.7109 -8.1218 1.8061 20.2494 0.0097 0.6664
Car -1 -1 3.3394 368.1842 178.8124 459.8317 215.1685 1.5407 1.6240 3.6506 -8.6224 1.8115 31.8090 3.0763 0.6564
Car -1 -1 3.8576 0.0000 202.3695 53.2458 375.0000 1.4619 1.5965 3.8469 -8.0796 1.7915 7.0231 3.0213 0.2605
Car -1 -1 -1.1162 249.7790 168.6082 327.7746 204.2890 1.6159 1.6908 4.3604 -15.4550 1.4240 34.8864 -1.5306 0.2460
