Car -1 -1 1.7379 0.0000 193.2840 150.1278 363.6777 1.4720 1.6253 4.0012 -6.8965 1.7853 8.8965 1.0927 0.8126
Car -1 -1 -0.7025 611.3820 181.1165 947.9341 327.8130 1.3749 1.5164 3.7804 1.9875 1.4902 8.4813 -0.4812 0.7676
Car -1 -1 2.8305 353.0869 176.5752 503.5970 231.2513 1.5609 1.6726 4.2845 -5.7147 1.6878 22.6868 2.5860 0.7667
Car -1 -1 1.6697 34.5207 178.0186 172.5686 283.6453 1.6839 1.7151 4.2848 -9.6721 1.8010 14.0163 1.0743 0.6438
Car -1 -1 1.6553 167.0148 181.8722 217.1909 221.5240 1.5368 1.5465 3.5447 -17.7989 1.9459 30.7739 1.1344 0.5255
Car -1 -1 2.0157 0.0000 203.9826 94.9559 375.0000 1.4693 1.6301 4.0152 -4.8632 1.7559 4.4677 1.2176 0.4754
Car -1 -1 2.9071 345.8827 179.3573 441.2470 215.7487 1.4059 1.5142 3.5401 -9.0159 1.6903 29.9662 2.6169 0.4703
Car -1 -1 2.9447 335.3434 175.5059 425.7072 213.8722 1.6290 1.6127 3.6270 -10.3454 1.7544 32.4338 2.6379 0.4475
Car -1 -1 1.6712 187.0849 178.5223 228.2251 210.0260 1.6401 1.6205 3.9206 -22.5290 1.9748 40.4446 1.1655 0.2454
Car -1 -1 1.7723 304.7396 183.6735 346.0378 209.6365 1.3893 1.5195 3.7756 -16.6459 2.0532 42.2555 1.3989 0.1413
