Pedestrian -1 -1 1.8662 0.0000 153.7601 51.3421 293.8933 1.7537 0.6063 0.7493 -7.8994 1.5151 9.4881 1.1856 0.2593
Car -1 -1 -1.8829 725.6151 183.6995 930.9816 321.2903 1.4496 1.5356 3.4634 2.6264 1.6217 9.6499 -1.6261 0.9048
Car -1 -1 -1.7036 656.1678 167.9463 736.8607 231.1778 1.6377 1.7096 4.3950 2.3378 1.5110 20.9024 -1.5945 0.8575
Car -1 -1 3.0678 84.7422 174.7293 401.9025 288.1874 1.4974 1.6523 4.1730 -5.6398 1.5318 11.3409 2.6152 0.8555
Car -1 -1 -1.7383 686.2853 173.9515 799.4067 259.0812 1.4993 1.5873 3.7915 2.4988 1.5248 14.6516 -1.5736 0.8189
Car -1 -1 2.8471 270.1479 166.3245 476.2654 248.4307 1.7178 1.7477 4.3063 -5.5692 1.5816 17.0382 2.5352 0.5110
Car -1 -1 -1.6624 646.9009 174.3118 692.1238 211.1561 1.4588 1.5627 3.6539 2.4218 1.5246 30.5492 -1.5846 0.4536
Car -1 -1 0.0467 0.0000 192.9426 235.1687 375.0000 1.4410 1.6282 4.1160 -5.3659 1.6482 5.4724 -0.7046 0.3843
Car -1 -1 -0.4023 423.0758 168.9186 532.3675 211.1894 1.6705 1.7007 4.1958 -5.5771 1.5154 30.3770 -0.5828 0.2610
Car -1 -1 2.6657 458.2245 173.5708 538.3582 205.1664 1.5091 1.5922 3.6571 -5.6277 1.5472 36.2585 2.5124 0.2444
