Pedestrian -1 -1 1.6405 54.0572 163.6566 106.6377 277.0853 1.7239 0.6205 0.6676 -8.4143 1.5844 11.4101 1.0160 0.1050
Car -1 -1 -1.8371 711.1848 194.2494 879.6030 311.0555 1.4160 1.5474 3.6942 2.6429 1.8076 11.3121 -1.6147 0.8785
Car -1 -1 -1.8152 674.9466 190.9789 782.1682 264.1939 1.4210 1.5619 3.8028 2.5997 1.8964 16.9426 -1.6666 0.8159
Car -1 -1 2.1201 161.3037 188.3121 263.4602 232.2053 1.3886 1.5373 3.6368 -14.2403 1.9855 25.9868 1.6229 0.8114
Car -1 -1 -2.3244 307.9323 174.4044 521.1854 274.2909 1.7795 1.7974 4.2418 -4.1069 1.8157 14.7846 -2.5915 0.8089
Car -1 -1 1.9710 251.1106 185.4433 323.2223 221.3480 1.4534 1.5824 3.8440 -14.4842 2.0546 32.4963 1.5544 0.7668
Car -1 -1 -2.0552 807.3609 202.4429 1242.0000 375.0000 1.4299 1.5428 3.6997 2.6455 1.7139 5.0443 -1.5975 0.7661
Car -1 -1 -1.6883 644.9572 187.7370 695.2488 226.9082 1.4469 1.6112 4.1363 2.4154 2.1164 30.3420 -1.6104 0.7578
Car -1 -1 1.9038 339.7367 185.5529 383.9313 211.3447 1.4409 1.5116 3.3537 -14.9930 2.2390 43.6417 1.5744 0.3107
Car -1 -1 1.3643 625.5498 189.3339 673.3083 222.4010 1.4653 1.5967 3.9388 1.8749 2.3375 36.1019 1.4150 0.1124
