Pedestrian -1 -1 1.1899 375.6151 163.9211 416.0765 244.7269 1.7401 0.5801 0.8829 -4.7045 1.3847 15.7470 0.9069 0.8654
Pedestrian -1 -1 -1.9771 651.0139 165.8027 688.9810 239.0994 1.6938 0.6005 0.8781 1.5017 1.3558 16.8451 -1.8881 0.7958
Pedestrian -1 -1 1.1199 315.3096 158.8286 361.6574 246.1963 1.7989 0.5856 0.9219 -5.7320 1.3543 15.0839 0.7656 0.5955
Pedestrian -1 -1 1.2339 522.9246 166.6752 541.4720 205.9228 1.8291 0.6219 0.8690 -3.4673 1.1862 33.4712 1.1334 0.1900
Pedestrian -1 -1 2.8710 258.9490 146.6353 392.0819 370.0000 1.8094 0.6297 0.7771 -2.1147 1.5848 5.2035 2.5073 0.1839
Cyclist -1 -1 -1.7854 499.5966 165.3814 529.6990 222.7332 1.7511 0.5598 1.9121 -2.9342 1.2911 22.5781 -1.9111 0.7057
Car -1 -1 -2.2377 1029.9240 182.9691 1155.0009 228.2331 1.4025 1.5226 3.6809 16.3627 1.4944 23.9994 -1.6439 0.8229
Car -1 -1 0.9365 1098.4082 183.0977 1224.0000 229.1618 1.4463 1.6131 4.0453 19.2306 1.5453 24.4687 1.5978 0.7269
Car -1 -1 -2.1077 957.5236 181.1156 1066.5198 227.3874 1.4584 1.5750 3.6151 13.7399 1.4825 24.1530 -1.5946 0.6911
Car -1 -1 -1.5779 602.8998 174.8788 634.1809 203.4063 1.4257 1.5635 3.6895 0.6859 1.1462 37.1862 -1.5579 0.6702
Car -1 -1 -0.3715 287.5257 179.6475 487.9446 253.6735 1.4508 1.6227 3.9372 -4.7857 1.4357 15.6998 -0.6600 0.1376
Car -1 -1 2.4109 1041.1036 184.7689 1224.0000 258.3932 1.4840 1.5809 3.7333 11.7173 1.5838 15.3039 3.0559 0.1205
