Car -1 -1 -1.7829 715.7591 184.1299 870.1960 290.9717 1.4482 1.6105 4.1554 2.8450 1.6734 12.3020 -1.5620 0.8851
Car -1 -1 -1.7169 676.4960 179.6249 771.9393 248.3263 1.4496 1.6548 4.3585 2.6306 1.6378 17.8338 -1.5737 0.8792
Car -1 -1 -1.5546 581.1836 171.8090 642.8619 231.7940 1.6472 1.6951 4.2906 0.0446 1.6188 21.9702 -1.5534 0.8409
Car -1 -1 2.0871 175.4234 170.1551 281.6042 213.3458 1.4749 1.6510 4.0984 -14.0210 1.3831 26.7148 1.6077 0.7661
Car -1 -1 -1.7079 661.0384 176.9675 717.5605 219.4806 1.4550 1.5742 3.7919 2.8495 1.6202 26.9850 -1.6045 0.7289
Car -1 -1 -2.0112 829.4823 179.7753 1242.0000 375.0000 1.5169 1.6881 4.2726 2.7316 1.5828 4.6457 -1.5081 0.6897
Car -1 -1 2.2298 0.0000 171.7706 136.3420 238.2556 1.4756 1.5939 3.7478 -13.8322 1.4519 17.8914 1.5787 0.6399
Car -1 -1 -1.6663 653.9332 175.3169 697.5798 209.7964 1.4765 1.6156 3.8647 2.9200 1.5965 33.1120 -1.5797 0.3194
Car -1 -1 1.7897 379.5023 173.2830 416.7512 196.3106 1.4692 1.5898 3.8015 -14.0919 1.4993 48.0549 1.5057 0.2863
Car -1 -1 1.6214 443.7767 175.4220 463.6436 193.0557 1.5481 1.5862 3.7433 -14.2661 1.7900 65.8939 1.4087 0.2431
Car -1 -1 -1.6357 646.1785 174.8994 679.1902 203.2820 1.4441 1.5245 3.6418 2.7551 1.5596 38.7965 -1.5658 0.1434
