Pedestrian -1 -1 2.6551 395.6331 145.6942 492.9185 298.7535 1.8348 0.6471 1.0332 -2.1014 1.4192 9.0518 2.4366 0.8302
Pedestrian -1 -1 0.3512 45.9762 150.6532 126.7215 262.5051 1.8022 0.5663 0.9469 -8.6717 1.3230 11.7861 -0.2684 0.6481
Pedestrian -1 -1 0.1599 66.9006 147.7024 138.5861 254.2006 1.8320 0.5935 0.9579 -8.9968 1.2695 12.6320 -0.4452 0.4634
Pedestrian -1 -1 2.2205 538.3708 162.8894 567.6996 216.9491 1.7929 0.5935 0.8580 -1.7870 1.2104 23.9662 2.1488 0.4244
Pedestrian -1 -1 2.5295 520.1092 160.3015 554.9084 214.6698 1.8475 0.6024 1.0496 -2.3736 1.1627 24.5913 2.4363 0.3513
Pedestrian -1 -1 2.2477 595.4586 161.0139 624.4825 210.1926 1.7921 0.6699 0.8915 0.1615 1.0836 26.3181 2.2556 0.3068
Pedestrian -1 -1 2.5163 600.9937 161.7565 632.3056 212.3811 1.7490 0.6450 0.8968 0.3828 1.1030 24.9431 2.5332 0.2618
Pedestrian -1 -1 2.4096 488.2006 161.6334 520.7394 217.0907 1.7689 0.5915 0.8822 -3.3087 1.1686 23.0749 2.2710 0.2079
Pedestrian -1 -1 2.4980 473.0739 160.8973 507.6108 215.7518 1.8080 0.6306 0.9659 -3.8972 1.1634 23.8650 2.3401 0.1781
Car -1 -1 -2.3531 249.2006 150.8605 595.6371 328.8153 1.7688 1.6613 4.2548 -2.4162 1.4759 8.8176 -2.6097 0.1063
