Car -1 -1 -1.7972 742.7927 183.7840 920.9922 313.3720 1.4429 1.5258 3.5814 2.8459 1.6246 10.1562 -1.5327 0.8848
Car -1 -1 -1.7817 714.4534 178.3651 831.7152 259.5570 1.4536 1.5633 3.8305 3.2069 1.5840 15.0965 -1.5773 0.8285
Car -1 -1 -2.1059 861.6812 189.5956 1242.0000 375.0000 1.4339 1.4888 3.5637 3.1686 1.5977 5.2484 -1.5884 0.7800
Car -1 -1 -1.7347 690.5681 170.5443 770.2531 235.3972 1.6669 1.6245 3.5334 3.2463 1.6079 20.3164 -1.5793 0.7209
Car -1 -1 -1.7133 663.4041 173.8026 719.6241 213.4039 1.5119 1.6851 4.3475 3.2477 1.5544 29.8521 -1.6066 0.6586
Car -1 -1 -2.4695 0.0000 155.0628 392.3660 375.0000 1.7077 1.7062 3.9091 -4.2856 1.5708 6.6370 -3.0253 0.4031
Car -1 -1 3.7972 0.0000 194.5570 198.6288 375.0000 1.4702 1.5924 3.8051 -4.6021 1.6197 3.8148 2.9530 0.3034
Car -1 -1 -1.5910 656.5113 173.0290 684.2774 198.8534 1.4450 1.5364 3.5143 3.4635 1.4561 42.1967 -1.5101 0.2238
Car -1 -1 -2.9905 460.2639 170.5791 559.8585 210.7911 1.7917 1.7624 4.3038 -4.5602 1.6907 33.0580 -3.1270 0.1708
Car -1 -1 -1.7303 680.0330 174.7940 740.6368 221.0281 1.4868 1.5335 3.4699 3.3747 1.5593 25.1031 -1.5989 0.1189
