Cyclist -1 -1 1.7513 378.6671 166.2167 445.3722 304.8903 1.7257 0.5561 1.8393 -2.7319 1.6435 9.9158 1.4882 0.7831
Car -1 -1 -1.9590 803.7075 193.5627 1222.6066 375.0000 1.4293 1.4974 3.4582 2.6783 1.6462 5.7987 -1.5469 0.8093
Car -1 -1 -0.4076 351.6110 179.5185 512.5428 237.7721 1.4696 1.6579 4.1304 -5.0484 1.6773 20.5415 -0.6462 0.7943
Car -1 -1 -1.6438 644.3746 173.4617 699.5613 222.4339 1.7616 1.8015 4.5022 2.2989 1.7877 28.2658 -1.5642 0.6886
Car -1 -1 2.8117 392.4277 179.1895 520.4489 224.6518 1.4952 1.6517 4.2073 -5.5480 1.7396 26.0132 2.6031 0.6174
Car -1 -1 2.9729 106.1491 185.3711 397.0520 290.3745 1.3759 1.5840 4.0267 -5.7585 1.6106 11.6955 2.5239 0.5709
Car -1 -1 2.7319 443.8701 178.9784 535.6653 212.7951 1.5139 1.6265 4.0455 -5.7990 1.8241 34.7255 2.5671 0.4199
Car -1 -1 0.0516 0.0000 163.9293 260.8590 375.0000 1.6388 1.6479 3.7771 -5.2432 1.5857 6.1067 -0.6366 0.3999
Car -1 -1 -0.0252 0.0000 182.1122 330.6862 342.8431 1.4650 1.6576 4.0797 -5.7231 1.5995 8.6178 -0.5976 0.3856
Car -1 -1 -1.7032 611.3400 180.2050 640.9185 202.3731 1.4354 1.5583 3.7399 1.0511 1.9645 49.9531 -1.6828 0.2713
Car -1 -1 -1.7327 631.1528 179.8825 672.6270 208.5304 1.4793 1.6685 4.0826 2.2556 1.8941 40.4152 -1.6779 0.1860
Car -1 -1 2.9055 422.5939 179.9643 527.1127 216.0539 1.4805 1.6533 4.2692 -6.0008 1.8109 31.8654 2.7204 0.1857
