Car -1 -1 -1.8880 713.8973 181.0775 915.6138 302.5657 1.4787 1.6468 4.3078 2.8600 1.6329 11.2892 -1.6473 0.9091
Car -1 -1 -1.7525 665.7720 179.4009 765.9435 250.7168 1.4137 1.5532 3.9291 2.2626 1.5834 16.6682 -1.6208 0.8525
Car -1 -1 -1.6762 632.1721 179.3414 686.3607 220.5279 1.4161 1.6076 4.2492 1.7663 1.6845 27.6431 -1.6137 0.8100
Car -1 -1 0.1354 287.2831 179.6310 456.8756 233.1455 1.4298 1.6979 4.4509 -6.7659 1.6371 20.8098 -0.1757 0.8054
Car -1 -1 3.5302 0.0000 180.5999 338.0829 286.2928 1.4492 1.6327 4.1794 -6.6246 1.5810 11.1461 3.0040 0.7529
Car -1 -1 3.7436 0.0000 185.5763 264.8435 330.3259 1.4261 1.5862 3.7983 -6.2208 1.5849 8.1191 3.1053 0.7490
Car -1 -1 -1.6726 616.7681 178.7374 660.4149 212.6566 1.4329 1.5908 4.0425 1.2193 1.7214 33.2655 -1.6369 0.6052
Car -1 -1 0.2579 341.9758 178.8507 466.5245 220.8932 1.4925 1.6696 4.1480 -7.5911 1.7222 26.7286 -0.0167 0.4015
Car -1 -1 3.2108 399.9354 177.4047 482.1771 207.4356 1.5094 1.6348 4.0840 -8.8088 1.7549 37.7367 2.9826 0.2906
Car -1 -1 1.7450 517.9379 177.0443 545.0190 195.2179 1.4539 1.5889 4.0587 -6.5978 1.8192 60.7558 1.6369 0.1529
Car -1 -1 1.6056 441.3888 180.2892 481.0548 218.2391 1.4440 1.4929 3.5397 -6.1876 1.7733 30.0534 1.4038 0.1217
