Car -1 -1 -1.7093 636.5208 181.0751 684.1587 216.1053 1.4225 1.5705 4.0186 2.1511 1.8147 32.3257 -1.6441 0.8402
Car -1 -1 -1.7663 683.5856 184.3658 755.9157 235.3456 1.3917 1.5081 3.6585 3.2725 1.7793 22.4039 -1.6240 0.8120
Car -1 -1 3.1109 0.0000 186.6932 391.3021 348.7641 1.4772 1.6295 4.0567 -4.9270 1.6761 8.6095 2.6038 0.7515
Car -1 -1 2.7603 399.3438 180.0630 511.2880 222.5314 1.5042 1.6245 3.9127 -5.9963 1.8012 27.9186 2.5502 0.6140
Car -1 -1 -0.3146 371.7180 183.9302 511.9090 234.9110 1.4089 1.5729 3.9394 -5.2261 1.7785 22.3622 -0.5421 0.5856
Car -1 -1 2.9148 201.7547 185.0344 453.3438 276.0509 1.4524 1.6475 4.2526 -5.3989 1.7187 13.8818 2.5497 0.5839
Car -1 -1 2.9238 290.5301 184.2281 481.4633 255.4483 1.4640 1.6183 4.0663 -5.3134 1.7605 17.0805 2.6259 0.5699
Car -1 -1 -2.1710 921.1088 207.1508 1242.0000 375.0000 1.4307 1.5758 3.9204 2.8451 1.6807 3.2354 -1.4949 0.5514
Car -1 -1 -1.7210 617.0863 180.0703 660.3043 211.5616 1.4946 1.6294 4.0576 1.3895 1.8893 37.3170 -1.6847 0.4281
Car -1 -1 0.0338 0.0000 197.1896 295.8031 375.0000 1.4309 1.6181 4.0559 -4.7451 1.6752 5.3368 -0.6686 0.4016
Car -1 -1 -1.8825 726.9506 146.5117 960.5174 313.6316 1.9235 1.7993 4.5257 3.0218 1.6206 10.6007 -1.6132 0.3717
Car -1 -1 -0.5466 0.0000 220.2009 198.6531 375.0000 1.4334 1.5825 4.0131 -3.4269 1.7191 2.2737 -1.4774 0.2023
