Cyclist -1 -1 -1.8787 741.0985 169.0896 813.6415 289.4136 1.6976 0.5415 1.8054 2.4788 1.6449 11.1016 -1.6659 0.4429
Car -1 -1 -1.9481 835.3547 186.2410 1087.8938 333.6951 1.4283 1.5452 3.5401 4.0701 1.6309 9.1042 -1.5408 0.8784
Car -1 -1 -1.3598 456.1253 172.4513 544.7796 238.8250 1.6498 1.6269 3.9013 -2.9578 1.6401 19.9311 -1.5059 0.8335
Car -1 -1 -1.3568 385.8305 184.6568 509.5703 272.6711 1.3725 1.5096 3.5549 -2.9380 1.6229 13.5060 -1.5678 0.8038
Car -1 -1 -1.7412 680.0814 173.2840 737.9320 215.1078 1.6794 1.7403 4.3647 4.1589 1.6997 31.2307 -1.6106 0.7497
Car -1 -1 -0.5138 892.3224 180.6060 1034.1111 227.7903 1.5276 1.6610 4.0619 11.9510 1.8031 24.6407 -0.0675 0.7259
Car -1 -1 -1.4308 501.8893 177.2838 562.0509 221.0888 1.4770 1.6509 4.2258 -2.8657 1.6556 26.8981 -1.5365 0.7108
Car -1 -1 -1.1060 41.3901 133.6696 462.4733 375.0000 1.8766 1.8416 4.5074 -3.1197 1.5982 7.4500 -1.4910 0.6457
Car -1 -1 -1.8226 757.9290 182.7330 899.8262 268.1749 1.4088 1.6355 4.2872 4.1523 1.6381 14.5534 -1.5509 0.5907
Car -1 -1 0.7760 1059.1287 212.3953 1242.0000 375.0000 1.4253 1.5349 3.8759 4.0008 1.7200 3.4099 1.5982 0.5259
Car -1 -1 -0.4562 822.9009 179.5297 912.7321 210.8036 1.4264 1.6036 3.7002 12.2011 1.7540 34.3533 -0.1182 0.4060
Car -1 -1 -1.5670 655.4240 176.2006 675.6744 195.3431 1.4367 1.5347 3.4984 4.3341 1.7079 56.5870 -1.4913 0.3004
