Pedestrian -1 -1 0.7620 700.4710 152.9440 780.3427 288.4375 1.8513 0.6394 0.9564 1.9018 1.4765 10.2306 0.9420 0.8835
Pedestrian -1 -1 1.8502 325.7744 164.1713 348.7040 209.7297 1.8529 0.6724 0.8615 -11.0776 1.1903 29.2066 1.4931 0.2790
Pedestrian -1 -1 1.6552 348.7693 162.7587 365.6289 205.1169 1.8545 0.6406 0.7882 -11.0244 1.0792 31.4105 1.3226 0.1858
Pedestrian -1 -1 -1.3848 250.5379 160.0782 272.7229 206.4322 1.8882 0.6781 0.8530 -14.2440 1.0578 29.2956 -1.8312 0.1552
Pedestrian -1 -1 1.5661 367.9532 163.8545 382.5490 206.6614 1.8899 0.6150 0.7534 -10.3098 1.1565 31.6647 1.2561 0.1220
Car -1 -1 -2.2499 1027.0750 182.5907 1154.6343 227.9737 1.4093 1.5304 3.7666 16.3524 1.4877 24.0723 -1.6579 0.8394
Car -1 -1 -2.0942 961.0176 181.3185 1066.6625 227.3635 1.4548 1.5699 3.4810 13.8040 1.4862 24.1421 -1.5789 0.7690
Car -1 -1 0.9951 1107.9905 183.1213 1224.0000 230.1300 1.4779 1.6062 3.7919 19.3610 1.5772 24.4024 1.6609 0.6896
Car -1 -1 -1.5290 602.0721 175.3383 634.5999 203.8262 1.4228 1.5568 3.5850 0.7285 1.1664 37.1452 -1.5078 0.5820
Car -1 -1 2.2655 0.0000 58.0329 296.4082 370.0000 1.8199 1.7310 4.3836 -3.5255 1.5410 3.8148 1.5618 0.3958
