Car -1 -1 -1.9206 369.2837 181.6266 589.3797 323.6670 1.4491 1.5847 3.9881 -2.0134 1.5936 9.7340 -2.1204 0.8450
Car -1 -1 -2.1817 525.0716 170.4350 959.8708 375.0000 1.5108 1.5568 3.6097 0.6647 1.4979 5.8952 -2.0769 0.7893
Car -1 -1 1.6246 4.3227 178.5758 86.8046 239.3664 1.4892 1.5774 3.7281 -15.6051 1.6642 20.0299 0.9690 0.6587
Car -1 -1 -0.3023 309.5135 177.4619 430.8853 222.6154 1.5110 1.6290 3.8923 -8.7473 1.6909 26.3040 -0.6208 0.5842
Car -1 -1 -0.3727 368.4719 176.3512 514.0080 236.7896 1.5055 1.5795 3.5638 -4.6485 1.6100 19.8215 -0.6007 0.4115
Car -1 -1 1.4024 254.4229 174.2502 314.8954 211.6909 1.5632 1.7585 4.5516 -14.8349 1.6314 32.6794 0.9790 0.3926
Car -1 -1 2.6399 360.8135 174.6936 553.1109 244.0098 1.4635 1.6315 4.2593 -3.6263 1.5132 17.3395 2.4361 0.3917
Car -1 -1 -0.2715 324.0097 179.8973 444.7357 228.4848 1.4485 1.5064 3.4850 -7.3820 1.6941 23.5421 -0.5726 0.3859
Car -1 -1 2.5762 281.4845 175.3733 394.1779 217.8294 1.5371 1.5935 3.9022 -10.6718 1.6438 28.3984 2.2195 0.2642
Car -1 -1 2.6514 420.7659 179.8482 613.7217 259.3861 1.4343 1.5319 3.6924 -1.9201 1.5965 14.9986 2.5254 0.2089
