Pedestrian -1 -1 -1.7328 379.2751 170.8116 405.6765 231.7492 1.7343 0.6293 0.7103 -6.3790 1.6765 20.9896 -2.0249 0.1863
Car -1 -1 -0.2844 615.0480 164.3350 723.9850 209.6580 1.8175 1.7654 4.2203 2.4194 1.4762 30.2264 -0.2059 0.6068
Car -1 -1 2.6387 818.5567 168.4294 917.7986 199.7159 1.4788 1.6436 4.3114 12.5496 1.2701 35.2654 2.9777 0.4663
Car -1 -1 2.6114 0.0000 185.2254 87.6737 216.6756 1.3757 1.4690 3.3394 -27.4677 2.0042 34.8146 1.9470 0.3490
Car -1 -1 -1.4917 588.4821 175.3894 608.6073 192.1704 1.4912 1.5817 3.5497 -1.0509 1.7316 66.4882 -1.5078 0.2297
Car -1 -1 3.2321 0.0000 188.2257 37.7370 233.6386 1.4368 1.5879 3.9398 -23.1008 2.0265 25.8547 2.5079 0.1766
Car -1 -1 -1.5564 685.7256 169.4591 706.7053 189.6021 1.5971 1.6548 4.0845 7.0921 1.3283 59.3392 -1.4383 0.1210
Car -1 -1 2.4804 868.6562 161.1596 937.3289 185.9400 1.6400 1.7261 4.1529 19.9167 0.8664 49.1489 2.8631 0.1104
Car -1 -1 -0.9287 1018.3180 161.0157 1107.7006 194.7926 1.4970 1.6056 3.7220 20.9294 0.9727 33.4025 -0.3731 0.1058
Car -1 -1 1.7821 480.0583 171.5976 515.7421 196.6800 1.8204 1.7924 4.3614 -8.4562 1.7296 54.5939 1.6288 0.1045
