Pedestrian -1 -1 0.5268 860.0048 146.2706 956.8527 297.2111 1.8476 0.6195 0.9846 3.9004 1.4303 9.2289 0.9162 0.8454
Pedestrian -1 -1 1.6885 691.7618 165.2858 709.9711 212.0499 1.8010 0.6064 0.9132 3.7425 1.2165 27.7424 1.8228 0.3712
Pedestrian -1 -1 1.7135 331.7086 160.9717 349.7140 201.3875 1.8404 0.6673 0.8185 -12.2224 0.9526 32.6614 1.3605 0.2443
Pedestrian -1 -1 -1.3405 333.1005 163.0189 357.7308 216.0250 1.7881 0.5967 0.9307 -8.9595 1.2000 24.3437 -1.6871 0.1992
Pedestrian -1 -1 1.7057 349.8826 160.6350 367.1812 202.2553 1.9053 0.6531 0.8118 -11.4557 0.9973 32.8233 1.3748 0.1884
Car -1 -1 -2.2545 1026.9135 182.4247 1156.5659 228.3254 1.4248 1.5500 3.8190 16.3822 1.4972 24.0785 -1.6617 0.7940
Car -1 -1 -1.6156 602.4617 174.8507 635.0628 203.4547 1.4290 1.5493 3.5594 0.6697 1.1482 37.1162 -1.5960 0.6541
Car -1 -1 -2.1048 957.6095 181.5633 1065.8356 227.9392 1.4580 1.5739 3.5762 13.7077 1.4985 24.1109 -1.5919 0.6410
Car -1 -1 0.9454 1099.9749 183.0741 1224.0000 228.2791 1.4186 1.6015 4.0166 19.2463 1.5165 24.4504 1.6075 0.6082
Car -1 -1 -1.0523 750.9461 167.5157 1037.8014 316.7490 1.5670 1.6894 4.1611 3.9149 1.4324 9.3698 -0.6667 0.1023
