Car -1 -1 -1.8230 725.1530 184.1491 911.3382 306.4185 1.4452 1.6082 4.1898 2.8566 1.6508 11.0133 -1.5769 0.9155
Car -1 -1 -1.7089 682.5747 180.0792 784.5711 255.7192 1.4542 1.6473 4.3315 2.6164 1.6413 16.4640 -1.5550 0.8982
Car -1 -1 -1.5537 582.0695 170.0200 644.8375 231.3296 1.6616 1.7028 4.2719 0.0885 1.5852 21.7052 -1.5504 0.8148
Car -1 -1 -1.6719 664.5418 175.7192 720.1570 221.1003 1.4786 1.5699 3.7027 2.8059 1.5880 25.5963 -1.5647 0.7573
Car -1 -1 2.1246 149.9288 170.1870 267.9351 215.0370 1.4483 1.6800 4.1576 -14.0090 1.3626 25.4189 1.6251 0.6883
Car -1 -1 -2.1372 887.8859 187.6426 1242.0000 375.0000 1.4580 1.6315 4.0642 2.7361 1.5710 3.4097 -1.5030 0.6517
Car -1 -1 2.2680 0.0000 172.4534 102.8526 244.4845 1.4609 1.6075 3.8357 -13.8500 1.4531 16.5556 1.5792 0.3358
Car -1 -1 1.9324 372.4810 172.8926 418.4999 196.1550 1.4418 1.5839 3.8768 -13.8613 1.4448 46.7177 1.6452 0.2694
Car -1 -1 -1.6547 655.2727 174.7609 698.9925 210.3238 1.4523 1.5732 3.8029 2.8395 1.5412 31.5724 -1.5664 0.2500
Car -1 -1 1.8446 436.4537 174.1732 466.3116 192.2984 1.5674 1.6212 3.8921 -14.1985 1.6896 64.6710 1.6291 0.2186
