Car -1 -1 -1.5606 637.4978 174.9499 688.4818 225.1043 1.6318 1.6706 3.7826 1.8457 1.7122 25.5888 -1.4901 0.8507
Car -1 -1 1.9943 359.5596 174.9103 417.6258 201.7968 1.5018 1.6911 4.2593 -13.1054 1.6306 42.8593 1.6990 0.6518
Car -1 -1 2.9224 686.8318 179.2145 747.7901 201.3524 1.5361 1.6630 4.0452 7.6184 2.0001 51.6057 3.0676 0.5421
Car -1 -1 1.7760 659.7095 180.1993 705.1166 211.2170 1.4820 1.5821 3.9882 3.7917 1.8871 37.6235 1.8750 0.2167
Car -1 -1 -1.4217 558.5045 175.7581 580.8650 191.8013 1.4934 1.6127 3.8293 -3.8923 1.7829 69.8596 -1.4774 0.2052
Car -1 -1 3.3415 334.8853 175.9346 382.5013 191.6168 1.4147 1.5581 3.9150 -23.1570 1.7035 66.5272 3.0075 0.1933
Car -1 -1 1.9148 430.6702 176.7030 468.2967 196.3519 1.4649 1.6064 4.0771 -12.5998 1.7793 56.7465 1.6970 0.1674
Car -1 -1 1.1947 1012.6959 177.5533 1065.2654 201.8047 1.4275 1.5486 3.7410 26.7701 1.7351 45.1989 1.7262 0.1222
Car -1 -1 0.9539 1174.4557 174.9743 1242.0000 199.6810 1.4963 1.6408 4.1182 38.4132 1.6386 46.1730 1.6443 0.1132
Car -1 -1 2.6808 811.3652 177.4853 866.7517 195.6362 1.3956 1.5976 3.8731 18.0906 1.7696 57.1205 2.9856 0.1114
