Car -1 -1 2.0006 304.5481 201.2891 566.8091 375.0000 1.4244 1.5074 3.6161 -1.7872 1.8308 8.3682 1.7950 0.8808
Car -1 -1 -1.6772 841.6161 184.2785 930.1766 255.1460 1.4418 1.5575 3.4499 6.3911 1.7431 17.1396 -1.3268 0.8477
Car -1 -1 1.8575 513.9636 197.6067 652.6232 293.3609 1.3768 1.5466 3.8400 -0.3914 1.9104 13.4869 1.8277 0.8196
Car -1 -1 1.7564 649.1142 190.2543 717.3420 239.4153 1.3694 1.5512 3.7807 2.4220 1.9872 23.5670 1.8567 0.8129
Car -1 -1 -1.7215 826.7034 184.9831 883.1359 226.0361 1.4387 1.5496 3.5760 9.4890 1.9466 28.2954 -1.4017 0.5268
Car -1 -1 -2.2536 1028.4305 208.0349 1242.0000 375.0000 1.4603 1.5786 3.6105 3.0140 1.6745 2.4849 -1.4298 0.5179
Car -1 -1 2.5490 0.0000 208.4781 231.4946 375.0000 1.4913 1.5960 3.6992 -3.3846 1.7186 2.6619 1.6930 0.4581
Car -1 -1 -3.6840 1144.9656 192.4102 1242.0000 254.1209 1.4696 1.5823 3.7970 16.5734 2.0140 18.9715 -2.9743 0.3128
Car -1 -1 1.6796 679.6492 189.3666 728.3604 229.6734 1.3787 1.4985 3.8875 3.7204 2.0772 28.4356 1.8076 0.1929
Car -1 -1 1.6724 692.5763 187.4474 733.6943 221.7823 1.3911 1.4928 3.7645 4.7165 2.0984 32.9432 1.8126 0.1538
Car -1 -1 1.0034 1137.2699 163.4106 1208.6000 190.7799 1.5644 1.5869 3.7457 33.5576 1.0250 43.1751 1.6606 0.1245
