Cyclist -1 -1 -1.9106 682.2768 182.6781 713.2114 232.0173 1.6732 0.5120 1.8208 3.0744 2.0376 25.7875 -1.7942 0.2933
Car -1 -1 2.2110 29.7236 194.3079 206.2771 269.3061 1.5218 1.6112 3.7753 -11.8755 2.1051 17.6715 1.6260 0.8553
Car -1 -1 -1.3906 478.3081 188.8878 555.0740 245.8386 1.5243 1.6605 4.1463 -2.8634 2.0743 22.6162 -1.5159 0.8156
Car -1 -1 1.9648 320.4140 192.5565 376.1305 221.9935 1.4693 1.6362 3.6968 -14.6293 2.6251 40.4229 1.6192 0.6580
Car -1 -1 -1.6753 697.2716 187.0747 747.4100 227.2628 1.4419 1.5922 3.8094 4.4365 2.0559 29.1940 -1.5268 0.6430
Car -1 -1 -1.4331 512.3947 185.9739 564.5683 228.6809 1.5997 1.6639 3.7763 -2.9605 2.1827 30.1232 -1.5309 0.4313
Car -1 -1 1.9933 657.0792 183.1777 692.9899 202.2903 1.4782 1.5831 3.7417 5.4163 2.3660 60.0037 2.0824 0.2572
Car -1 -1 -1.4535 535.2539 187.0897 577.7461 220.4223 1.5225 1.6852 4.2526 -2.7166 2.2948 36.9612 -1.5270 0.2076
Car -1 -1 -0.2545 748.2881 185.3181 810.3720 206.2029 1.5087 1.6464 4.2478 12.6250 2.4579 54.0487 -0.0268 0.2053
Car -1 -1 1.7058 549.0940 188.4579 585.0873 215.9093 1.4675 1.6009 4.2031 -2.5506 2.4483 43.1777 1.6466 0.1676
Car -1 -1 2.0483 436.8825 188.1680 475.9948 206.7501 1.4737 1.6403 4.1018 -13.3892 2.8585 63.0327 1.8394 0.1645
