Car -1 -1 -1.2415 233.9412 190.8413 492.6081 354.1157 1.4226 1.5991 4.2681 -2.7305 1.6995 8.9248 -1.5313 0.9061
Car -1 -1 -1.9204 770.4178 180.8836 955.0995 290.5119 1.6173 1.7010 4.3077 4.2849 1.7884 13.1502 -1.6131 0.8887
Car -1 -1 -1.3898 411.7279 185.5697 515.5449 268.8969 1.4721 1.5012 3.4352 -2.9693 1.7673 14.9978 -1.5828 0.8533
Car -1 -1 2.0461 178.2973 180.1514 304.8294 234.4142 1.4837 1.7096 4.2879 -11.3295 1.7331 22.4606 1.5834 0.7996
Car -1 -1 2.1644 92.7774 180.8990 219.3505 228.9322 1.4342 1.6298 3.9895 -15.1289 1.7276 24.2466 1.6113 0.7538
Car -1 -1 -1.4411 507.9291 182.2428 562.3611 226.4448 1.5528 1.6254 3.8285 -2.8872 1.9441 28.1037 -1.5432 0.7145
Car -1 -1 -0.7374 1062.2097 191.0302 1242.0000 265.0091 1.5147 1.6573 3.7547 12.4960 1.9498 16.2574 -0.0916 0.6855
Car -1 -1 -1.4196 457.4972 174.6243 537.8661 246.5711 1.8094 1.6444 3.8704 -3.0807 1.8640 20.1743 -1.5700 0.6126
Car -1 -1 2.2821 0.0000 175.5548 53.4727 259.0761 1.5986 1.6374 4.0386 -14.7163 1.6664 15.9782 1.5461 0.5596
Car -1 -1 -1.7472 665.1334 185.5614 708.4409 214.9626 1.4081 1.5891 4.0657 3.9959 2.1222 38.4422 -1.6450 0.4400
Car -1 -1 -0.5232 0.0000 186.8856 302.1842 375.0000 1.4872 1.5951 3.6948 -2.7181 1.5640 1.9762 -1.4020 0.3362
Car -1 -1 1.7021 559.1181 182.4384 584.6251 202.0231 1.4987 1.6014 3.8355 -3.1153 2.3107 59.1203 1.6492 0.3067
Car -1 -1 2.0276 263.1426 180.9028 333.8477 213.9011 1.5040 1.5940 4.0750 -15.4726 1.9289 35.9747 1.6238 0.2602
