Car -1 -1 -1.7999 694.4934 180.8309 786.3645 241.8876 1.3968 1.5305 3.6782 3.2510 1.6267 18.8790 -1.6328 0.9000
Car -1 -1 1.3772 634.9548 178.7448 695.3214 218.3041 1.4261 1.6211 4.0862 2.0757 1.6787 28.7683 1.4478 0.7549
Car -1 -1 3.0413 96.9885 185.4746 417.5209 305.9284 1.4270 1.6321 3.9775 -5.0996 1.6433 10.6262 2.6030 0.6980
Car -1 -1 3.3423 0.0000 187.1369 255.5867 375.0000 1.4997 1.6423 4.0706 -4.8635 1.6343 5.0248 2.5995 0.6880
Car -1 -1 2.9681 195.5824 181.0245 453.4776 273.9619 1.4635 1.6514 4.2698 -5.3183 1.6371 13.4879 2.5986 0.6215
Car -1 -1 2.7468 360.7640 175.6357 498.3206 228.3812 1.6224 1.6855 4.1700 -6.0724 1.7239 24.3119 2.5041 0.6091
Car -1 -1 -1.7093 618.1453 175.4837 664.8221 212.1091 1.5950 1.6305 3.9987 1.3734 1.7260 33.7862 -1.6696 0.5740
Car -1 -1 -0.2034 330.4912 179.6026 492.3076 241.8110 1.4715 1.6135 3.8652 -5.2627 1.6645 19.0058 -0.4705 0.5660
Car -1 -1 2.7087 403.4666 176.6944 518.0391 220.4020 1.5340 1.6308 3.9532 -5.6851 1.6904 27.4723 2.5061 0.2424
Car -1 -1 -1.9502 770.7156 117.4144 1182.1315 375.0000 1.9218 1.8108 4.3799 2.9292 1.5448 7.1020 -1.5747 0.1978
