Pedestrian -1 -1 2.2739 1108.6311 161.3760 1194.5781 275.4186 1.8221 0.6690 0.9614 9.0093 1.5182 11.7246 2.9176 0.8086
Pedestrian -1 -1 -0.2648 391.4135 169.4237 413.3109 207.3352 1.7226 0.6190 0.8394 -9.3643 1.2208 32.6032 -0.5401 0.1547
Cyclist -1 -1 -1.5260 580.2067 168.6338 597.0054 214.6395 1.7526 0.5741 2.0052 -0.6602 1.3020 27.9387 -1.5477 0.7338
Car -1 -1 0.8714 1117.3374 181.4046 1224.0000 215.9364 1.4839 1.6949 4.3778 26.1634 1.5300 32.7050 1.5429 0.7093
Car -1 -1 1.0769 988.1515 182.2775 1074.2810 216.9811 1.4864 1.6401 4.0750 19.4863 1.5749 32.5601 1.6134 0.5506
Car -1 -1 -2.1228 928.1008 182.3339 1009.4382 215.8097 1.4214 1.5434 3.7341 16.4220 1.5113 32.1513 -1.6531 0.5314
Car -1 -1 -2.0104 875.5552 180.2493 947.4563 215.3247 1.5138 1.6238 3.5992 13.9121 1.5045 32.3376 -1.6061 0.5285
Car -1 -1 -1.5592 606.4969 175.8102 631.3172 199.2633 1.4424 1.5271 3.4092 0.9081 1.1553 45.2084 -1.5376 0.3649
Car -1 -1 0.7067 1031.6708 184.9543 1138.6538 216.4795 1.4475 1.6484 4.4139 23.9322 1.6871 35.4688 1.2976 0.1435
Car -1 -1 -1.5798 569.3221 178.5146 611.3626 217.3483 1.4386 1.5585 3.4182 -0.6192 1.3665 27.9181 -1.6001 0.1340
