Pedestrian -1 -1 1.8105 59.0532 158.1276 83.7056 205.8498 1.8692 0.6461 0.6596 -21.4527 1.2928 28.6885 1.1728 0.1354
Car -1 -1 0.3936 0.0000 186.3495 354.9346 314.7061 1.4702 1.7058 4.2747 -5.8656 1.6725 9.6473 -0.1409 0.9144
Car -1 -1 -1.7894 581.7084 182.8493 646.6030 226.6687 1.4374 1.5767 3.8694 0.0328 1.8358 26.6655 -1.7889 0.8478
Car -1 -1 3.3210 151.0005 174.5000 371.7554 266.1235 1.7550 1.7190 3.9307 -7.1902 1.7930 15.1951 2.8853 0.7671
Car -1 -1 -1.7646 564.7834 182.6132 619.8806 218.6831 1.4110 1.6173 4.2228 -0.8879 1.8700 31.6715 -1.7931 0.4028
Car -1 -1 3.1439 314.8837 182.8892 428.5767 223.8757 1.4718 1.5976 4.0734 -9.2288 1.8806 27.9760 2.8276 0.2492
Car -1 -1 -2.1461 762.1441 195.2478 1087.3324 375.0000 1.3897 1.4841 3.4927 3.0439 1.6932 7.8977 -1.7920 0.1712
Car -1 -1 -2.3587 309.9466 183.7340 426.1012 228.7973 1.4450 1.5979 3.8978 -8.6018 1.8534 25.4787 -2.6816 0.1193
Car -1 -1 3.0714 326.4528 180.2189 426.0659 219.6079 1.5636 1.6339 3.9271 -9.9852 1.8925 30.6886 2.7590 0.1179
Car -1 -1 3.3049 258.2459 184.9960 412.2725 238.9892 1.4177 1.5951 3.9020 -7.7769 1.7846 20.6217 2.9480 0.1076
