Pedestrian -1 -1 2.2048 257.5490 170.2117 363.8020 344.3184 1.7922 0.6591 0.9269 -3.3290 1.7654 7.9548 1.8192 0.6244
Pedestrian -1 -1 2.7886 206.3587 167.8563 302.5543 341.2455 1.8380 0.5793 0.8270 -4.0630 1.7853 8.1444 2.3380 0.1902
Car -1 -1 1.8923 321.4499 192.5017 436.8484 265.6308 1.4183 1.4920 3.5043 -5.2572 1.9218 16.7078 1.5913 0.8392
Car -1 -1 1.7360 436.9008 186.1773 498.0306 228.8875 1.4310 1.6053 4.3277 -5.4269 1.9836 27.7205 1.5439 0.7452
Car -1 -1 2.1536 0.0000 175.8785 279.8011 375.0000 1.6831 1.7819 4.3825 -4.7749 1.7194 6.3442 1.5280 0.7177
Car -1 -1 1.7506 372.1614 188.8552 450.6554 245.2401 1.4283 1.5685 3.8121 -5.8182 1.9459 21.3547 1.4871 0.6634
Car -1 -1 0.8903 236.4035 182.2718 354.8341 226.8488 1.4072 1.5866 4.0494 -11.0041 1.7567 25.1069 0.4807 0.3538
Car -1 -1 0.8981 149.2065 184.8476 296.0442 242.8116 1.4360 1.5788 3.7720 -10.7660 1.7927 19.9568 0.4086 0.3136
Car -1 -1 -2.6583 225.1081 169.1992 311.3360 197.5073 1.5637 1.6566 4.1060 -19.3043 1.3622 40.7705 -3.0982 0.2079
Car -1 -1 0.9138 193.0546 183.8752 322.3292 233.3565 1.3934 1.5764 3.9209 -11.0962 1.7630 22.5975 0.4617 0.1890
Car -1 -1 0.1992 342.5134 169.6117 402.3149 190.5311 1.5986 1.7091 4.1710 -18.4960 1.3512 56.2289 -0.1174 0.1706
Car -1 -1 1.7022 456.5268 185.4312 503.4525 221.5264 1.4467 1.5586 3.9833 -5.8042 2.0463 32.3525 1.5256 0.1640
Car -1 -1 0.6033 32.1646 188.6664 238.1924 256.2865 1.5079 1.6071 3.9311 -11.3644 1.9075 17.3530 0.0303 0.1232
