Pedestrian -1 -1 -0.8935 3.2232 182.2059 92.2649 311.3551 1.7195 0.5830 0.8389 -7.8951 1.8562 10.0926 -1.5447 0.7000
Pedestrian -1 -1 0.4767 436.1276 167.8402 468.5352 230.0392 1.9082 0.5989 0.8036 -4.9650 1.7548 22.5267 0.2616 0.2940
Pedestrian -1 -1 2.9900 425.5671 168.9327 454.8438 231.2969 1.8489 0.6153 0.7777 -5.1845 1.7330 21.8190 2.7588 0.2278
Pedestrian -1 -1 -0.0553 620.1385 174.9044 632.9820 206.0893 1.7128 0.5789 0.6791 0.8795 1.8276 39.9680 -0.0340 0.1200
Cyclist -1 -1 -1.5112 622.1435 176.4428 633.1823 207.4073 1.6697 0.5116 1.7613 0.9506 1.8735 40.0105 -1.4882 0.1131
Car -1 -1 1.9182 319.3649 181.7700 436.8949 251.2776 1.5482 1.6456 3.8192 -5.8460 1.8014 18.5120 1.6158 0.8213
Car -1 -1 -1.3756 485.8794 178.8245 531.8661 210.3678 1.5035 1.6280 3.8285 -5.1762 1.8270 37.0878 -1.5138 0.6429
Car -1 -1 1.7590 433.2692 182.5259 494.7109 226.4303 1.4594 1.5506 3.7243 -5.3622 1.8424 26.6735 1.5619 0.5817
Car -1 -1 1.7864 506.0561 178.0334 545.8002 204.9722 1.4848 1.5604 3.7321 -4.9308 1.8037 42.4443 1.6710 0.1402
Car -1 -1 -1.3776 812.2971 164.3915 899.6065 226.9771 1.5169 1.5946 3.4972 6.6337 1.3121 19.3993 -1.0532 0.1200
