Pedestrian -1 -1 -1.5097 252.4738 170.6758 281.4717 237.0603 1.8237 0.6936 0.6855 -9.6744 1.7642 20.2658 -1.9503 0.1422
Car -1 -1 -2.3680 138.2096 183.5304 359.5927 263.8579 1.4206 1.6298 3.9908 -7.2953 1.6565 14.5208 -2.8267 0.8906
Car -1 -1 -1.7919 684.8469 182.5708 758.3441 230.6473 1.4544 1.5994 4.1180 3.6887 1.8171 24.7925 -1.6467 0.7995
Car -1 -1 1.8374 451.6239 180.9258 497.8048 208.2160 1.4613 1.6157 4.1027 -7.8448 1.9550 41.9919 1.6534 0.7563
Car -1 -1 -1.7286 665.0513 183.1003 718.4531 220.4442 1.4312 1.6130 4.2036 3.3914 1.9016 30.9634 -1.6212 0.7475
Car -1 -1 1.9753 293.8754 182.6610 393.5087 232.8307 1.4389 1.6074 3.9346 -8.5828 1.7858 23.4872 1.6281 0.6352
Car -1 -1 -1.2930 0.0000 174.6082 81.2528 224.1846 1.4248 1.5679 3.8085 -18.3631 1.4859 22.9390 -1.9625 0.5691
Car -1 -1 1.9228 355.3076 180.8302 432.1324 222.5143 1.4645 1.5804 4.0032 -8.3869 1.7991 28.1805 1.6356 0.5571
Car -1 -1 3.4580 0.0000 187.2953 78.5854 299.2747 1.4019 1.5977 4.0003 -10.7991 1.6547 11.0238 2.6950 0.2700
Car -1 -1 -1.6716 661.4649 182.9222 699.3204 214.0448 1.4505 1.5483 3.5000 3.4794 1.9849 36.5155 -1.5780 0.2692
