Car -1 -1 -1.8577 758.2782 181.9598 878.1262 260.0863 1.4419 1.5220 3.3565 4.2574 1.6581 15.4043 -1.5939 0.9025
Car -1 -1 -1.1887 211.0749 182.9329 480.7109 350.2160 1.5554 1.6606 4.0694 -2.9978 1.7113 9.0454 -1.5011 0.8685
Car -1 -1 -1.3159 407.2615 172.7166 525.9229 260.0805 1.7525 1.6794 4.0275 -3.1765 1.7501 16.5370 -1.5035 0.8420
Car -1 -1 2.1011 156.4746 183.8454 255.6048 226.4353 1.4116 1.5519 3.6604 -14.8781 1.8471 26.7161 1.5970 0.7423
Car -1 -1 -1.8802 725.5340 179.8418 821.4352 240.0649 1.4555 1.5218 3.5017 4.2998 1.6640 19.6746 -1.6689 0.6892
Car -1 -1 -1.3572 475.1497 175.0674 558.4579 232.0448 1.6505 1.7515 4.5023 -2.9433 1.7298 23.3993 -1.4816 0.6704
Car -1 -1 1.4708 686.9775 177.9556 737.0714 215.1939 1.4375 1.6626 4.2374 4.2093 1.6693 30.5843 1.6057 0.4758
Car -1 -1 1.7209 381.7789 178.5038 415.9194 201.9256 1.5096 1.6520 4.1526 -14.5275 1.9162 49.7147 1.4377 0.4605
Car -1 -1 -1.4185 515.3976 180.5737 567.3543 219.3078 1.4404 1.5732 3.6584 -2.7787 1.7758 29.4467 -1.5124 0.4097
Car -1 -1 1.9663 345.2703 179.3438 393.5291 205.4603 1.5015 1.5219 3.6384 -14.7405 1.9169 44.2805 1.6465 0.3746
Car -1 -1 2.0970 241.5428 180.6023 325.4478 216.2477 1.4852 1.6359 4.1561 -14.9262 1.8647 33.1494 1.6766 0.3335
Car -1 -1 -1.5136 667.4732 174.2127 696.5449 199.3555 1.5516 1.6633 3.8676 4.6740 1.6439 46.7853 -1.4151 0.3308
Car -1 -1 2.7943 787.6802 175.8838 871.5167 202.6624 1.4639 1.6399 4.2036 12.2780 1.6386 40.5883 3.0856 0.2955
Car -1 -1 -1.7150 704.0593 179.3668 765.1293 225.4832 1.4526 1.5640 3.5825 4.2036 1.6954 25.0415 -1.5512 0.2784
Car -1 -1 -1.3855 532.2474 175.9653 580.4197 209.7887 1.5682 1.6597 4.1548 -2.6502 1.7331 36.0047 -1.4590 0.2326
