Car -1 -1 -3.5775 798.0818 181.6668 1202.7712 317.6577 1.4408 1.5952 3.9431 4.3581 1.5562 8.5850 -3.1225 0.8735
Car -1 -1 1.7925 345.0685 177.9384 485.0475 283.3635 1.6351 1.6425 3.8742 -3.4656 1.7432 13.3366 1.5423 0.8318
Car -1 -1 2.6873 720.4096 159.7854 1031.7516 282.7742 1.7575 1.7554 4.3093 4.0385 1.5711 11.4454 3.0175 0.6395
Car -1 -1 1.7380 467.6083 172.2703 535.7170 230.4023 1.7584 1.5922 3.8528 -3.5239 1.7411 23.7650 1.5917 0.5529
Car -1 -1 1.7099 509.1992 175.0188 557.2535 213.4176 1.6350 1.6296 4.1338 -3.4886 1.7408 33.0493 1.6050 0.4346
Car -1 -1 -0.2695 684.6819 171.8416 815.3398 219.4699 1.5426 1.6402 4.0348 4.6231 1.5102 24.3553 -0.0848 0.4259
Car -1 -1 -0.4227 750.1892 170.6807 973.1109 258.3220 1.5944 1.6615 3.7788 4.7858 1.5553 14.1457 -0.1035 0.3292
Car -1 -1 2.0021 524.7859 179.3203 577.4749 205.5428 1.4363 1.5953 3.9704 -3.4607 1.8386 42.7115 1.9213 0.2463
Car -1 -1 2.8724 670.8059 176.4064 784.6213 217.3766 1.4532 1.5993 3.8805 4.2804 1.5904 26.7796 3.0286 0.2370
Car -1 -1 1.7345 485.5746 180.1332 540.4980 222.3781 1.5036 1.5565 3.5754 -3.7541 1.8059 28.1139 1.6024 0.1898
Car -1 -1 -0.3129 636.5039 177.0731 711.6931 205.1656 1.4782 1.5971 3.7947 3.4579 1.7167 39.5293 -0.2268 0.1425
Car -1 -1 -0.3231 641.0662 175.3660 727.0497 205.2016 1.4741 1.6233 4.0939 3.7511 1.6080 37.1022 -0.2237 0.1376
Car -1 -1 2.4621 647.0060 175.4885 747.6835 213.8526 1.4793 1.5998 4.0199 3.5941 1.5948 29.8054 2.5804 0.1245
