Car -1 -1 -1.9529 820.3817 177.1752 1158.1051 368.6361 1.4386 1.5628 3.8399 3.4070 1.4953 7.4498 -1.5398 0.8987
Car -1 -1 2.2259 103.8000 195.2850 223.2936 242.4144 1.3883 1.5471 3.7587 -15.4055 2.2285 25.0618 1.6792 0.8618
Car -1 -1 -1.7655 749.5546 173.7069 884.9562 270.1315 1.4719 1.5686 3.7108 3.4889 1.4898 12.9451 -1.5088 0.8304
Car -1 -1 -1.6644 689.2213 176.0612 751.6071 228.5368 1.4537 1.5351 3.4140 3.2364 1.5594 21.9427 -1.5206 0.8124
Car -1 -1 2.3336 0.0000 200.1606 117.8920 263.9897 1.3997 1.6306 4.1374 -15.8960 2.2296 19.7814 1.6631 0.7650
Car -1 -1 2.3066 278.9997 182.7177 342.1158 205.1957 1.4816 1.6892 4.3859 -21.5178 2.2245 51.9663 1.9155 0.4272
Car -1 -1 2.8649 414.1718 182.3808 467.7221 199.8879 1.4172 1.6320 4.1963 -14.5429 2.2594 62.0223 2.6352 0.2247
Car -1 -1 -2.6722 568.8495 176.6218 617.8040 194.0616 1.4180 1.5732 3.8308 -1.4331 1.7442 60.8623 -2.6960 0.2215
Car -1 -1 -1.7250 677.8087 172.9288 740.6077 219.1563 1.5723 1.6479 4.1703 3.5311 1.5756 26.6494 -1.5953 0.2112
Car -1 -1 2.3958 341.0089 184.8671 394.5871 204.3174 1.4161 1.5913 4.0234 -19.2181 2.4067 57.3279 2.0734 0.1324
