Car -1 -1 -3.5982 916.9785 173.4425 1089.6494 224.2118 1.5243 1.7219 4.4527 12.1700 1.5438 22.6118 -3.1104 0.8360
Car -1 -1 -0.6780 1049.4323 177.3925 1242.0000 252.7455 1.4831 1.6527 3.8545 11.6250 1.5847 15.1990 -0.0349 0.8091
Car -1 -1 -2.9173 825.4442 173.2994 907.4236 201.8250 1.4370 1.5976 3.8213 13.4832 1.4620 38.0928 -2.5799 0.7617
Car -1 -1 -0.4410 350.8348 180.1883 489.5486 226.0150 1.4277 1.6502 4.3965 -6.5925 1.7048 25.1720 -0.6951 0.6489
Car -1 -1 -1.5399 588.6789 176.6631 618.4639 203.6325 1.4487 1.5890 3.6424 -0.3638 1.6758 41.1124 -1.5492 0.5851
Car -1 -1 -3.5804 913.1647 172.2219 1052.2971 214.7563 1.4677 1.6401 4.1101 13.1865 1.4462 25.7734 -3.1126 0.4660
Car -1 -1 -2.3341 650.0653 168.5146 722.3013 201.2319 1.9553 1.8521 4.6063 4.7103 1.6963 45.5047 -2.2321 0.3373
Car -1 -1 0.7492 0.0000 184.7555 82.2972 238.9544 1.4521 1.6390 4.0845 -17.7523 1.8080 20.6396 0.0451 0.2942
Car -1 -1 2.1760 352.5825 181.5747 416.0513 207.5237 1.4603 1.6085 4.2158 -13.8333 2.0242 44.3684 1.8751 0.1886
Car -1 -1 -3.4368 1204.7678 164.5840 1242.0000 209.7180 1.4425 1.6075 3.9330 22.9891 1.1785 24.6361 -2.6921 0.1729
