Car -1 -1 -1.7413 711.2256 188.7884 805.6910 259.3156 1.3703 1.5127 3.4485 3.2400 1.7743 16.5392 -1.5522 0.8706
Car -1 -1 1.8355 330.1214 195.8232 514.2493 326.8549 1.4106 1.5551 3.7810 -2.5103 1.8014 10.3498 1.6022 0.8488
Car -1 -1 -1.6939 683.6996 182.3764 749.6013 235.8019 1.5004 1.5856 3.7044 3.2379 1.8262 22.7896 -1.5554 0.8363
Car -1 -1 -1.9774 844.0589 203.6299 1242.0000 375.0000 1.4291 1.5396 3.6111 2.8015 1.7225 5.0086 -1.4936 0.8036
Car -1 -1 1.7591 440.0110 192.1934 540.8290 272.5881 1.4322 1.4945 3.4290 -2.4886 1.8925 15.4223 1.6008 0.6021
Car -1 -1 1.7248 488.3112 187.5677 558.7625 246.7349 1.4461 1.4554 3.3452 -2.3852 1.8926 20.1753 1.6078 0.4497
Car -1 -1 -1.6602 679.2291 182.1309 729.3120 222.6418 1.4473 1.6068 3.8974 3.6333 1.8415 28.6551 -1.5361 0.3461
Car -1 -1 -1.6618 661.3045 180.9628 702.8231 214.0410 1.4664 1.6240 4.0609 3.4004 1.8831 35.0148 -1.5664 0.3216
Car -1 -1 1.6201 523.3264 181.4153 568.2039 221.6024 1.4990 1.6496 4.1472 -2.6392 1.8792 29.9106 1.5322 0.2712
Car -1 -1 1.6902 513.7213 187.1157 570.7179 232.7625 1.3941 1.5314 3.8485 -2.3362 1.9310 25.1937 1.5979 0.1334
