Pedestrian -1 -1 -1.5389 834.2712 151.5530 910.9767 347.5452 1.7646 0.6579 0.9599 2.5721 1.5057 6.9279 -1.1963 0.8623
Pedestrian -1 -1 1.6112 1001.2107 148.7094 1090.1956 370.0000 1.6923 0.5729 0.6951 3.4690 1.4597 5.6550 2.1388 0.7743
Pedestrian -1 -1 1.3251 1032.6217 149.1381 1142.1359 350.3119 1.7519 0.6254 0.9367 4.4776 1.4805 6.6957 1.8947 0.7130
Pedestrian -1 -1 1.2150 1132.7615 141.8397 1224.0000 370.0000 1.7396 0.6382 0.9393 4.6495 1.4681 5.5383 1.8872 0.7090
Pedestrian -1 -1 1.6277 932.3746 154.0462 999.3926 335.4412 1.7509 0.5884 0.9434 3.7285 1.4972 7.3748 2.0805 0.6964
Pedestrian -1 -1 1.8270 1044.6508 156.6969 1138.6023 336.2641 1.7811 0.6140 0.9981 5.1702 1.5467 7.5704 2.4085 0.6423
Pedestrian -1 -1 1.6567 795.2629 167.8610 819.1765 229.8948 1.7292 0.5884 0.8781 5.7551 1.3785 20.2186 1.9315 0.5857
Pedestrian -1 -1 1.8651 968.5620 159.2060 1041.9116 314.4592 1.7519 0.5358 0.9211 4.7648 1.5133 8.4876 2.3625 0.4083
Pedestrian -1 -1 1.2919 1192.3140 145.5509 1224.0000 353.5998 1.7588 0.5811 0.8582 5.8470 1.4650 6.4835 2.0033 0.3793
Pedestrian -1 -1 -2.4500 818.3289 166.2533 859.3781 231.6268 1.7321 0.6236 0.8612 6.3303 1.3562 19.2590 -2.1357 0.3675
Pedestrian -1 -1 1.6342 836.0759 162.2603 860.5662 227.6137 1.8464 0.6195 0.9219 7.0331 1.3326 20.5148 1.9613 0.3192
