Pedestrian -1 -1 -0.3041 685.7788 173.3846 717.1657 227.0130 1.6832 0.6425 0.8387 2.8707 1.7008 23.0437 -0.1825 0.3551
Car -1 -1 -1.3202 421.0870 179.3145 535.4489 257.0830 1.5689 1.6617 4.1052 -2.9995 1.7406 17.0158 -1.4929 0.8702
Car -1 -1 2.0429 266.0548 180.7444 338.7666 213.3334 1.4371 1.5868 3.9766 -14.7965 1.8408 34.8437 1.6438 0.7323
Car -1 -1 -1.3704 483.3513 172.4545 554.9442 230.3623 1.8113 1.6579 3.9762 -3.0491 1.7991 24.6123 -1.4930 0.7225
Car -1 -1 -1.7665 713.4139 180.8200 782.7128 231.5707 1.4884 1.5471 3.4200 4.3548 1.7664 23.4205 -1.5856 0.7095
Car -1 -1 1.4882 673.1664 177.7184 711.5880 208.0691 1.5000 1.6688 4.3378 4.3070 1.7751 38.5512 1.5980 0.4606
Car -1 -1 2.8699 761.4557 176.8416 829.5690 199.1212 1.4652 1.6449 4.1551 12.4377 1.7392 48.6320 3.1184 0.4589
Car -1 -1 2.0903 319.4202 177.9801 386.7220 206.6236 1.5211 1.6777 4.3912 -14.7025 1.8324 41.4529 1.7511 0.2372
Car -1 -1 -1.2849 515.3831 178.2174 581.4239 217.1982 1.5369 1.6954 4.3710 -2.6307 1.7878 31.3929 -1.3684 0.2365
Car -1 -1 1.9823 361.2158 178.1517 411.5032 203.7793 1.5681 1.6237 4.1208 -14.5838 1.9305 47.1693 1.6837 0.2111
Car -1 -1 -1.2177 661.3494 175.6395 697.9296 196.2175 1.4809 1.5726 3.6938 5.2646 1.6993 54.4719 -1.1223 0.1796
Car -1 -1 -1.7480 680.7094 179.7562 730.5811 214.6564 1.4548 1.5849 3.7789 4.2398 1.7871 32.7641 -1.6211 0.1390
