Car -1 -1 -1.8064 736.9681 179.7255 902.1304 290.8106 1.4981 1.6273 4.1159 3.2125 1.6330 12.0562 -1.5531 0.8890
Car -1 -1 -1.7303 691.4753 182.5292 784.2773 251.5736 1.4123 1.5421 3.8252 2.8777 1.6691 17.2075 -1.5683 0.8595
Car -1 -1 -2.1076 808.9391 183.8521 1242.0000 375.0000 1.4695 1.6145 4.1586 2.8279 1.5798 5.0866 -1.6256 0.8281
Car -1 -1 0.3581 161.9732 162.6859 480.4646 280.1549 1.7735 1.7654 4.4977 -4.5732 1.6204 11.7852 -0.0052 0.6839
Car -1 -1 -2.8596 327.5043 181.1849 512.2299 248.2527 1.4264 1.5942 3.7662 -4.2797 1.6261 16.4087 -3.1114 0.6795
Car -1 -1 0.5652 0.0000 177.0859 338.0418 375.0000 1.4609 1.6202 4.0295 -4.6809 1.5028 6.1357 -0.0661 0.6681
Car -1 -1 -1.7657 674.9013 179.5323 745.6357 231.4564 1.4744 1.5406 3.4453 3.0283 1.7013 22.7090 -1.6356 0.6400
Car -1 -1 -1.6301 661.4696 180.8543 707.9308 221.9529 1.4193 1.5268 3.5933 2.7403 1.7443 27.4495 -1.5324 0.6239
Car -1 -1 -2.8456 408.5230 173.1085 542.8977 228.9170 1.7623 1.7245 4.0452 -4.4316 1.7715 23.8785 -3.0278 0.5223
Car -1 -1 3.3220 374.5155 179.3165 512.8964 232.5924 1.4917 1.5982 3.7513 -4.8702 1.6906 21.2906 3.0992 0.4403
Car -1 -1 -1.6924 652.2549 174.7583 691.1743 207.3131 1.6106 1.5990 3.5055 3.1404 1.7152 37.6867 -1.6104 0.3733
