Car -1 -1 -2.7411 294.0600 192.3634 447.0096 244.8972 1.4308 1.6219 3.9790 -7.0648 2.0348 21.3480 -3.0576 0.9080
Car -1 -1 -1.8928 779.0482 183.2034 1070.1969 373.9409 1.4571 1.5469 3.5979 2.8605 1.5915 7.5258 -1.5438 0.8438
Car -1 -1 -1.6774 696.8306 169.1458 765.8282 230.5515 1.7086 1.6565 3.6638 3.5548 1.6058 21.9458 -1.5197 0.7581
Car -1 -1 -2.8701 386.3373 184.2904 506.8333 224.5529 1.5096 1.7381 4.3491 -6.4536 1.9785 28.5842 -3.0907 0.7362
Car -1 -1 -1.5049 614.5244 176.9723 651.3887 209.4687 1.5480 1.6433 3.6721 1.1768 1.7690 36.7582 -1.4737 0.7336
Car -1 -1 -1.7196 671.5119 179.3163 723.3917 215.0585 1.3864 1.5770 4.1854 3.6265 1.6822 30.8692 -1.6044 0.6208
Car -1 -1 -2.3830 1041.8818 192.5215 1242.0000 375.0000 1.4687 1.5922 3.7356 2.9683 1.5780 2.0647 -1.4853 0.4532
Car -1 -1 -1.6466 668.6776 175.2735 707.1827 207.7659 1.5557 1.6320 4.1776 3.8996 1.6872 36.9697 -1.5428 0.2328
Car -1 -1 0.5950 1105.0466 133.4667 1242.0000 223.3965 1.6014 1.7249 4.0788 12.8465 0.9004 15.0439 1.2921 0.2008
Car -1 -1 1.6566 513.9973 181.0470 546.0222 208.3210 1.4729 1.5449 3.6102 -4.6370 1.9695 41.8806 1.5466 0.1883
Car -1 -1 -2.7676 425.3371 183.2411 519.1610 216.2016 1.4615 1.6465 4.0082 -6.4859 1.9671 33.9144 -2.9557 0.1789
Car -1 -1 -2.7615 459.5307 182.0334 534.2781 211.1995 1.4889 1.5985 3.6341 -6.0928 1.9975 38.7618 -2.9168 0.1741
