Pedestrian -1 -1 1.2038 674.4806 162.6240 714.6493 248.5638 1.7078 0.5623 0.8076 1.7873 1.3542 14.5054 1.3255 0.8106
Pedestrian -1 -1 -1.4076 628.4583 161.1348 660.8428 237.4514 1.7541 0.6198 0.9746 0.9125 1.3106 16.7892 -1.3526 0.7830
Pedestrian -1 -1 1.5137 495.1595 162.9407 516.4130 224.9260 1.8195 0.5867 0.8112 -3.0141 1.3056 21.2039 1.3764 0.7724
Pedestrian -1 -1 1.3501 828.4926 157.3061 885.0580 275.6420 1.6673 0.6121 0.8076 3.6378 1.3422 10.3916 1.6792 0.7281
Pedestrian -1 -1 0.9562 694.3618 162.2131 739.2421 245.1685 1.7078 0.5767 0.8155 2.3313 1.3329 15.0445 1.1086 0.7002
Pedestrian -1 -1 -1.2640 416.8193 161.7892 456.0971 246.9111 1.7306 0.5762 0.8248 -3.5603 1.3518 14.8034 -1.4934 0.6791
Pedestrian -1 -1 1.9395 531.8742 162.3329 561.8073 223.8251 1.8211 0.6160 0.9181 -1.7909 1.2846 21.4618 1.8593 0.6746
Pedestrian -1 -1 1.7359 511.8819 163.5955 537.5594 226.9381 1.7891 0.5944 0.9169 -2.3472 1.3132 20.4397 1.6251 0.6209
Pedestrian -1 -1 -1.6550 450.0614 164.9034 475.1023 240.3286 1.6940 0.5089 0.7110 -3.3257 1.3453 16.2869 -1.8508 0.5922
Car -1 -1 -0.6512 587.5506 178.0841 782.6950 256.8246 1.4372 1.5992 3.8065 1.6495 1.3948 14.5640 -0.5391 0.1077
