Pedestrian -1 -1 -2.1920 715.2935 127.4123 820.2256 330.4814 1.8270 0.5902 0.8731 1.5112 1.3511 6.8746 -1.9830 0.7112
Pedestrian -1 -1 -0.8888 629.7153 134.4797 741.2896 343.8969 1.7911 0.5965 0.9071 0.7058 1.3992 6.5737 -0.7848 0.6947
Pedestrian -1 -1 -1.7412 390.9456 158.0650 415.5556 211.7498 1.8343 0.6854 0.9098 -7.0857 1.0693 24.7121 -2.0151 0.2214
Pedestrian -1 -1 -2.6077 797.9477 142.2272 851.3828 235.4511 1.7881 0.5637 0.8461 4.3227 1.0557 14.0592 -2.3137 0.1953
Pedestrian -1 -1 3.2501 114.3920 166.5245 137.2587 218.7004 1.8384 0.6734 0.6061 -17.2011 1.3475 25.3461 2.6614 0.1183
Cyclist -1 -1 1.8865 104.6396 166.7798 142.3461 220.0130 1.8310 0.5575 1.8518 -17.2224 1.3606 25.2819 1.2961 0.3491
Cyclist -1 -1 -0.6780 775.8438 141.9003 867.0857 231.9634 1.7224 0.5639 1.7891 4.2861 0.9859 14.1161 -0.3874 0.3163
Cyclist -1 -1 3.0259 561.8481 148.9822 642.6308 224.9697 1.7761 0.5759 1.8791 -0.1144 1.0410 16.9203 3.0213 0.2099
Cyclist -1 -1 -0.3613 596.8026 133.7434 801.7530 335.8453 1.7909 0.5930 1.8583 0.8422 1.3783 6.7703 -0.2411 0.1691
Cyclist -1 -1 2.1441 960.5750 144.9474 1019.8071 205.4977 1.7173 0.6614 1.8062 11.2926 0.7105 20.7736 2.6374 0.1669
Car -1 -1 1.8197 46.1506 178.4878 119.0399 215.3162 1.4216 1.5443 3.6882 -21.5617 1.3454 29.2868 1.1920 0.3835
