Car -1 -1 -1.7148 668.4478 182.4089 730.1408 226.6537 1.3987 1.5770 4.1939 3.0655 1.7693 25.8403 -1.5988 0.8292
Car -1 -1 2.2328 21.8397 186.0994 157.4365 241.2244 1.5174 1.5474 3.5861 -16.1550 1.9655 22.5627 1.6168 0.7016
Car -1 -1 2.1229 173.1629 185.6652 272.0194 224.3901 1.4646 1.6799 4.3833 -16.5468 2.0554 31.0111 1.6360 0.6643
Car -1 -1 1.9609 248.9243 185.7517 310.2292 217.2130 1.4338 1.5112 3.6732 -16.5690 2.1158 36.2692 1.5348 0.6354
Car -1 -1 -2.3796 1011.7573 195.0411 1242.0000 375.0000 1.4863 1.5906 3.6406 2.9537 1.6136 2.2710 -1.5257 0.4528
Car -1 -1 1.9614 289.8290 184.6455 348.9099 213.3110 1.4886 1.6181 4.3122 -16.6286 2.2012 41.4130 1.5814 0.4306
Car -1 -1 -1.6743 649.9089 182.1949 686.3108 211.6231 1.4511 1.5631 3.5814 3.0229 1.9739 38.5370 -1.5972 0.3455
Car -1 -1 1.9627 329.4815 185.3257 373.6238 208.8622 1.3998 1.4643 3.4697 -16.6559 2.2355 46.5547 1.6206 0.3207
Car -1 -1 -1.6783 659.2594 182.7042 704.2834 219.3868 1.4659 1.5699 3.5732 3.0468 1.9221 31.5924 -1.5837 0.2361
Car -1 -1 1.7619 385.7658 182.3978 415.8554 202.8356 1.4968 1.5821 3.7458 -16.3908 2.2712 56.5846 1.4809 0.1916
