Pedestrian -1 -1 1.5411 270.7266 159.1494 294.0832 217.5323 1.8433 0.6656 0.8915 -10.4694 1.1708 22.8647 1.1188 0.3923
Pedestrian -1 -1 1.5850 320.7404 161.4141 338.8412 209.7307 1.8200 0.6337 0.6709 -10.5515 1.1026 27.0521 1.2189 0.3074
Pedestrian -1 -1 2.3076 340.0953 164.0474 371.4309 214.4461 1.7055 0.6278 0.8273 -8.6350 1.1503 24.4259 1.9737 0.2300
Pedestrian -1 -1 1.7004 296.7702 161.7073 317.2625 210.2060 1.8147 0.6275 0.7236 -11.3509 1.1131 26.8825 1.3069 0.2252
Cyclist -1 -1 -1.6744 584.9319 166.3503 604.7322 212.9534 1.7711 0.5759 2.0005 -0.4388 1.2349 27.8928 -1.6883 0.4367
Cyclist -1 -1 -1.7579 500.0478 166.0981 523.9023 213.3019 1.7625 0.5606 1.9774 -3.6477 1.2263 27.4217 -1.8869 0.4365
Cyclist -1 -1 -0.7959 278.7876 160.8652 319.8512 203.7724 1.7970 0.5313 1.7795 -13.2021 0.9762 30.5330 -1.1983 0.2414
Car -1 -1 -2.2445 1027.8715 182.6095 1155.4473 228.0878 1.4113 1.5316 3.7764 16.3706 1.4904 24.0602 -1.6517 0.8468
Car -1 -1 -2.0874 960.6407 180.5892 1066.3699 227.1208 1.4736 1.5754 3.5090 13.7944 1.4783 24.1478 -1.5725 0.7258
Car -1 -1 0.9070 1098.4329 182.9672 1224.0000 228.7004 1.4378 1.5939 3.9808 19.2159 1.5315 24.4305 1.5687 0.7006
Car -1 -1 -1.5912 602.9893 175.2258 633.9892 203.6056 1.4188 1.5498 3.5892 0.6579 1.1565 37.1373 -1.5719 0.6143
Car -1 -1 -1.4621 581.3252 171.1241 630.2460 211.7185 1.5532 1.6128 3.6292 0.0685 1.1960 28.9417 -1.4580 0.1579
