Pedestrian -1 -1 2.1258 350.6500 170.2001 374.9390 217.3683 1.8411 0.6556 0.6688 -9.8244 1.7379 28.5610 1.7970 0.2539
Pedestrian -1 -1 2.0193 369.1505 168.8451 394.7165 217.1046 1.8735 0.6730 0.8192 -9.0335 1.7183 28.4623 1.7143 0.1925
Pedestrian -1 -1 -0.4311 494.0314 162.7659 531.9936 230.2118 1.7603 0.6596 0.8054 -2.6475 1.4974 19.3238 -0.5661 0.1148
Cyclist -1 -1 -1.9836 489.3365 161.6169 536.4583 232.7184 1.8176 0.5379 1.8891 -2.6793 1.5307 19.3882 -2.1198 0.5606
Car -1 -1 -0.2938 759.6968 160.7603 880.3259 205.7862 1.7113 1.7247 4.2241 8.1319 1.2520 28.3195 -0.0173 0.7028
Car -1 -1 -3.1053 617.2319 167.0580 734.2552 211.0469 1.6616 1.7516 4.4488 2.5518 1.4430 28.3969 -3.0171 0.6972
Car -1 -1 2.6504 886.2413 154.7563 1014.2119 200.5892 1.7254 1.7205 4.2027 13.1622 1.0445 28.1402 3.0836 0.5314
Car -1 -1 -0.9184 545.1230 166.4279 613.4502 198.7672 1.5901 1.6098 3.7336 -1.5813 1.2745 37.4656 -0.9607 0.4603
Car -1 -1 -1.0192 598.6520 162.9903 669.4703 195.3427 1.5820 1.6935 4.2754 1.2792 1.1000 37.5289 -0.9857 0.4393
Car -1 -1 -0.7820 1149.0099 151.1682 1242.0000 193.9354 1.5493 1.6593 4.1853 22.8746 0.7640 27.1438 -0.0871 0.3094
