Pedestrian -1 -1 -1.6120 755.6948 160.7370 769.3086 200.5779 1.8573 0.6026 0.5485 7.1349 1.2928 33.9540 -1.4071 0.1605
Car -1 -1 -2.8126 364.6601 188.6767 479.3806 227.6611 1.4070 1.6140 3.9646 -7.2266 2.0374 27.7704 -3.0654 0.8962
Car -1 -1 -1.9299 760.1662 175.8505 1012.1598 332.7401 1.5093 1.6033 3.5423 3.0151 1.5538 8.8098 -1.6115 0.8901
Car -1 -1 -1.7411 705.2600 178.5954 818.7457 266.6671 1.4796 1.5373 3.5514 2.7879 1.6067 14.1425 -1.5515 0.8178
Car -1 -1 -1.5043 604.9840 175.8988 642.8801 209.4029 1.5803 1.6572 3.9914 0.7169 1.7433 36.4648 -1.4854 0.7681
Car -1 -1 -2.8439 423.3010 182.1360 520.1714 215.8242 1.5585 1.7478 4.3040 -6.7202 2.0244 35.0884 -3.0323 0.7575
Car -1 -1 -1.6596 674.8702 171.2626 725.1760 215.9421 1.6488 1.6326 3.6261 3.4447 1.5904 28.4605 -1.5410 0.6386
Car -1 -1 -2.6575 474.9294 180.7320 540.9734 205.0523 1.4474 1.5923 3.7942 -6.4242 1.9568 45.2277 -2.7982 0.2851
Car -1 -1 -1.6519 660.5986 176.8358 697.3144 206.5802 1.4401 1.5762 3.7683 3.4827 1.6570 37.3310 -1.5601 0.2846
Car -1 -1 1.8604 521.0925 178.3367 562.7368 201.7674 1.4820 1.6568 4.2931 -4.5944 1.8717 48.9633 1.7669 0.1689
Car -1 -1 -2.7992 452.2993 182.5673 529.1501 209.2363 1.4172 1.6466 3.9144 -6.6798 1.9762 40.3417 -2.9627 0.1341
