Pedestrian -1 -1 1.5661 406.5191 179.8438 417.3534 211.5118 1.6662 0.5534 0.6664 -10.6147 2.0436 38.5298 1.2986 0.1760
Car -1 -1 -2.5526 455.4503 181.7703 554.0242 219.1690 1.4621 1.6217 3.8772 -4.5001 1.8589 30.5150 -2.6983 0.8438
Car -1 -1 3.0517 256.4316 189.7103 381.1766 231.6250 1.4457 1.6760 4.3625 -11.3301 2.1412 28.0178 2.6702 0.8265
Car -1 -1 -2.1488 994.6083 180.5356 1242.0000 375.0000 1.4842 1.5882 3.9976 5.6517 1.5849 7.3824 -1.5153 0.7964
Car -1 -1 -3.6702 1064.3035 159.5543 1242.0000 210.4852 1.4460 1.6551 4.3744 16.2758 1.0688 21.5484 -3.0301 0.7292
Car -1 -1 1.8596 425.0822 184.6446 474.7428 211.8869 1.3855 1.6092 4.1695 -8.9921 2.0856 40.6818 1.6430 0.6537
Car -1 -1 -0.5244 1002.3027 158.8447 1154.0851 203.5777 1.4545 1.5949 4.0459 15.6570 0.9993 24.3385 0.0416 0.6285
Car -1 -1 2.7430 48.3313 192.7434 214.0156 242.6823 1.3891 1.6370 4.3153 -15.8895 2.1159 24.1031 2.1650 0.6020
Car -1 -1 -1.7009 649.7143 176.5645 685.9160 203.9201 1.5023 1.6011 3.9161 3.2965 1.7298 42.1618 -1.6239 0.5280
Car -1 -1 2.7009 0.0000 190.9092 46.4734 261.7130 1.5772 1.6471 4.0216 -17.8971 2.1163 19.3513 1.9613 0.2903
Car -1 -1 2.8945 157.2093 189.3944 273.8544 230.6171 1.4412 1.6100 3.7812 -15.6226 2.1401 28.5972 2.3981 0.2800
