Pedestrian -1 -1 2.0630 617.0323 174.0786 634.8082 208.0498 1.6330 0.5579 0.7965 0.7410 1.6939 35.2001 2.0833 0.2547
Car -1 -1 -1.8261 737.3401 187.5945 964.2973 350.5935 1.4305 1.5273 3.5740 2.4855 1.6405 8.4572 -1.5510 0.8479
Car -1 -1 2.0050 208.2330 190.0935 316.9095 240.9271 1.4607 1.6573 4.2049 -11.5734 2.0914 24.2691 1.5639 0.8369
Car -1 -1 -2.8708 386.3740 183.4113 543.9377 235.6249 1.4057 1.6414 4.1645 -4.1496 1.7246 20.7931 -3.0660 0.6651
Car -1 -1 -1.6723 666.4393 162.3309 753.4467 242.5566 1.8912 1.8021 4.4882 2.4851 1.6435 19.2718 -1.5468 0.6558
Car -1 -1 -1.6597 653.2175 179.5004 709.5188 226.4451 1.4499 1.5651 3.7454 2.3243 1.6949 24.6879 -1.5677 0.6552
Car -1 -1 -2.0903 829.6402 187.1991 1242.0000 375.0000 1.4663 1.6704 4.2615 2.5095 1.5843 3.7566 -1.5380 0.6376
Car -1 -1 -1.9729 294.1063 185.6309 441.4717 268.2124 1.4745 1.5952 3.8709 -5.3360 1.7837 15.4656 -2.3005 0.4778
Car -1 -1 1.0385 488.4551 177.6267 560.2560 210.0640 1.5277 1.6329 4.3924 -4.4772 1.7868 36.8787 0.9180 0.2120
Car -1 -1 -1.7401 626.8090 177.5663 672.1442 210.6019 1.5083 1.6182 3.6233 1.8439 1.7521 35.3758 -1.6890 0.1905
Car -1 -1 3.1164 369.4379 185.1546 497.0488 232.3091 1.5287 1.6357 4.2355 -6.2469 1.9856 25.4320 2.8773 0.1803
