Car -1 -1 -1.7676 683.4866 181.7839 804.4398 263.7327 1.4430 1.6283 4.4506 2.6331 1.6623 15.4430 -1.6029 0.9413
Car -1 -1 1.9635 154.3860 190.6325 429.9503 354.3580 1.4741 1.6264 3.8905 -3.5976 1.7416 8.8780 1.5879 0.8897
Car -1 -1 1.7121 485.8160 181.3049 540.3702 220.8145 1.4158 1.6052 3.9512 -3.8207 1.7753 28.6837 1.5803 0.7649
Car -1 -1 1.8266 381.2707 174.1469 504.6914 258.2809 1.6995 1.7261 4.3599 -3.7675 1.7340 16.8518 1.6093 0.7365
Car -1 -1 -0.1846 745.3559 174.3530 836.1497 207.1259 1.4346 1.5851 3.7416 8.0608 1.5045 32.5593 0.0556 0.7213
Car -1 -1 -1.6296 671.2901 180.0175 727.5483 229.0889 1.4220 1.5646 3.6721 2.7730 1.6727 23.3319 -1.5135 0.7142
Car -1 -1 -1.6361 643.9720 176.4592 673.6331 202.1245 1.5057 1.5830 3.7283 2.9537 1.7388 44.7144 -1.5710 0.4762
Car -1 -1 1.7125 506.2863 178.6489 552.9708 213.2505 1.4986 1.6318 4.0154 -3.7583 1.7881 33.9614 1.6026 0.4559
Car -1 -1 1.7537 519.1097 179.0649 562.7976 208.3145 1.4765 1.6359 4.2562 -3.7579 1.8361 39.5422 1.6591 0.2060
Car -1 -1 1.7361 1182.2477 176.7010 1242.0000 358.3364 1.5525 1.6663 4.2324 8.1558 1.6068 8.1784 2.5016 0.1283
