Pedestrian -1 -1 1.1975 590.6353 157.4769 646.5974 271.2418 1.7804 0.6279 0.9039 0.2009 1.3807 11.5924 1.2156 0.8919
Pedestrian -1 -1 -1.0258 558.2861 163.3299 608.1017 252.7194 1.6687 0.5889 0.8961 -0.4155 1.3008 13.7283 -1.0540 0.8363
Pedestrian -1 -1 1.0788 780.8859 160.3412 859.4685 304.1393 1.6847 0.5881 0.8558 2.6246 1.4194 8.7575 1.3612 0.8347
Pedestrian -1 -1 0.5676 866.6475 141.8540 991.3396 342.5496 1.8270 0.6292 0.9284 3.1577 1.4529 6.9914 0.9760 0.8082
Pedestrian -1 -1 1.4946 303.2030 164.4532 330.4438 237.9538 1.7148 0.5477 0.8549 -6.9202 1.2810 16.9952 1.1160 0.7737
Pedestrian -1 -1 0.7636 374.6574 167.4933 419.7792 245.4503 1.6646 0.5159 0.8239 -4.5518 1.3326 15.5124 0.4851 0.7169
Pedestrian -1 -1 0.3328 454.9730 162.3896 510.0312 258.5155 1.6739 0.5640 0.8331 -2.1905 1.3145 12.6542 0.1669 0.7011
Pedestrian -1 -1 1.3664 348.0493 167.6896 376.6099 235.8650 1.6694 0.5349 0.7840 -6.0917 1.2933 17.7820 1.0434 0.6392
Pedestrian -1 -1 0.8139 394.4182 170.0986 435.7364 242.3154 1.6166 0.5299 0.7776 -4.3560 1.3268 16.2528 0.5584 0.6130
Pedestrian -1 -1 0.3145 852.1795 157.8103 959.2189 370.0000 1.7386 0.5443 0.7293 2.5757 1.5361 6.1349 0.6947 0.5042
Pedestrian -1 -1 0.5741 470.0893 164.5026 522.1897 256.3648 1.6673 0.5798 0.7755 -2.0399 1.3310 13.2515 0.4263 0.3627
Cyclist -1 -1 0.7694 713.8087 156.4265 813.7014 265.3979 1.7572 0.5465 1.8162 2.7141 1.3283 12.3028 0.9825 0.6017
Car -1 -1 1.6936 525.1729 172.0713 563.1928 199.1055 1.4975 1.6929 4.3030 -3.3792 0.8875 41.3490 1.6144 0.5008
Car -1 -1 0.1898 738.3168 165.9600 904.0463 235.4229 1.7757 1.7134 4.1928 6.0571 1.3387 19.8028 0.4837 0.4295
Car -1 -1 -2.0947 988.4426 178.2941 1097.3751 226.6219 1.5420 1.6196 3.5111 14.9805 1.3897 24.3290 -1.5470 0.3919
Car -1 -1 0.9836 1054.2316 184.1341 1198.1807 230.5542 1.4161 1.6717 4.4934 17.4651 1.4555 23.9419 1.6091 0.3865
Car -1 -1 -2.1603 1137.1697 183.7403 1226.0000 229.4796 1.4186 1.6377 4.1398 20.4262 1.4435 24.1301 -1.4628 0.3595
Car -1 -1 2.5423 898.7444 181.5003 1123.4233 251.3837 1.4232 1.6146 4.0393 8.7437 1.3919 15.3794 3.0518 0.3569
