Pedestrian -1 -1 -2.1713 275.8792 159.9271 359.1950 313.1427 1.7458 0.5907 0.7849 -3.5734 1.5989 8.6824 -2.5519 0.2485
Cyclist -1 -1 1.5886 546.7970 172.4978 559.8450 213.1350 1.7756 0.5553 1.8521 -2.5820 1.7604 32.4660 1.5093 0.2048
Car -1 -1 -2.0103 792.0287 190.7586 1242.0000 375.0000 1.4402 1.5536 3.6805 2.6564 1.6277 5.6778 -1.5938 0.8471
Car -1 -1 -1.7386 696.9950 171.1723 852.5733 295.0148 1.6922 1.7178 4.3223 2.4625 1.6696 12.0408 -1.5429 0.8017
Car -1 -1 -1.6696 670.9481 182.1471 734.7360 234.7209 1.4049 1.5293 3.5793 2.6691 1.7084 21.7226 -1.5498 0.7185
Car -1 -1 3.1101 0.0000 157.2351 358.0229 351.4469 1.7746 1.7544 4.1516 -5.3710 1.6323 8.4657 2.5584 0.5104
Car -1 -1 2.6656 406.6794 180.2455 521.4028 221.8506 1.4236 1.5741 3.9569 -5.4954 1.7215 27.1931 2.4676 0.4998
Car -1 -1 -0.3359 346.8246 168.2601 502.4804 231.8453 1.7528 1.7425 4.2131 -5.5943 1.6266 21.7774 -0.5850 0.4851
Car -1 -1 -0.5270 474.3513 177.4406 556.7698 210.0377 1.5331 1.6319 3.8013 -4.7531 1.7754 36.2484 -0.6569 0.4802
Car -1 -1 2.9448 102.3902 177.5381 427.0701 296.4241 1.4902 1.6548 4.2879 -5.2441 1.5753 11.1237 2.5129 0.4106
