Car -1 -1 -1.7613 632.3778 175.3097 679.4742 207.3099 1.4859 1.6037 3.9447 2.1854 1.6154 35.8769 -1.7015 0.8801
Car -1 -1 -1.9368 796.0034 185.6672 1230.1621 375.0000 1.4486 1.6147 4.2425 2.8788 1.6010 6.4087 -1.5329 0.8112
Car -1 -1 2.9963 159.2856 174.6867 455.2700 285.0679 1.5596 1.6862 4.3358 -5.0190 1.5953 12.0789 2.6097 0.6734
Car -1 -1 -1.7284 674.3712 177.5942 734.2883 219.9944 1.3886 1.5386 3.7845 3.2746 1.5722 25.9737 -1.6050 0.6391
Car -1 -1 -0.0256 0.0000 189.6239 375.8935 375.0000 1.4560 1.6631 4.0880 -4.4728 1.6504 6.4899 -0.6105 0.6248
Car -1 -1 -1.7389 704.5330 148.6663 846.4351 268.2512 1.9401 1.8333 4.6866 2.9444 1.5481 14.0758 -1.5378 0.5177
Car -1 -1 2.7819 298.7485 175.6688 489.5310 245.5374 1.4918 1.6318 4.1090 -5.1911 1.5676 17.4428 2.4962 0.4938
Car -1 -1 2.9058 352.3413 176.5601 507.8657 233.8661 1.4977 1.6406 4.0675 -5.1950 1.6131 20.7346 2.6628 0.4347
Car -1 -1 -1.6379 618.2880 173.6340 651.6341 201.5007 1.4943 1.6068 4.0363 1.3323 1.5410 40.8480 -1.6060 0.4339
Car -1 -1 -0.2470 413.9646 176.9347 526.2532 221.4602 1.4938 1.5845 3.6945 -5.0764 1.6496 25.9806 -0.4386 0.3709
Car -1 -1 -0.1159 13.6431 180.7542 417.7437 334.3179 1.4818 1.6561 4.0898 -4.7251 1.6004 8.9722 -0.5891 0.3168
Car -1 -1 2.7081 418.9058 173.0223 524.9142 211.2456 1.5553 1.6638 4.2036 -5.9863 1.5634 31.2738 2.5201 0.3075
