Pedestrian -1 -1 -0.7336 684.6187 173.1209 716.8348 226.4632 1.6939 0.6210 0.8371 2.8981 1.7031 23.4100 -0.6127 0.2429
Car -1 -1 -1.3652 438.8640 178.3247 538.9510 250.9445 1.5775 1.6556 4.0535 -2.9397 1.7303 18.0440 -1.5252 0.8464
Car -1 -1 -1.3667 488.8584 171.7066 559.4334 226.4191 1.7948 1.6934 4.1530 -3.0180 1.7576 25.8102 -1.4826 0.7244
Car -1 -1 -1.7681 709.2896 180.2560 775.1014 228.6738 1.4944 1.5380 3.3975 4.3694 1.7639 24.5092 -1.5945 0.7223
Car -1 -1 -0.3017 758.8881 176.6191 828.7956 200.7701 1.6194 1.7680 4.3341 12.5956 1.8843 49.6930 -0.0553 0.6440
Car -1 -1 2.0194 281.9875 177.7045 347.0060 210.4617 1.5214 1.5719 3.6262 -14.6699 1.7757 35.9181 1.6339 0.6065
Car -1 -1 2.3814 0.0000 179.6185 68.2692 249.0315 1.4783 1.5612 3.6598 -15.5487 1.6617 17.6288 1.6660 0.3633
Car -1 -1 -1.3548 514.5966 175.6301 573.4133 214.2215 1.6046 1.7445 4.3885 -2.9390 1.7393 32.6141 -1.4445 0.2585
Car -1 -1 1.8840 369.4483 175.7837 413.5615 200.5708 1.5719 1.6286 4.1380 -14.6041 1.7769 48.3315 1.5918 0.2438
Car -1 -1 2.0896 328.3451 176.7829 389.8290 204.9797 1.5515 1.6134 4.0532 -14.7136 1.7946 42.4365 1.7575 0.2406
Car -1 -1 -1.3759 551.2447 177.0948 589.0839 202.3280 1.4796 1.6283 3.9458 -2.4723 1.7570 45.0667 -1.4309 0.2242
Car -1 -1 -1.2008 660.1895 174.1024 696.9109 193.9378 1.4670 1.5560 3.7977 5.2971 1.5672 55.6639 -1.1068 0.2046
Car -1 -1 1.2121 684.6820 177.2857 749.4686 213.7214 1.4921 1.5673 3.8922 4.6486 1.7024 32.1172 1.3540 0.1659
