Pedestrian -1 -1 3.6160 57.3811 151.3317 142.0100 266.7715 1.8001 0.5905 0.9421 -8.1577 1.3470 11.3755 3.0090 0.7475
Pedestrian -1 -1 2.4147 272.1285 144.6999 392.8725 337.6274 1.7992 0.6661 0.9337 -2.7897 1.4670 7.1573 2.0597 0.7286
Pedestrian -1 -1 0.3346 29.4833 152.4914 120.6102 277.3811 1.7873 0.5446 0.9569 -7.9045 1.3881 10.5129 -0.2938 0.7240
Pedestrian -1 -1 -1.1193 554.8021 162.4878 584.1979 219.6166 1.8151 0.5995 0.9545 -1.1797 1.2444 23.0158 -1.1681 0.5372
Pedestrian -1 -1 1.9557 619.8196 164.8778 646.4021 215.2665 1.6446 0.6053 0.8682 0.9134 1.1362 23.5918 1.9957 0.4806
Pedestrian -1 -1 2.5232 500.4721 161.4359 535.9017 220.2919 1.8038 0.5941 0.9327 -2.7554 1.2211 22.1983 2.4033 0.4300
Pedestrian -1 -1 2.3239 533.7436 162.2484 567.3843 217.5029 1.8021 0.5775 1.0236 -1.8446 1.2084 23.6347 2.2489 0.3659
Pedestrian -1 -1 2.7272 489.4189 159.8685 526.5253 218.5112 1.8560 0.6262 1.0264 -3.1749 1.2046 22.9071 2.5932 0.3357
Pedestrian -1 -1 2.3394 646.3444 163.2898 675.8522 214.8613 1.7280 0.5690 0.8596 1.8916 1.1529 24.1832 2.4183 0.2867
Pedestrian -1 -1 2.5779 614.4598 163.6051 644.9816 213.7452 1.7487 0.5999 0.9041 0.8507 1.1610 25.1411 2.6130 0.2794
Cyclist -1 -1 -1.3520 676.8938 159.5757 705.0240 215.4676 1.7882 0.5493 1.8314 2.8518 1.1203 23.5715 -1.2314 0.1761
Car -1 -1 1.3372 0.0000 168.6170 202.5261 295.3237 1.5192 1.6449 4.2107 -7.7028 1.3784 10.4785 0.7197 0.1036
