Pedestrian -1 -1 -0.8843 779.0654 169.5231 855.3803 310.8578 1.6525 0.6565 0.6256 2.4928 1.6139 8.8823 -0.6206 0.3000
Cyclist -1 -1 -1.8380 780.8024 170.6472 866.4641 325.9429 1.6948 0.5274 1.7128 2.4797 1.6711 8.7283 -1.5714 0.3558
Car -1 -1 -1.3424 413.0541 172.7405 534.1908 261.4910 1.6414 1.6427 4.0107 -2.7945 1.6397 15.3865 -1.5199 0.8572
Car -1 -1 -1.2281 247.0747 189.0543 477.3052 335.9544 1.3759 1.5153 3.5648 -2.8561 1.6183 8.9674 -1.5290 0.8290
Car -1 -1 -1.7595 697.5137 173.9726 767.7415 223.6671 1.6769 1.7395 4.3410 4.3797 1.7220 26.6380 -1.5990 0.8205
Car -1 -1 -0.5870 960.5879 179.7790 1150.1349 241.8798 1.6246 1.7569 4.2325 12.2381 1.8270 20.0673 -0.0465 0.8032
Car -1 -1 -1.3902 482.6291 177.3648 558.3295 230.3297 1.4639 1.6100 4.1115 -2.7204 1.6175 22.3987 -1.5103 0.7811
Car -1 -1 1.9938 291.7916 173.2829 358.2902 202.8347 1.4663 1.7019 4.1280 -14.9383 1.4905 37.9648 1.6211 0.7336
Car -1 -1 -1.9911 815.8433 189.8178 1084.3445 332.3993 1.4202 1.5894 4.1368 4.1729 1.6995 9.7720 -1.5995 0.7324
Car -1 -1 2.0577 196.7204 173.1108 297.1269 213.4446 1.5108 1.7434 4.4560 -14.6358 1.5224 29.3042 1.5978 0.7233
Car -1 -1 -0.5394 864.0222 181.8905 977.0624 217.9184 1.4060 1.6474 4.0163 12.7424 1.7932 29.7984 -0.1394 0.6938
Car -1 -1 0.8440 1004.8575 207.2075 1242.0000 375.0000 1.4063 1.5682 3.9314 4.0788 1.7000 4.1835 1.5811 0.5996
Car -1 -1 1.5339 661.7988 177.8427 686.0582 199.2798 1.4599 1.5893 3.9263 4.5517 1.8341 52.0668 1.6201 0.3397
Car -1 -1 -1.4765 547.7953 176.5350 581.3964 203.9430 1.4952 1.5969 3.7534 -2.6200 1.7184 41.7714 -1.5392 0.2609
Car -1 -1 -0.7713 0.0000 114.0746 350.7919 375.0000 1.5903 1.7561 4.3000 -2.9714 1.5164 3.1217 -1.4905 0.2563
