Pedestrian -1 -1 1.1116 685.6013 153.6362 767.0510 307.0060 1.7916 0.6466 0.9278 1.4673 1.4487 8.7920 1.2722 0.9011
Pedestrian -1 -1 2.1891 329.2810 169.4069 383.9001 260.1475 1.6348 0.5657 0.8676 -4.6395 1.3893 13.2291 1.8606 0.8792
Pedestrian -1 -1 2.9600 550.7871 163.2969 623.7537 287.9597 1.7277 0.5754 0.9602 -0.2809 1.4545 10.1737 2.9343 0.8604
Pedestrian -1 -1 2.2515 590.6716 158.5647 655.9556 271.2029 1.7778 0.6177 0.9590 0.3018 1.3918 11.7192 2.2778 0.8450
Pedestrian -1 -1 2.5880 530.2072 167.8096 598.5287 281.0727 1.6747 0.5827 0.8814 -0.6412 1.4499 10.9402 2.5322 0.7932
Pedestrian -1 -1 0.9075 435.6637 169.4664 484.9769 257.4529 1.6014 0.5270 0.8071 -2.7326 1.3545 13.3266 0.7113 0.7723
Pedestrian -1 -1 0.6410 409.4657 169.3119 461.6833 263.7499 1.6358 0.4858 0.7701 -3.0279 1.3982 12.6184 0.4125 0.7671
Pedestrian -1 -1 1.5799 952.7900 137.9784 1056.1362 370.0000 1.8223 0.6797 0.9277 3.1929 1.4926 5.7522 2.0645 0.7361
Pedestrian -1 -1 1.2557 384.7332 170.1026 424.1252 254.5665 1.6421 0.5388 0.8172 -4.0418 1.3906 14.2297 0.9862 0.6959
Pedestrian -1 -1 1.6655 869.1203 148.1201 956.6371 370.0000 1.7848 0.6391 0.8919 2.6756 1.5069 6.1815 2.0564 0.6389
Cyclist -1 -1 0.3388 1030.2780 143.6568 1226.0000 340.4327 1.7393 0.5517 1.8568 5.4056 1.3920 7.1640 0.9653 0.5272
Car -1 -1 1.7267 492.8825 175.9786 547.4191 212.6782 1.4399 1.6437 4.1987 -3.4352 1.1615 29.8705 1.6151 0.7301
Car -1 -1 -0.4327 911.5379 164.8044 1127.0107 242.0771 1.8458 1.8027 4.3667 10.3833 1.4099 17.9672 0.0851 0.3807
Car -1 -1 1.0731 1084.0243 180.4147 1226.0000 231.7713 1.4756 1.7056 4.3855 17.4313 1.3995 22.6072 1.7247 0.2919
Car -1 -1 1.5130 616.9825 174.5298 646.4888 201.1790 1.5415 1.5654 3.7829 1.7067 1.0466 42.7998 1.5543 0.2740
