Pedestrian -1 -1 2.3368 342.9911 186.8335 429.2037 349.4123 1.5566 0.5611 0.6327 -2.3385 1.7080 7.3849 2.0390 0.2957
Car -1 -1 2.1289 92.9511 189.5650 291.8697 286.4727 1.4897 1.5507 3.5372 -7.6388 1.8450 13.5180 1.6225 0.8921
Car -1 -1 1.8859 374.7504 181.5101 450.6921 228.0475 1.5744 1.6319 3.8393 -7.3536 1.9233 27.0953 1.6228 0.8289
Car -1 -1 1.8391 456.6789 181.2432 504.6914 211.9566 1.4530 1.5327 3.5549 -6.6083 1.9047 36.9770 1.6630 0.7654
Car -1 -1 2.0523 249.2226 188.2984 341.1696 233.4815 1.4317 1.5287 3.6032 -11.2704 2.0280 25.9824 1.6463 0.7285
Car -1 -1 1.7172 512.0042 179.2010 543.4280 201.4322 1.4482 1.6112 3.9535 -5.7056 1.9073 50.1451 1.6041 0.5279
Car -1 -1 1.7823 541.1608 178.4514 571.6110 198.3267 1.5048 1.6163 4.1028 -4.2921 1.9716 57.9766 1.7084 0.3447
Car -1 -1 2.2891 0.0000 174.7897 139.7197 290.5793 1.8678 1.7659 4.4419 -11.5422 1.9116 13.9634 1.6076 0.2462
Car -1 -1 1.8620 491.6531 180.3195 523.3892 199.5905 1.4648 1.5624 3.6218 -8.2577 2.0873 58.2263 1.7213 0.1497
Car -1 -1 1.9480 342.4276 178.6269 587.9243 337.4603 1.5723 1.7621 3.7965 -1.6414 1.6637 9.3267 1.7773 0.1167
