Cyclist -1 -1 -1.9127 819.1389 160.5437 943.5900 359.7798 1.7615 0.5519 1.8215 2.6094 1.6531 7.2908 -1.5832 0.6348
Car -1 -1 -1.2799 346.6553 173.8706 519.7860 291.1658 1.6127 1.6595 4.0199 -2.7633 1.6329 12.0156 -1.5021 0.8826
Car -1 -1 -1.4141 464.3782 180.5677 551.3205 243.6309 1.4274 1.6081 4.2185 -2.6089 1.6533 18.9744 -1.5496 0.8546
Car -1 -1 -0.5272 898.6132 181.9408 1041.7942 226.2067 1.5251 1.7368 4.3996 13.0187 1.8697 26.3037 -0.0727 0.8460
Car -1 -1 -1.8002 711.2139 176.4672 797.3937 232.4269 1.6057 1.7313 4.3512 4.4666 1.7334 23.1972 -1.6130 0.8267
Car -1 -1 2.1084 140.8889 174.8230 265.0022 220.7025 1.4969 1.8020 4.5528 -14.5437 1.5747 26.0416 1.6032 0.8192
Car -1 -1 -1.0727 0.0000 197.0042 416.5565 375.0000 1.3557 1.5013 3.5711 -2.8313 1.6017 5.5195 -1.5284 0.8141
Car -1 -1 -0.6819 1032.4039 185.9198 1242.0000 255.3549 1.4707 1.6566 4.1376 12.1869 1.7885 16.5810 -0.0571 0.8138
Car -1 -1 2.0392 264.2755 176.8319 337.3482 209.6924 1.4614 1.6357 3.8739 -14.7517 1.6632 34.5541 1.6382 0.7936
Car -1 -1 2.2814 5.1511 176.0033 155.3912 235.5194 1.5053 1.5358 3.3896 -14.7021 1.6015 20.1881 1.6581 0.6542
Car -1 -1 -2.1013 911.8617 192.5808 1242.0000 375.0000 1.4177 1.6454 4.3099 4.2709 1.6523 6.3790 -1.5336 0.6289
Car -1 -1 -1.4262 501.1472 179.7293 560.8296 226.0328 1.4677 1.5698 3.6009 -2.7354 1.7260 25.2394 -1.5336 0.3451
Car -1 -1 -1.4587 515.0515 173.5248 566.2089 216.9524 1.6942 1.6876 4.0852 -2.8797 1.7246 30.2669 -1.5533 0.2847
Car -1 -1 -1.4381 543.3499 177.3620 583.5514 208.2956 1.5344 1.6267 3.9643 -2.4612 1.7875 38.4135 -1.5021 0.2750
