Pedestrian -1 -1 1.0221 614.5626 170.3160 656.2599 251.8339 1.6219 0.5073 0.8093 0.6218 1.3688 14.5392 1.0652 0.8570
Pedestrian -1 -1 1.3357 501.7814 165.6287 529.8329 226.9462 1.7656 0.6328 0.8899 -2.6100 1.2637 20.8819 1.2147 0.8125
Pedestrian -1 -1 1.3549 708.8046 162.3295 751.0162 254.9287 1.8025 0.6568 0.8790 2.5005 1.3995 14.2117 1.5266 0.8114
Pedestrian -1 -1 0.9194 645.9749 168.9481 687.5146 246.3551 1.6398 0.5121 0.8175 1.3510 1.3412 15.4549 1.0062 0.7799
Pedestrian -1 -1 0.9615 436.9554 170.0788 467.1100 224.8292 1.6840 0.5878 0.7792 -4.7733 1.2846 22.2236 0.7544 0.6630
Pedestrian -1 -1 2.1537 545.5758 166.5195 578.5005 225.5975 1.7506 0.6260 0.8651 -1.2667 1.2604 21.4776 2.0972 0.5948
Pedestrian -1 -1 1.1334 638.7912 170.2649 673.7795 239.7176 1.6489 0.5465 0.8388 1.2608 1.3454 17.2702 1.2063 0.5542
Pedestrian -1 -1 2.1817 909.1733 175.5249 975.5324 292.7421 1.6070 0.5310 0.7405 4.8047 1.5044 10.1033 2.6147 0.5234
Pedestrian -1 -1 3.2975 387.1470 170.0564 413.2322 218.6476 1.6434 0.5247 0.7862 -6.9646 1.2033 24.2156 3.0226 0.4239
Pedestrian -1 -1 1.4812 400.9149 170.0104 418.9554 216.5014 1.6635 0.5743 0.7052 -7.0489 1.1962 25.7239 1.2185 0.2826
Cyclist -1 -1 1.3961 542.2032 167.2886 565.2099 217.4819 1.7904 0.5409 1.8194 -1.8576 1.2275 26.1643 1.3277 0.2472
Car -1 -1 -2.0317 977.7394 185.3468 1073.1464 221.6858 1.4108 1.6338 4.4606 17.7639 1.5144 30.0081 -1.5003 0.6505
Car -1 -1 -0.7408 1114.2550 185.1405 1226.0000 235.3623 1.5027 1.6288 3.7219 18.4031 1.5703 22.1361 -0.0528 0.6059
Car -1 -1 -2.0935 914.0677 182.0957 1000.0433 219.6243 1.5132 1.6385 3.7460 15.1149 1.4737 30.4268 -1.6350 0.3460
Car -1 -1 -2.1744 1046.8671 187.1775 1146.7085 224.5369 1.4483 1.5561 3.7668 20.5968 1.6314 29.6987 -1.5715 0.1901
