Car -1 -1 1.8780 325.8873 184.0028 441.7307 249.1747 1.4009 1.6171 4.0505 -5.6053 1.7145 18.2384 1.5833 0.8839
Car -1 -1 2.1605 0.0000 197.3203 304.3495 369.1123 1.4316 1.5967 3.9786 -5.4094 1.7924 8.6068 1.6128 0.8516
Car -1 -1 -0.4723 826.2994 162.9860 1222.2483 299.2579 1.6222 1.7316 4.1989 5.1442 1.5051 9.4760 0.0113 0.7826
Car -1 -1 -0.7964 960.5577 172.1585 1242.0000 352.3163 1.4452 1.6291 3.7924 5.5314 1.4400 6.8544 -0.1388 0.7414
Car -1 -1 2.8274 696.7919 171.2238 893.1988 237.1429 1.4398 1.6027 4.1094 4.1481 1.4045 16.7112 3.0659 0.6703
Car -1 -1 1.8299 396.5860 178.4708 474.2297 226.2381 1.4252 1.5616 3.8257 -5.7303 1.6268 23.9125 1.5967 0.6482
Car -1 -1 -0.3763 753.4173 163.9451 994.4318 249.0742 1.5425 1.6689 4.0605 4.9442 1.3815 13.9943 -0.0439 0.6467
Car -1 -1 -0.1747 672.6319 164.1835 786.7080 208.1849 1.6912 1.7094 4.2250 4.6398 1.3583 28.6188 -0.0161 0.6276
Car -1 -1 1.8350 456.7429 175.8284 511.5138 209.5767 1.4658 1.5751 3.8004 -5.8406 1.6130 33.6480 1.6640 0.5384
Car -1 -1 -0.2879 653.5924 165.7476 739.6594 197.3043 1.5009 1.6406 3.8917 4.1904 1.1633 35.4553 -0.1716 0.1874
