Car -1 -1 -1.8005 707.1219 181.7581 882.9366 298.9805 1.4602 1.6435 4.3299 2.6316 1.6292 11.4897 -1.5820 0.8992
Car -1 -1 -1.5772 582.4947 170.7281 648.2515 234.8285 1.6506 1.6936 4.2362 0.0830 1.5962 20.6978 -1.5741 0.8596
Car -1 -1 -2.0002 798.8663 187.2778 1242.0000 375.0000 1.4478 1.6165 4.1793 2.8539 1.6084 5.9250 -1.5719 0.8375
Car -1 -1 2.1868 27.5652 171.9062 182.1656 230.1678 1.4839 1.6190 3.8450 -14.0633 1.4601 20.3097 1.5872 0.8091
Car -1 -1 -1.7020 674.5590 176.8774 748.1379 233.7209 1.4594 1.5759 3.7372 2.7593 1.5854 20.6562 -1.5718 0.7961
Car -1 -1 1.8163 422.2384 174.0693 454.1181 193.4936 1.5477 1.6425 4.0061 -14.2089 1.6520 59.7520 1.5836 0.4762
Car -1 -1 -1.6978 661.0544 177.3143 717.4642 219.4776 1.4249 1.5856 3.7704 2.8153 1.6020 26.6872 -1.5945 0.4693
Car -1 -1 -1.6975 651.8936 177.3852 696.4796 211.1871 1.4172 1.5429 3.6323 2.8046 1.6339 32.5919 -1.6130 0.4524
Car -1 -1 1.9952 372.7112 175.0929 423.1389 199.4339 1.5456 1.6627 4.1952 -14.1913 1.7030 48.4099 1.7112 0.2399
Car -1 -1 -1.5093 639.7054 173.9581 666.6376 197.2102 1.3956 1.4820 3.4691 2.7081 1.4680 45.2870 -1.4504 0.1616
