Pedestrian -1 -1 2.5905 945.2387 155.7215 1010.1775 249.8899 1.7919 0.5771 0.9689 7.1039 1.4662 14.0590 3.0493 0.6862
Pedestrian -1 -1 2.6682 878.7773 162.9514 933.3490 251.0024 1.7068 0.5783 0.8271 5.8128 1.5152 14.3112 3.0461 0.5965
Pedestrian -1 -1 -3.2127 703.5536 172.4069 725.1654 218.5396 1.6857 0.6037 0.7477 3.8122 1.6698 26.6899 -3.0731 0.2943
Pedestrian -1 -1 2.0787 911.9947 159.2231 959.8237 247.1739 1.7846 0.6087 0.7936 6.7802 1.5084 15.1204 2.4923 0.2234
Pedestrian -1 -1 1.8307 812.4101 165.7635 832.3736 206.9396 1.8781 0.6728 0.9403 9.8208 1.5550 33.4834 2.1132 0.2160
Pedestrian -1 -1 0.1172 784.1406 168.8476 804.9631 208.1297 1.8007 0.6123 0.8735 8.5355 1.6174 33.5150 0.3639 0.1751
Pedestrian -1 -1 -1.2564 1013.1715 157.9745 1057.0420 245.9962 1.7689 0.5731 0.7970 8.7767 1.4702 14.9773 -0.7354 0.1572
Pedestrian -1 -1 1.1942 1169.1007 123.0082 1242.0000 375.0000 1.8981 0.6513 0.9141 5.0399 1.5332 5.8196 1.8824 0.1269
Pedestrian -1 -1 0.5725 1074.9106 138.2334 1203.3243 375.0000 1.7681 0.4848 0.6095 3.8715 1.5283 5.3764 1.1702 0.1162
Cyclist -1 -1 -0.1374 985.5148 155.9439 1089.1393 244.3257 1.7621 0.5745 1.7852 8.7818 1.4254 14.9837 0.3837 0.2872
Cyclist -1 -1 1.9361 543.3037 177.1329 563.8975 208.3870 1.6644 0.5339 1.7633 -3.1199 1.9051 39.5961 1.8575 0.1233
Car -1 -1 -2.3177 0.0000 187.8218 79.5862 235.6057 1.5380 1.7039 4.1287 -21.0286 2.0808 25.0315 -3.0113 0.1645
