Car -1 -1 -1.9151 758.1093 182.3457 973.7997 319.3521 1.4633 1.5338 3.5455 3.1484 1.6158 9.7573 -1.6129 0.8857
Car -1 -1 -1.7300 703.4971 181.8630 809.2498 265.2455 1.4372 1.5078 3.4637 2.7755 1.6413 14.5619 -1.5463 0.8216
Car -1 -1 -1.7323 674.6076 172.0117 739.1896 224.6974 1.6748 1.6238 3.5190 3.1981 1.6484 24.7208 -1.6058 0.7166
Car -1 -1 -2.1245 857.8996 194.3122 1242.0000 375.0000 1.4116 1.5800 4.0278 2.8558 1.5973 4.2077 -1.5613 0.6919
Car -1 -1 3.5466 0.0000 187.0387 383.1147 327.3419 1.4072 1.6069 4.0127 -4.9414 1.5940 8.4600 3.0311 0.6907
Car -1 -1 -1.7385 691.7452 179.6551 774.5920 240.7148 1.4551 1.5656 3.7281 3.1713 1.6568 19.4806 -1.5803 0.6089
Car -1 -1 0.5960 0.0000 186.2542 315.7222 375.0000 1.4402 1.6013 3.8500 -4.7422 1.5684 5.9777 -0.0534 0.5886
Car -1 -1 2.5142 0.0000 187.6817 244.5729 375.0000 1.5100 1.5942 3.7730 -3.1819 1.6012 2.4710 1.6556 0.5557
Car -1 -1 -2.6515 183.8650 166.0921 477.4209 291.7177 1.7351 1.6967 3.8574 -4.2170 1.6421 11.0595 -3.0086 0.4535
Car -1 -1 -1.6614 659.3253 175.0389 701.9741 208.4521 1.4696 1.6250 4.0197 3.2317 1.5791 34.0084 -1.5680 0.3977
