Car -1 -1 -3.4074 728.7397 181.7321 958.0432 255.5136 1.4179 1.6349 4.2328 4.6474 1.6131 14.9532 -3.1125 0.8581
Car -1 -1 1.6902 453.4013 179.3242 530.4009 247.8759 1.6500 1.6158 3.8263 -3.1648 1.8442 19.6742 1.5320 0.8338
Car -1 -1 1.6677 511.3612 175.3060 558.6923 219.4942 1.7095 1.5870 3.9729 -3.1065 1.8190 30.1234 1.5652 0.6422
Car -1 -1 2.8156 696.3608 169.6385 889.2271 244.3954 1.7245 1.7591 4.2454 4.3464 1.6507 17.7088 3.0516 0.6415
Car -1 -1 2.5540 794.9259 162.3663 1242.0000 370.9020 1.6854 1.7456 4.2816 4.0821 1.6010 6.8487 3.0718 0.6329
Car -1 -1 1.7207 536.3404 178.0606 575.0544 208.2761 1.5320 1.5524 3.7688 -2.9365 1.8292 39.1871 1.6459 0.3234
Car -1 -1 2.8601 668.4312 177.4091 758.9548 210.4680 1.4517 1.5956 3.8067 4.6754 1.6673 33.0335 2.9989 0.1642
Car -1 -1 -1.5657 719.4245 172.1343 785.5616 231.6871 1.5869 1.7439 4.4428 4.2034 1.5681 21.5723 -1.3765 0.1586
Car -1 -1 1.9786 548.3305 178.8147 594.4229 202.1827 1.4987 1.6410 4.1943 -2.6350 1.9281 49.6741 1.9255 0.1488
Car -1 -1 2.0914 0.0000 121.3000 379.3379 375.0000 1.8454 1.7455 4.3475 -3.4659 1.5887 5.7693 1.5698 0.1454
Car -1 -1 -3.2865 672.0863 174.8023 773.9592 211.2712 1.4998 1.6249 4.0679 4.6915 1.5850 30.5818 -3.1363 0.1242
