Pedestrian -1 -1 1.9328 670.2877 170.9736 697.4249 228.6082 1.7192 0.5599 0.8564 2.2135 1.6634 22.0277 2.0309 0.6521
Pedestrian -1 -1 1.9032 694.3352 170.8966 721.6295 228.9487 1.6802 0.5555 0.8576 2.8629 1.6239 21.3881 2.0337 0.5079
Pedestrian -1 -1 1.3811 1000.4325 143.1099 1052.4092 246.2590 1.7519 0.6279 0.8972 7.3043 1.2471 12.7765 1.8901 0.4768
Pedestrian -1 -1 1.9845 1212.0228 149.5668 1242.0000 239.4998 1.6510 0.5231 0.6279 11.7894 1.2238 13.6159 2.6872 0.1554
Pedestrian -1 -1 1.2825 1141.8777 148.1908 1188.5013 238.3200 1.6833 0.5390 0.6587 10.6145 1.2231 13.8757 1.9250 0.1545
Pedestrian -1 -1 -0.3205 631.3965 169.7148 653.3553 207.1918 1.7248 0.6132 0.8726 1.4667 1.5807 33.6190 -0.2778 0.1200
Pedestrian -1 -1 1.8757 778.9151 166.4797 808.7026 236.3461 1.7577 0.5644 0.6967 4.6921 1.5977 18.5943 2.1184 0.1190
Cyclist -1 -1 -1.7563 633.1746 170.7056 652.3918 208.4126 1.7190 0.5596 1.8738 1.4875 1.6214 33.8579 -1.7133 0.2233
Car -1 -1 2.0889 0.0000 189.7815 306.2370 362.2242 1.4621 1.6066 3.9128 -5.2162 1.7076 8.4745 1.5506 0.8784
Car -1 -1 -1.3098 359.3756 175.1400 464.1206 244.9873 1.6297 1.6606 3.9729 -5.1115 1.6964 18.9496 -1.5704 0.8732
Car -1 -1 1.7972 427.8701 177.0613 501.4458 226.8463 1.5151 1.5991 3.7941 -4.8252 1.6678 24.2013 1.6019 0.6951
