Pedestrian -1 -1 1.1297 108.0405 148.7664 222.3739 349.0316 1.8783 0.6214 1.0069 -4.5602 1.6528 7.3023 0.5872 0.8482
Pedestrian -1 -1 1.1596 1109.4353 133.7204 1177.6958 242.0855 1.9121 0.6748 0.9548 9.7352 1.2220 13.2665 1.7819 0.4495
Pedestrian -1 -1 1.8481 4.0076 148.2125 123.6226 368.8184 1.8332 0.6256 0.9120 -4.9558 1.6288 6.5290 1.2180 0.3946
Pedestrian -1 -1 1.9657 667.3202 170.1423 690.5527 221.2953 1.7386 0.5546 0.7562 2.3461 1.6468 24.9856 2.0575 0.3110
Pedestrian -1 -1 2.1792 685.0463 171.6679 712.0693 222.9155 1.6931 0.5483 0.7971 2.9418 1.6543 24.3151 2.2974 0.2828
Pedestrian -1 -1 2.9502 99.1048 149.7236 208.6741 322.8804 1.8493 0.5564 0.9735 -5.2545 1.6027 8.2379 2.3965 0.2382
Pedestrian -1 -1 -3.0344 635.6757 168.9052 654.6105 206.4847 1.7749 0.6027 0.8444 1.6417 1.5887 34.4381 -2.9877 0.1652
Pedestrian -1 -1 1.7745 928.8889 148.4384 967.8676 232.7605 1.7779 0.6156 0.8624 7.3371 1.2634 15.7401 2.2031 0.1467
Pedestrian -1 -1 -1.8608 1156.6481 151.9944 1195.1339 223.0546 1.6697 0.5528 0.6776 13.5620 1.1799 17.3663 -1.2062 0.1457
Cyclist -1 -1 -2.5323 908.7526 152.0039 997.0696 233.5752 1.6857 0.5283 1.7523 7.4208 1.2552 15.7976 -2.1007 0.1944
Cyclist -1 -1 -1.2317 633.7003 170.9386 657.1046 207.8415 1.7193 0.5504 1.8165 1.6690 1.6305 34.5594 -1.1844 0.1858
Car -1 -1 -1.3120 397.8359 174.4518 485.9346 233.9982 1.6364 1.6484 3.8965 -5.0345 1.6897 21.9082 -1.5358 0.8849
Car -1 -1 1.9985 159.4062 186.2200 376.3124 302.2953 1.4579 1.5854 3.8504 -5.1894 1.7059 11.4375 1.5806 0.8635
Car -1 -1 1.8022 449.9421 180.1130 515.4412 221.4595 1.4057 1.5740 3.9041 -4.7609 1.7001 27.2247 1.6302 0.6232
