Pedestrian -1 -1 0.9579 869.9329 149.0183 951.9457 284.3275 1.8610 0.6505 0.9625 4.3714 1.4297 10.2601 1.3513 0.8523
Pedestrian -1 -1 1.0288 411.7017 154.3792 471.1290 262.8305 1.8230 0.6033 0.9767 -2.9298 1.3856 12.4410 0.8051 0.8113
Pedestrian -1 -1 -2.7993 980.6066 144.4100 1104.5065 326.3790 1.7933 0.6060 0.9824 4.5991 1.4394 7.5343 -2.2680 0.7930
Pedestrian -1 -1 1.0197 375.2245 153.8873 438.6192 269.1231 1.8143 0.6008 0.9518 -3.3211 1.3969 11.6712 0.7514 0.7728
Pedestrian -1 -1 -3.0527 986.4583 147.6234 1082.3738 312.4469 1.8022 0.5824 0.9164 4.9488 1.4444 8.2282 -2.5263 0.6082
Pedestrian -1 -1 1.6129 679.3527 168.4267 694.9341 211.7693 1.7317 0.5994 0.6860 3.3067 1.2508 28.6299 1.7283 0.2398
Pedestrian -1 -1 0.7582 377.6536 130.3156 543.7616 370.0000 1.8457 0.5709 0.7652 -0.8907 1.5869 4.1113 0.5618 0.2291
Pedestrian -1 -1 1.2095 94.1071 139.0369 315.3818 370.0000 1.7637 0.6150 0.8598 -1.8586 1.6098 3.1640 0.7217 0.1983
Pedestrian -1 -1 1.1932 462.6613 158.7247 510.3625 260.9991 1.7987 0.6019 0.8196 -2.2190 1.4174 12.9364 1.0292 0.1634
Cyclist -1 -1 -1.6722 581.0795 166.1296 606.0011 226.1657 1.7165 0.5563 1.8794 -0.3921 1.3072 21.1760 -1.6886 0.6095
Car -1 -1 -2.2562 1028.5934 182.6239 1155.6047 228.0914 1.4101 1.5300 3.7077 16.3614 1.4896 24.0185 -1.6628 0.8234
Car -1 -1 0.9206 1098.6202 182.9960 1224.0000 228.7804 1.4388 1.6016 4.0038 19.2241 1.5337 24.4434 1.5822 0.7051
Car -1 -1 -1.5889 603.0900 174.2198 634.4226 203.1686 1.4475 1.5667 3.6200 0.6763 1.1349 37.1610 -1.5692 0.6676
Car -1 -1 -2.1204 952.9844 179.5727 1064.6099 228.5785 1.5457 1.6278 3.6331 13.6219 1.5180 24.1442 -1.6108 0.4387
