Pedestrian -1 -1 1.6723 256.7268 160.8940 282.4681 221.1489 1.8320 0.6589 0.6347 -10.5812 1.4687 22.3433 1.2343 0.2702
Pedestrian -1 -1 -1.3584 230.9924 160.4516 258.4323 221.4134 1.8374 0.6230 0.6705 -11.2523 1.4639 22.1471 -1.8239 0.1945
Car -1 -1 -1.8128 718.0936 173.6169 894.7082 303.8436 1.6375 1.6400 3.7404 2.7051 1.6515 10.9685 -1.5784 0.8724
Car -1 -1 3.3256 363.0429 178.6632 491.8835 220.1182 1.4548 1.6856 4.3624 -6.6776 1.6768 26.5635 3.0812 0.8711
Car -1 -1 0.1990 413.2349 176.9471 514.7357 213.5576 1.5337 1.6525 4.0603 -6.3046 1.7159 31.2367 0.0010 0.6124
Car -1 -1 -1.7203 685.2915 162.1159 797.1370 257.7937 1.8909 1.7976 4.4819 2.7785 1.6790 16.5096 -1.5574 0.6025
Car -1 -1 1.1403 913.1215 178.1802 1053.7100 251.0650 1.5670 1.5833 3.7694 8.9248 1.7121 17.6960 1.6001 0.5987
Car -1 -1 -1.5894 639.8475 177.3567 658.8151 194.5911 1.4492 1.5916 4.0279 3.4290 1.8603 63.7777 -1.5363 0.3427
Car -1 -1 -3.6289 1080.0737 183.7007 1233.0173 223.3105 1.3787 1.6119 4.2851 20.1742 1.7995 26.8448 -2.9902 0.3005
Car -1 -1 -1.5142 590.7573 175.9860 619.2490 202.6520 1.6437 1.6428 3.7784 -0.3193 1.8559 46.8544 -1.5215 0.1806
Car -1 -1 1.6150 525.9066 177.6658 549.7328 199.4846 1.5429 1.6020 3.8802 -5.3839 1.9157 53.8743 1.5155 0.1319
Car -1 -1 -1.6739 535.2868 176.6901 559.1676 195.6493 1.5313 1.6247 3.8345 -5.3699 1.8675 61.1337 -1.7615 0.1251
Car -1 -1 1.3462 898.7291 177.2310 969.6572 220.7829 1.5218 1.6037 4.0038 12.3236 1.7034 27.7522 1.7596 0.1187
