Car -1 -1 -1.8590 814.9319 192.3470 1176.9569 375.0000 1.4131 1.5237 3.4891 2.7487 1.6274 6.0951 -1.4547 0.8830
Car -1 -1 1.7507 491.2341 178.9098 575.8455 244.3323 1.5443 1.6054 3.6898 -1.9875 1.7225 19.2826 1.6485 0.8496
Car -1 -1 -1.6890 752.1025 182.1119 913.4452 311.2909 1.4487 1.6400 4.3036 2.9874 1.6147 10.6599 -1.4240 0.8362
Car -1 -1 0.2948 87.2018 191.4911 236.4999 242.4185 1.4592 1.5970 3.7046 -14.0901 2.0809 22.8151 -0.2536 0.8357
Car -1 -1 -1.5436 607.6499 180.1746 698.6397 267.7650 1.4776 1.5778 3.3911 0.8343 1.6400 14.2177 -1.4873 0.7923
Car -1 -1 -1.3759 655.1738 169.1659 735.3922 232.6026 1.7913 1.7185 4.2167 2.7273 1.6875 22.6419 -1.2583 0.7799
Car -1 -1 1.3829 797.2056 168.4961 844.8889 201.8879 1.6450 1.6598 3.9211 10.8866 1.4307 37.5720 1.6624 0.6824
Car -1 -1 -1.7344 742.2440 173.0022 773.8580 193.8281 1.5073 1.6630 4.1726 11.0824 1.5192 54.3637 -1.5348 0.4312
Car -1 -1 2.6170 0.0000 0.0000 1242.0000 375.0000 1.4947 1.6803 3.7477 -2.5684 1.5777 1.0314 1.5187 0.1819
Car -1 -1 -1.4830 710.7420 173.6039 732.4661 191.1298 1.5015 1.5838 3.7947 9.9068 1.5705 64.0192 -1.3305 0.1735
Car -1 -1 2.0957 0.0000 197.8931 89.0056 251.7086 1.4457 1.5047 3.6993 -18.6189 2.3161 23.1268 1.4234 0.1507
Car -1 -1 1.9806 317.6052 185.0044 369.5412 212.2175 1.4476 1.5160 3.5938 -15.4285 2.1838 41.8583 1.6292 0.1460
