Cyclist -1 -1 -0.2685 1135.4307 156.4411 1219.0906 219.6274 1.6629 0.5422 1.6988 15.2975 1.2313 19.5583 0.3877 0.2095
Car -1 -1 -1.7772 732.3970 180.1566 895.8357 295.6281 1.4826 1.6105 4.1035 2.9957 1.6216 11.6066 -1.5318 0.8743
Car -1 -1 -1.9843 787.1724 179.5130 1242.0000 375.0000 1.5203 1.7298 4.4998 2.8737 1.5984 6.1744 -1.5680 0.8309
Car -1 -1 -2.5598 33.4074 187.6654 347.4380 290.5836 1.4058 1.5774 3.9559 -6.3376 1.6520 11.0466 -3.0707 0.8078
Car -1 -1 0.6604 0.0000 190.9852 246.0843 332.9327 1.4493 1.6136 3.8981 -6.6429 1.6811 8.3915 0.0060 0.7765
Car -1 -1 0.2009 402.4706 182.5564 505.9138 220.1837 1.3958 1.5597 3.6825 -6.0264 1.7830 27.9720 -0.0099 0.7490
Car -1 -1 -1.6988 692.9962 175.9673 764.5210 231.6399 1.5098 1.6099 3.8693 3.4348 1.6124 21.7379 -1.5449 0.5868
Car -1 -1 -1.5617 681.8909 170.3709 712.8495 203.8261 1.7687 1.6292 3.7299 4.8304 1.6378 40.0974 -1.4431 0.4143
Car -1 -1 -1.5032 610.7636 173.5170 656.0056 216.5330 1.7130 1.6897 3.5161 1.0036 1.7432 30.6208 -1.4714 0.3888
Car -1 -1 3.8283 0.0000 201.7274 126.9578 375.0000 1.4560 1.5955 3.9074 -6.2057 1.7152 5.3965 2.9979 0.3484
