Car -1 -1 -1.8755 704.9512 178.9269 881.9648 285.6084 1.4757 1.6389 4.2901 2.8569 1.5993 12.4363 -1.6559 0.9078
Car -1 -1 -1.7450 662.3737 178.8290 754.6327 244.7767 1.4127 1.5535 3.9289 2.2610 1.5773 17.8183 -1.6217 0.8618
Car -1 -1 3.6727 0.0000 185.9905 306.6118 309.8245 1.3990 1.5965 3.8042 -6.1671 1.5833 9.2200 3.0961 0.8173
Car -1 -1 0.1114 297.0887 178.5485 458.6155 229.3632 1.4360 1.7069 4.5080 -6.9647 1.6195 21.9417 -0.1930 0.8109
Car -1 -1 3.4975 58.6210 179.3922 360.4801 274.2470 1.4445 1.6434 4.1602 -6.6098 1.5655 12.2221 3.0104 0.6906
Car -1 -1 1.4830 630.0162 177.3621 681.8140 217.0920 1.4363 1.6652 4.2908 1.7109 1.6298 28.7439 1.5412 0.6276
Car -1 -1 -1.6401 618.0850 177.4562 656.7787 210.4604 1.4590 1.5695 3.7327 1.2165 1.6903 34.3145 -1.6056 0.5660
Car -1 -1 3.2990 351.8127 176.9763 472.6298 218.8654 1.5385 1.6909 4.2715 -7.5680 1.7037 27.7766 3.0350 0.5451
Car -1 -1 1.7869 450.1270 178.5221 504.4632 214.8683 1.4604 1.5525 3.7941 -5.7666 1.7234 31.5127 1.6069 0.2307
Car -1 -1 -1.3304 519.5483 176.5121 546.9821 193.8858 1.4422 1.5312 3.7080 -6.6514 1.7700 62.6479 -1.4361 0.1862
Car -1 -1 3.2439 405.4355 175.6766 484.7930 204.6810 1.5143 1.6219 4.0280 -8.8732 1.6710 38.9204 3.0209 0.1562
