Car -1 -1 -1.7898 723.2410 182.4490 882.9550 288.6662 1.4792 1.6776 4.4012 3.0911 1.6773 12.6571 -1.5567 0.8670
Car -1 -1 2.1715 1.1199 192.8200 152.5772 247.5156 1.4390 1.6374 4.3744 -16.6625 2.1314 22.7987 1.5458 0.8227
Car -1 -1 1.2064 788.7734 185.9510 1157.6160 375.0000 1.4482 1.6548 4.1778 3.0471 1.6180 7.2292 1.5896 0.8174
Car -1 -1 -1.7768 681.4592 182.9725 764.7018 240.4514 1.4040 1.5414 3.6917 3.0115 1.7139 20.1767 -1.6316 0.7982
Car -1 -1 2.0139 261.1461 185.7983 327.5521 216.8627 1.4776 1.6244 4.0478 -16.6036 2.1979 38.0772 1.6049 0.5885
Car -1 -1 2.0397 129.1803 189.7768 220.5713 232.7008 1.4633 1.5194 3.6865 -16.7955 2.1642 27.9758 1.5029 0.5856
Car -1 -1 2.0605 195.3310 188.4802 272.6399 223.6036 1.4311 1.5298 3.7728 -17.1278 2.1869 32.9806 1.5845 0.4613
Car -1 -1 -1.7512 667.9988 181.6476 731.4772 228.5031 1.4606 1.5439 3.5683 2.9896 1.7881 25.0059 -1.6343 0.4471
Car -1 -1 2.0330 358.2754 186.0320 402.5244 208.4822 1.5077 1.5820 3.7302 -16.7533 2.5069 52.7248 1.7264 0.2609
Car -1 -1 -1.5158 598.5593 177.8878 618.6239 195.4912 1.4764 1.5726 3.5548 -0.1207 1.9315 63.3670 -1.5181 0.2334
Car -1 -1 1.4538 658.5581 177.9704 709.5903 217.6689 1.4925 1.6077 4.0109 2.9338 1.7176 29.6663 1.5508 0.2264
