Car -1 -1 1.7941 458.4229 188.7415 553.3959 257.8853 1.4609 1.5632 3.6401 -2.5289 1.8987 17.9853 1.6555 0.8476
Car -1 -1 -1.9160 783.5398 195.2465 1242.0000 375.0000 1.4563 1.6366 4.2511 2.4930 1.6957 5.5302 -1.5138 0.8469
Car -1 -1 -1.6355 716.3483 191.3057 813.7632 282.6366 1.4009 1.5152 3.3701 2.7411 1.7930 13.5483 -1.4413 0.8349
Car -1 -1 -1.5302 583.3549 188.8421 660.9275 262.1332 1.4255 1.6076 3.8742 0.3096 1.8437 16.8748 -1.5133 0.7917
Car -1 -1 0.1784 217.6027 192.9541 324.4302 231.3637 1.4705 1.6482 3.8185 -14.1564 2.3491 30.2435 -0.2564 0.7278
Car -1 -1 -1.4538 619.4658 182.8712 680.6639 234.5350 1.5751 1.6558 4.0481 1.4200 1.9517 24.9597 -1.3985 0.6692
Car -1 -1 -1.5887 694.6459 188.0612 770.2193 259.1816 1.4709 1.6495 4.1660 2.9450 1.8972 18.0292 -1.4304 0.6012
Car -1 -1 1.7879 561.1765 185.5905 606.4727 218.0641 1.4929 1.5528 3.6320 -1.3138 2.1735 36.6054 1.7516 0.4513
Car -1 -1 3.4218 0.0000 197.3973 91.5346 228.9320 1.5492 1.5106 3.9160 -30.6981 2.9284 39.1031 2.7594 0.3065
Car -1 -1 1.4702 766.6301 179.2273 799.1805 204.5464 1.4669 1.5798 3.7484 10.6477 1.8799 44.7507 1.7018 0.2242
Car -1 -1 2.1521 605.9476 178.2051 651.7207 200.4401 1.4971 1.5629 3.5630 1.3457 1.8928 51.4059 2.1776 0.1710
