Pedestrian -1 -1 0.4122 843.8491 143.1049 951.7100 314.0495 1.8331 0.6195 0.9860 3.3149 1.4338 8.1448 0.7871 0.8492
Pedestrian -1 -1 0.5790 803.0874 138.8814 935.3326 354.7582 1.8645 0.6128 0.9984 2.4284 1.5068 6.6843 0.9143 0.6712
Pedestrian -1 -1 0.5262 808.9666 140.4914 927.9463 334.5134 1.8577 0.5894 0.9960 2.6683 1.4763 7.3348 0.8633 0.3185
Pedestrian -1 -1 1.7606 305.1903 160.6116 327.1098 207.5488 1.8618 0.6749 0.8106 -11.6625 1.0744 28.5027 1.3780 0.3175
Pedestrian -1 -1 -0.9060 409.9005 167.9537 456.8512 253.0923 1.6514 0.5866 0.7331 -3.4746 1.4097 14.1650 -1.1395 0.2602
Pedestrian -1 -1 1.7486 328.3325 159.9077 349.1435 207.3961 1.8970 0.6646 0.7557 -10.8151 1.0759 28.6693 1.3934 0.2279
Cyclist -1 -1 -2.5844 388.9452 164.5927 479.3897 252.9899 1.7130 0.5432 1.7495 -3.4833 1.4064 14.2325 -2.8175 0.5954
Cyclist -1 -1 -3.1737 896.4039 170.6160 969.6211 234.4263 1.7306 0.5791 1.8351 9.1180 1.4641 19.7914 -2.7465 0.4593
Cyclist -1 -1 -1.1651 358.2123 165.3913 389.8110 210.7609 1.7679 0.5434 1.7867 -9.3039 1.1807 28.4611 -1.4760 0.1796
Car -1 -1 -2.2392 1026.6990 182.5307 1155.8044 228.0670 1.4124 1.5394 3.8584 16.3668 1.4888 24.0836 -1.6469 0.8320
Car -1 -1 -2.0869 960.6546 181.0080 1067.4078 227.4286 1.4658 1.5835 3.5519 13.8025 1.4859 24.1359 -1.5715 0.7156
Car -1 -1 0.9508 1098.4985 182.5444 1224.0000 228.3731 1.4428 1.6170 4.0821 19.2560 1.5212 24.5110 1.6119 0.7113
Car -1 -1 -1.5926 603.7089 174.9907 634.9802 203.5228 1.4266 1.5606 3.5956 0.7018 1.1526 37.1459 -1.5722 0.6240
