Car -1 -1 -0.4214 770.7655 177.4818 1064.4635 270.9776 1.4747 1.7246 4.3317 5.0889 1.5609 12.4243 -0.0418 0.8665
Car -1 -1 2.0807 83.9908 194.0114 355.0625 320.4519 1.4023 1.6209 4.2967 -5.5657 1.7869 10.9151 1.6184 0.8136
Car -1 -1 -0.5450 740.5219 179.4281 950.4268 255.5085 1.4363 1.6132 3.9114 4.8281 1.5856 15.0868 -0.2418 0.7891
Car -1 -1 -0.4217 714.7889 179.4854 887.5801 243.6113 1.4346 1.5850 3.7220 4.5248 1.6056 17.4676 -0.1731 0.7870
Car -1 -1 -0.1885 680.1392 177.4974 786.0459 216.0330 1.4506 1.5981 3.8449 4.7152 1.6379 28.2091 -0.0252 0.7394
Car -1 -1 -0.6389 959.6407 183.9937 1242.0000 375.0000 1.4430 1.5994 3.8486 4.8293 1.5397 5.3008 0.0720 0.7217
Car -1 -1 2.6803 687.6083 176.4332 851.0146 234.5842 1.5114 1.6700 4.1723 4.3897 1.6188 20.2422 2.8901 0.6883
Car -1 -1 -0.4290 671.5616 178.2638 771.2959 213.3883 1.4247 1.5932 3.9249 4.7273 1.6671 30.9733 -0.2795 0.3995
Car -1 -1 1.6197 461.2778 179.6932 496.8334 210.6879 1.4562 1.5951 3.9029 -6.6722 1.8250 36.8338 1.4413 0.2107
Car -1 -1 1.6987 497.4632 180.0027 530.3867 205.7850 1.4769 1.5451 3.6554 -5.8735 1.9331 44.1752 1.5668 0.1525
