Pedestrian -1 -1 1.2723 1146.8763 135.9679 1209.7942 242.1622 1.7742 0.6283 0.8508 9.8208 1.1583 12.5597 1.9244 0.4792
Pedestrian -1 -1 -1.3589 932.5560 149.9722 967.8718 222.9644 1.7782 0.6391 0.8733 8.4982 1.2211 18.1159 -0.9268 0.1801
Car -1 -1 -3.5069 770.1190 171.3311 1055.1360 258.2967 1.4549 1.6988 4.3964 5.2034 1.4297 12.9362 -3.1330 0.9114
Car -1 -1 2.1543 0.0000 205.7692 286.6967 375.0000 1.4020 1.5499 3.7335 -5.5041 1.8758 8.4914 1.5929 0.9018
Car -1 -1 1.8970 330.8298 190.5935 452.0605 257.0553 1.3890 1.6243 4.3702 -5.4657 1.8982 18.4775 1.6126 0.8242
Car -1 -1 -0.2897 710.7922 174.8828 881.6706 232.3978 1.4991 1.7068 4.2300 4.9806 1.5578 19.8239 -0.0477 0.8241
Car -1 -1 -0.4327 685.4155 175.5970 805.2678 221.7460 1.5089 1.6155 3.7482 4.6169 1.6090 24.9877 -0.2527 0.6529
Car -1 -1 -0.6223 699.0221 175.1783 827.3115 226.1648 1.4823 1.5944 3.6974 4.7515 1.5602 22.5883 -0.4183 0.4922
Car -1 -1 -0.1963 663.6121 175.0246 751.7686 206.3983 1.5070 1.6335 4.0829 4.7589 1.6177 35.7345 -0.0655 0.4466
Car -1 -1 2.8532 669.5131 173.6307 789.3469 218.4436 1.6386 1.7195 4.1947 4.4684 1.6699 27.5444 3.0117 0.4371
Car -1 -1 1.3654 436.8759 182.2664 499.8508 223.9226 1.4785 1.6403 4.1977 -5.7816 1.8850 28.8771 1.1690 0.2291
Car -1 -1 -0.5998 658.9879 176.0617 736.1251 205.1956 1.4826 1.6096 3.8753 4.6677 1.6621 38.6809 -0.4811 0.2012
Car -1 -1 -0.3983 645.0600 172.0861 718.5250 199.6934 1.6122 1.6897 4.0755 4.2893 1.5677 43.5438 -0.3012 0.1873
