Pedestrian -1 -1 2.9719 386.3515 162.0511 458.4444 285.4526 1.7700 0.6391 0.9572 -2.7639 1.4694 10.6217 2.7257 0.8663
Pedestrian -1 -1 2.0966 413.8355 167.1161 484.9290 296.3235 1.6435 0.5738 0.8676 -2.0928 1.4415 9.4896 1.8876 0.7907
Pedestrian -1 -1 3.2111 456.4244 160.8168 508.9177 259.3409 1.8262 0.6385 0.9430 -2.3185 1.4144 13.4632 3.0458 0.7801
Pedestrian -1 -1 -2.3937 277.2549 158.8197 390.1701 367.3987 1.7933 0.6100 0.7604 -2.5182 1.5859 6.5010 -2.7465 0.4792
Pedestrian -1 -1 3.1107 489.6718 165.6114 522.7103 232.9969 1.8505 0.6402 0.8980 -2.7474 1.3714 19.8013 2.9765 0.4450
Pedestrian -1 -1 -2.3218 205.2140 147.1918 338.3632 370.0000 1.8047 0.6311 0.7910 -2.7811 1.5313 5.8483 -2.7444 0.4107
Pedestrian -1 -1 3.2057 471.6348 164.2804 512.4676 243.9220 1.8088 0.6148 0.8979 -2.5994 1.3826 16.3992 3.0529 0.2394
Pedestrian -1 -1 0.4071 477.9576 164.8208 521.4146 235.2315 1.8559 0.6309 0.9911 -2.8122 1.3752 19.0652 0.2645 0.2096
Pedestrian -1 -1 2.3542 512.9572 166.4563 543.5319 216.4457 1.7919 0.6874 0.8886 -2.7565 1.1964 25.9016 2.2511 0.1770
Pedestrian -1 -1 1.7445 679.7310 163.1834 705.4340 228.2892 1.8043 0.6050 0.7448 2.5144 1.2535 20.0346 1.8689 0.1670
Cyclist -1 -1 -0.6717 170.4272 165.5586 397.5134 370.0000 1.7456 0.5695 1.8011 -2.6895 1.6191 6.0730 -1.0692 0.2674
Cyclist -1 -1 2.5372 210.8268 179.5901 251.3157 214.9665 1.6683 0.5187 1.7488 -17.9983 1.5037 34.2331 2.0587 0.2459
Car -1 -1 -1.5824 556.3217 187.3096 665.8363 286.9272 1.3617 1.5209 3.5384 0.0569 1.4425 11.5820 -1.5765 0.6424
Car -1 -1 2.0167 361.7943 181.3961 416.5319 208.0141 1.4456 1.5461 3.6745 -12.1304 1.3539 40.3300 1.7284 0.5490
Car -1 -1 1.2683 486.9101 172.5421 534.8692 202.4564 1.6753 1.6782 4.0614 -5.4904 1.0849 41.7886 1.1404 0.3230
Car -1 -1 1.3742 565.5546 173.7101 605.9031 199.3711 1.4648 1.6473 4.1454 -1.0863 0.9296 42.5584 1.3506 0.3166
Car -1 -1 -1.5838 576.1074 177.7494 636.4155 232.4037 1.4558 1.6073 3.7594 0.0377 1.3145 20.7162 -1.5805 0.3095
Car -1 -1 2.7890 810.0356 163.9254 887.2241 192.0240 1.6640 1.7099 4.0672 14.8186 0.5293 42.7620 3.1220 0.2694
Car -1 -1 1.4977 784.8253 166.4737 820.8102 195.5951 1.4734 1.5693 3.7253 10.6179 0.6331 37.7514 1.7714 0.1713
