Pedestrian -1 -1 1.1868 590.6325 155.3745 641.6424 256.9854 1.8640 0.6596 0.9683 0.1585 1.4047 13.5360 1.2000 0.8362
Pedestrian -1 -1 1.2412 562.5107 156.8204 604.1711 244.4931 1.8777 0.6491 0.9560 -0.5310 1.3722 15.7002 1.2099 0.8224
Pedestrian -1 -1 1.1859 524.6313 156.6590 570.4355 247.7227 1.8642 0.6464 0.9931 -1.2748 1.3778 15.0581 1.1050 0.7890
Pedestrian -1 -1 1.0071 618.2134 157.9269 670.4163 253.6599 1.8292 0.6167 0.9630 0.7308 1.3995 14.0755 1.0596 0.3916
Pedestrian -1 -1 1.3582 383.0824 165.5130 403.1616 211.2568 1.8226 0.6332 0.7714 -8.6146 1.2269 28.6562 1.0711 0.3551
Pedestrian -1 -1 -0.7452 411.3865 168.7419 430.6181 203.0841 1.7433 0.6022 0.7472 -9.4754 1.1478 36.3633 -0.9962 0.1289
Car -1 -1 -2.2336 1030.5696 183.0584 1153.4330 228.3555 1.4050 1.5252 3.5880 16.3373 1.5000 23.9759 -1.6401 0.8127
Car -1 -1 -2.1034 959.5180 181.0877 1066.5945 227.3318 1.4606 1.5676 3.5328 13.7798 1.4837 24.1519 -1.5890 0.7468
Car -1 -1 0.9564 1100.2971 183.0703 1224.0000 228.6979 1.4335 1.6037 3.9897 19.2457 1.5313 24.4667 1.6181 0.7325
Car -1 -1 -1.5316 597.2648 174.8056 629.8909 203.6738 1.4381 1.5646 3.6902 0.4795 1.1559 37.1028 -1.5170 0.1165
