Car -1 -1 -1.8455 693.8188 181.4784 847.8971 278.4471 1.4741 1.6416 4.2424 2.7474 1.6623 13.5335 -1.6506 0.9298
Car -1 -1 -2.0506 817.5027 185.1429 1242.0000 375.0000 1.4628 1.5752 3.7284 3.0932 1.6002 6.1501 -1.6049 0.8548
Car -1 -1 -1.7118 681.1558 176.0173 761.6648 238.6972 1.5797 1.6494 4.1229 2.9960 1.6788 20.4526 -1.5692 0.7888
Car -1 -1 0.2495 225.6590 177.5744 478.7041 260.9078 1.5158 1.7161 4.4214 -4.9705 1.6163 14.2716 -0.0805 0.7828
Car -1 -1 0.2318 352.8402 173.8092 521.1456 234.7303 1.6216 1.7284 4.2742 -4.7666 1.6497 20.0972 0.0013 0.7273
Car -1 -1 0.1841 415.1477 179.8082 536.3546 225.4387 1.4826 1.6240 3.8138 -4.5373 1.7271 24.5066 0.0024 0.6426
Car -1 -1 -1.6466 657.6296 182.3001 709.3790 226.0198 1.3803 1.5143 3.7439 2.4838 1.7389 25.4780 -1.5513 0.5834
Car -1 -1 -1.6484 640.0574 180.8724 676.8397 212.1818 1.4302 1.5289 3.5565 2.3116 1.8467 35.6611 -1.5848 0.5362
Car -1 -1 -1.7085 653.2236 179.8214 699.4893 216.8126 1.4661 1.5130 3.3714 2.7542 1.7821 30.9643 -1.6212 0.3666
Car -1 -1 3.2578 452.0142 175.1929 554.9810 214.9241 1.7014 1.7430 4.3360 -4.6886 1.8084 31.9396 3.1127 0.2736
