Cyclist -1 -1 1.6114 504.3811 169.5791 526.5800 233.9618 1.7049 0.5403 1.8080 -2.6574 1.6185 20.0285 1.4805 0.6972
Car -1 -1 -1.7404 713.1345 182.1087 835.9301 277.8866 1.4458 1.5316 3.4106 2.7554 1.6346 12.9543 -1.5365 0.8907
Car -1 -1 -0.2101 187.9677 159.1608 445.6604 275.1019 1.8082 1.7518 4.0694 -5.3078 1.5950 13.1083 -0.5884 0.6719
Car -1 -1 -2.1048 837.3846 168.0991 1242.0000 375.0000 1.5551 1.6888 4.1568 2.5235 1.5454 3.6311 -1.5356 0.5918
Car -1 -1 -0.4892 428.7277 176.5023 544.2222 220.1907 1.5341 1.6611 4.0390 -4.7122 1.6833 27.5409 -0.6576 0.5233
Car -1 -1 2.8714 317.9969 179.6083 483.2396 239.6136 1.4034 1.5803 3.8878 -5.5067 1.5969 18.9424 2.5917 0.5129
Car -1 -1 2.6139 453.0801 176.0924 553.5846 212.7022 1.5605 1.6766 4.3031 -4.8860 1.7184 33.1032 2.4680 0.2449
Car -1 -1 2.9491 243.5210 178.8175 461.0645 253.7951 1.4221 1.6411 4.2405 -5.6202 1.5673 15.7464 2.6110 0.1994
Car -1 -1 1.5435 644.8062 170.9064 683.0711 207.9477 1.7028 1.7337 4.3542 2.5481 1.6137 35.3801 1.6143 0.1965
Car -1 -1 1.5101 622.2615 174.8132 645.6313 194.5589 1.4940 1.6036 3.8636 1.8336 1.6542 56.9314 1.5418 0.1588
