Car -1 -1 2.2282 74.8794 190.3409 207.0632 236.3620 1.3800 1.6228 4.2827 -16.4432 2.0523 25.5151 1.6602 0.8517
Car -1 -1 -1.7267 686.1359 183.0295 769.9036 242.8602 1.4472 1.6408 4.2397 3.1500 1.7638 20.2961 -1.5758 0.8014
Car -1 -1 1.9232 183.1071 186.1475 255.6968 224.9087 1.4774 1.5389 3.6609 -16.5839 2.0794 30.7346 1.4317 0.7241
Car -1 -1 -1.6516 672.0051 183.4334 728.4344 229.8683 1.4628 1.6396 4.2125 3.1031 1.8733 25.8344 -1.5341 0.6018
Car -1 -1 1.9889 289.1546 185.7766 344.1473 213.4846 1.4401 1.5368 3.6760 -16.6769 2.2100 41.1009 1.6054 0.4306
Car -1 -1 -1.6895 656.5612 183.1163 699.8763 217.6410 1.4455 1.5490 3.5751 3.0364 1.9423 33.0923 -1.5995 0.3855
Car -1 -1 2.0083 239.1614 186.2954 310.5818 219.8004 1.4873 1.6079 4.1133 -16.5392 2.1920 35.7432 1.5775 0.3358
Car -1 -1 -0.7862 1045.8342 178.7664 1242.0000 268.7826 1.4742 1.6368 4.0482 10.2652 1.5902 13.0301 -0.1304 0.2604
Car -1 -1 1.8825 411.5832 181.5334 441.0124 198.4184 1.4490 1.5329 3.7181 -16.7298 2.2635 65.7754 1.6341 0.1245
Car -1 -1 2.0173 323.3215 182.3871 374.4097 207.7844 1.5004 1.5371 3.8969 -16.6708 2.1373 46.1548 1.6722 0.1236
Car -1 -1 2.1431 0.0000 189.6865 31.3218 267.0386 1.5269 1.6140 3.8051 -15.8762 1.9738 17.1258 1.4033 0.1014
