Pedestrian -1 -1 1.5865 752.7243 165.6716 800.1370 298.0086 1.7347 0.6100 0.9263 2.2467 1.6409 9.9757 1.8004 0.8116
Pedestrian -1 -1 -2.2210 791.9834 161.7415 874.0908 302.1961 1.7380 0.5886 0.9146 2.8521 1.6008 9.4579 -1.9379 0.7492
Pedestrian -1 -1 1.1238 1137.0100 131.5953 1242.0000 318.1767 1.8922 0.6590 1.0011 6.3232 1.4742 7.8732 1.7817 0.6421
Pedestrian -1 -1 1.6194 875.0725 159.3731 907.9118 254.7729 1.7610 0.5561 0.7612 5.3296 1.5125 13.7763 1.9806 0.5607
Pedestrian -1 -1 0.3622 732.3760 170.8818 786.1609 272.6831 1.6700 0.5119 0.7650 2.4836 1.6380 12.2528 0.5563 0.4538
Pedestrian -1 -1 0.1218 1058.8949 142.1088 1173.1985 339.4822 1.8637 0.6353 0.8953 5.0924 1.5737 7.3427 0.7088 0.4460
Pedestrian -1 -1 0.0738 1109.2794 133.0864 1195.7639 279.6866 1.9342 0.6030 0.9306 7.4988 1.4099 10.0474 0.7005 0.2399
Pedestrian -1 -1 1.8269 1030.9252 159.4224 1078.8759 259.2483 1.6834 0.5505 0.7496 7.7356 1.4573 12.6238 2.3657 0.2108
Pedestrian -1 -1 0.0006 1123.6846 131.0833 1205.6740 287.4263 1.9420 0.5895 0.8295 7.1858 1.4235 9.4430 0.6356 0.1202
Cyclist -1 -1 -1.3550 646.0677 168.8770 667.6226 212.6328 1.7633 0.5262 1.7997 1.9190 1.6034 30.0121 -1.2924 0.2454
Car -1 -1 1.9813 223.8012 182.0457 411.0488 290.4419 1.5119 1.5611 3.6684 -4.7855 1.6921 12.2452 1.6153 0.8226
Car -1 -1 -0.8994 0.0000 169.5180 287.2790 375.0000 1.6807 1.7266 4.3830 -5.1041 1.6593 6.9478 -1.5152 0.6928
Car -1 -1 -0.6666 697.3986 170.7078 770.8471 197.5535 1.5266 1.6640 4.1516 7.3341 1.4049 42.7499 -0.4982 0.1263
Car -1 -1 -0.7127 1016.5956 128.0786 1242.0000 329.7908 1.8172 1.7658 4.0637 6.6357 1.4142 7.3817 -0.0006 0.1177
Car -1 -1 2.2936 966.9548 164.4846 1139.4392 219.2556 1.3974 1.6078 4.3120 12.1159 1.1842 19.8226 2.8353 0.1146
