Pedestrian -1 -1 0.7712 48.2003 162.5926 179.1787 357.7573 1.7425 0.5743 0.8639 -4.6707 1.5843 6.6692 0.1840 0.8104
Pedestrian -1 -1 1.3559 870.3158 160.0315 900.7179 223.9186 1.8256 0.6352 0.9482 8.1768 1.2423 20.7174 1.7283 0.6924
Pedestrian -1 -1 1.1176 850.3135 159.9927 889.1499 229.1676 1.8248 0.6400 0.9254 7.1207 1.2854 19.1396 1.4701 0.6238
Pedestrian -1 -1 1.3720 844.1150 160.2081 873.7156 223.7900 1.8364 0.6523 0.9103 7.4683 1.2519 20.9127 1.7119 0.5639
Pedestrian -1 -1 1.0492 827.0484 161.5702 863.5314 229.0005 1.7755 0.6005 0.8196 6.4392 1.2786 19.0733 1.3715 0.2394
Pedestrian -1 -1 2.2543 542.8348 173.9909 561.3132 206.4361 1.6476 0.5895 0.7780 -2.7354 1.3185 36.3878 2.1816 0.1337
Pedestrian -1 -1 1.2319 199.9538 173.1088 247.7655 262.5297 1.6608 0.6469 0.6054 -7.3594 1.5252 13.5699 0.7465 0.1336
Pedestrian -1 -1 2.6447 567.3606 173.6434 583.4582 206.7996 1.7160 0.5948 0.6353 -1.5624 1.3626 37.0067 2.6045 0.1197
Cyclist -1 -1 2.3236 170.5804 176.9287 266.5243 270.3526 1.6564 0.5179 1.7779 -7.3471 1.5947 13.4569 1.8354 0.5373
Car -1 -1 2.3777 587.3488 176.4004 665.2288 206.8854 1.5917 1.7044 4.3090 1.2085 1.3790 38.9845 2.4101 0.5251
Car -1 -1 1.8598 452.2335 179.8564 492.0619 203.5295 1.5166 1.5983 3.7780 -8.8287 1.4767 47.2559 1.6779 0.1356
Car -1 -1 -1.4412 492.5790 180.5450 525.7963 203.6218 1.4711 1.6634 4.1606 -6.3410 1.4755 47.1556 -1.5724 0.1252
