Car -1 -1 -1.1522 522.4878 175.3240 590.0110 209.6781 1.5445 1.6655 4.3054 -2.5700 1.6729 35.0763 -1.2253 0.8543
Car -1 -1 -3.6207 918.9565 172.6286 1091.1130 223.4150 1.5289 1.7252 4.4414 12.2260 1.5225 22.6055 -3.1309 0.8521
Car -1 -1 -2.7437 756.1693 173.5702 832.6489 201.0762 1.4711 1.5878 3.8404 10.2812 1.5134 40.4697 -2.4970 0.8096
Car -1 -1 -3.8250 1153.9561 169.1278 1242.0000 213.1201 1.4914 1.6859 4.2794 21.8601 1.3655 25.3490 -3.1194 0.6802
Car -1 -1 -3.5514 912.5994 172.1911 1052.3296 214.9507 1.4713 1.6429 4.1209 13.1658 1.4489 25.7636 -3.0840 0.4878
Car -1 -1 1.8774 417.9795 177.8858 464.5718 202.6406 1.4724 1.6775 4.2741 -10.7230 1.8089 46.0026 1.6493 0.4613
Car -1 -1 -3.7298 1117.7289 167.4899 1242.0000 207.6407 1.5242 1.6458 4.0172 22.5459 1.3209 28.3654 -3.0635 0.4468
Car -1 -1 -1.5041 579.5254 177.0481 605.0721 198.8338 1.4635 1.5732 3.5767 -1.2486 1.7709 50.9889 -1.5289 0.4113
Car -1 -1 -2.3423 648.4338 169.0750 719.3906 201.0970 1.9273 1.8236 4.5362 4.5972 1.7002 45.7659 -2.2433 0.2811
Car -1 -1 -1.2149 372.7777 176.9591 419.7891 202.3847 1.5454 1.6197 3.9803 -13.7588 1.8223 46.5552 -1.5011 0.1436
