Pedestrian -1 -1 0.8671 818.3179 146.7369 905.3038 289.6058 1.8636 0.6512 0.9749 3.4892 1.4248 9.7899 1.2011 0.8704
Pedestrian -1 -1 0.8856 660.6445 152.4697 730.7932 275.3642 1.8479 0.6251 0.9735 1.3803 1.4281 11.2049 1.0065 0.8338
Pedestrian -1 -1 0.8312 858.8978 147.5936 942.0936 286.6661 1.8972 0.6261 0.9497 4.1959 1.4500 10.1949 1.2125 0.8211
Pedestrian -1 -1 -2.2631 619.0246 154.6638 693.2786 283.1508 1.8424 0.6241 1.0036 0.7178 1.4736 10.7230 -2.1965 0.7868
Pedestrian -1 -1 -1.0075 1108.0115 152.7191 1224.0000 335.2734 1.6962 0.6104 0.8726 5.5448 1.4398 7.0032 -0.3579 0.7555
Pedestrian -1 -1 1.4530 396.1489 161.4574 421.3524 224.7136 1.7977 0.6098 0.8958 -5.7632 1.2581 20.6182 1.1862 0.7357
Pedestrian -1 -1 1.1785 418.7368 158.2328 467.1938 254.8779 1.8615 0.6172 0.9944 -3.3047 1.4342 14.1978 0.9565 0.7279
Pedestrian -1 -1 -2.0410 494.5019 156.3729 542.3571 250.2663 1.8911 0.6019 1.0147 -1.8655 1.4068 14.8249 -2.1618 0.6995
Pedestrian -1 -1 1.3416 358.7311 161.1135 387.5063 226.8929 1.8146 0.5822 0.9311 -6.6162 1.2814 20.0488 1.0294 0.6720
Pedestrian -1 -1 -1.2944 0.0000 149.9783 40.3523 250.6800 1.8282 0.6124 0.8948 -11.2462 1.2757 13.3635 -1.9803 0.3471
Pedestrian -1 -1 -2.0552 456.9134 157.3320 504.9490 253.5912 1.8706 0.5749 0.9636 -2.5577 1.4220 14.2922 -2.2267 0.3115
Car -1 -1 -2.1014 959.7168 181.0628 1066.2870 227.4846 1.4660 1.5668 3.5089 13.7682 1.4881 24.1325 -1.5871 0.7339
Car -1 -1 -1.5795 603.0939 174.6511 634.4213 203.2977 1.4318 1.5659 3.7008 0.6943 1.1409 37.1938 -1.5593 0.6746
Car -1 -1 -2.1861 1031.7863 182.9166 1151.5330 228.7334 1.4245 1.5418 3.5736 16.3231 1.5141 23.9705 -1.5929 0.6468
Car -1 -1 1.0783 1123.1871 183.4009 1224.0000 230.3213 1.4593 1.5279 3.5023 19.4201 1.5672 24.0751 1.7522 0.5475
