Car -1 -1 1.7653 366.6599 181.5119 476.8189 254.8375 1.4218 1.6429 4.2027 -4.2270 1.6474 16.6338 1.5196 0.8423
Car -1 -1 -0.4263 754.5107 187.7682 989.0200 269.4467 1.3665 1.5489 3.7864 4.7034 1.6630 13.3686 -0.0958 0.8026
Car -1 -1 2.1200 0.0000 190.2971 295.2130 375.0000 1.4889 1.5832 3.8147 -3.4676 1.6438 4.4223 1.4834 0.7815
Car -1 -1 -0.8159 990.4020 183.3112 1242.0000 375.0000 1.5080 1.6529 3.7773 5.4769 1.6125 6.1465 -0.1124 0.7558
Car -1 -1 -0.4256 726.2816 175.9080 941.8421 254.4476 1.6298 1.7600 4.2887 4.9040 1.7038 16.2275 -0.1380 0.7478
Car -1 -1 2.4598 864.2725 184.2416 1242.0000 330.6264 1.4826 1.5908 3.7289 5.1011 1.6351 8.5558 2.9815 0.7212
Car -1 -1 -0.3340 676.6762 180.2272 804.7749 228.1972 1.4617 1.6132 3.7688 4.1544 1.7127 23.4203 -0.1613 0.6700
Car -1 -1 -1.6181 589.6085 180.1696 619.9725 206.4885 1.4602 1.6174 4.1410 -0.3887 1.9211 43.3153 -1.6275 0.5928
Car -1 -1 -0.3633 667.8119 180.2052 782.1635 223.1808 1.4529 1.5880 3.7418 4.0627 1.7297 25.9579 -0.2105 0.3656
Car -1 -1 2.7449 652.8668 181.6253 757.0441 220.1934 1.4342 1.5653 3.7929 3.7120 1.7983 28.6617 2.8717 0.2668
Car -1 -1 2.9462 647.5706 179.2245 736.8950 212.3290 1.4758 1.6190 3.8777 3.7405 1.7807 33.5107 3.0558 0.2139
Car -1 -1 2.5273 633.5984 176.5290 718.5969 210.3778 1.5891 1.6447 4.0053 3.2737 1.7814 35.9598 2.6168 0.1769
