Car -1 -1 -1.8643 747.7556 183.3629 974.8243 340.5141 1.4327 1.4732 3.4444 2.6468 1.5825 8.5308 -1.5744 0.8476
Car -1 -1 3.4386 207.5486 180.4965 426.8512 251.8466 1.5117 1.6883 4.3451 -6.5978 1.6977 16.5121 3.0634 0.8105
Car -1 -1 -1.7408 695.0609 180.0869 801.7736 261.4811 1.4203 1.5052 3.4890 2.6300 1.5850 14.6455 -1.5676 0.7976
Car -1 -1 0.3682 100.2882 179.6924 377.6670 269.6909 1.5194 1.6887 4.2493 -6.7287 1.6562 13.3685 -0.0906 0.7739
Car -1 -1 -1.6990 664.3914 175.8537 737.9363 235.4832 1.5305 1.5960 3.5776 2.4518 1.6235 20.4953 -1.5824 0.7445
Car -1 -1 2.2495 0.0000 202.1375 342.6096 375.0000 1.4747 1.5764 3.7690 -2.8644 1.6929 3.4612 1.5946 0.7255
Car -1 -1 -2.1039 844.5945 192.8884 1242.0000 375.0000 1.4353 1.5829 3.8020 2.6912 1.6041 4.1558 -1.5622 0.6909
Car -1 -1 -1.6758 644.7390 177.0594 693.6511 215.9738 1.4597 1.5817 3.7275 2.3042 1.6422 29.3553 -1.5989 0.4688
Car -1 -1 0.3708 329.3337 176.7209 476.6124 228.8718 1.6334 1.7350 4.3419 -6.8146 1.7672 23.8240 0.0947 0.4393
Car -1 -1 -1.7128 652.0212 176.7243 712.2252 225.1558 1.5291 1.5651 3.4588 2.3666 1.6721 24.8258 -1.6196 0.4134
Car -1 -1 0.7031 0.0000 174.9592 223.3910 338.0963 1.5321 1.6205 3.6706 -6.4179 1.5573 7.6456 0.0217 0.3080
