Pedestrian -1 -1 -0.6000 715.5584 168.8869 791.8116 297.6817 1.6856 0.5842 0.8410 1.9086 1.6340 9.8774 -0.4160 0.2572
Car -1 -1 1.2021 313.7342 191.5853 509.1818 304.1517 1.4405 1.7067 4.3223 -3.5772 1.8161 12.2132 0.9220 0.7794
Car -1 -1 2.3172 0.0000 200.7768 157.6434 314.5979 1.5596 1.6981 4.3048 -10.6325 2.1557 13.1805 1.6481 0.7553
Car -1 -1 -1.6658 696.4734 180.8676 759.9128 232.0108 1.4396 1.5863 4.0313 3.6335 1.7184 23.0108 -1.5119 0.7385
Car -1 -1 2.0082 265.2062 189.9315 360.0923 240.2652 1.5122 1.5860 3.7121 -10.1699 2.1458 24.8559 1.6231 0.7093
Car -1 -1 -1.5922 679.2338 177.6388 713.1409 209.9823 1.5119 1.5940 3.4354 4.2254 1.7631 36.0394 -1.4770 0.6259
Car -1 -1 0.8823 394.3320 189.0010 532.8597 250.7264 1.3868 1.5063 3.7544 -3.9398 1.8495 18.8958 0.6787 0.5128
Car -1 -1 1.0314 463.2426 183.8675 570.9377 231.5154 1.4190 1.6552 4.3316 -3.3159 1.8305 24.7176 0.8988 0.3941
Car -1 -1 -2.0765 698.4115 178.8451 927.8755 310.6010 1.5261 1.6301 3.4879 2.6482 1.6287 10.4235 -1.8357 0.3888
Car -1 -1 0.7852 503.2519 180.8064 592.4438 218.1930 1.4355 1.5528 3.7090 -2.6837 1.7889 30.2463 0.6968 0.2683
Car -1 -1 -1.6154 664.0490 172.3275 690.5387 198.5108 1.7344 1.6361 3.9087 4.5772 1.6999 49.7823 -1.5247 0.1683
