Car -1 -1 0.3554 513.9994 179.9060 710.0065 251.2230 1.4314 1.6123 4.1082 0.0010 1.6049 16.2391 0.3545 0.8855
Car -1 -1 0.1639 704.7766 179.6404 797.5493 210.2313 1.4108 1.6030 4.2692 6.8941 1.7584 35.4272 0.3540 0.7415
Car -1 -1 -1.6389 967.7696 181.6195 1151.8075 335.2698 1.5367 1.6622 4.0225 5.6763 1.6805 9.6341 -1.1207 0.6427
Car -1 -1 -1.7106 919.8885 184.0896 1005.0414 244.1989 1.4369 1.5620 3.8222 9.6367 1.7818 20.0706 -1.2694 0.6411
Car -1 -1 -1.6980 944.9127 183.2005 1072.5051 274.0462 1.4859 1.6497 4.1316 7.7825 1.7265 14.5291 -1.2155 0.5876
Car -1 -1 0.3681 582.4545 175.2224 736.4177 240.7181 1.5337 1.5730 3.6089 1.2127 1.5995 18.4691 0.4317 0.5724
Car -1 -1 0.1743 734.6827 176.7121 818.7760 205.6758 1.5468 1.7007 4.3850 9.3437 1.7731 40.6018 0.3984 0.3985
Car -1 -1 0.3777 616.9976 181.1546 767.5886 235.9069 1.4329 1.6207 4.0528 2.3299 1.6945 21.0469 0.4856 0.2983
Car -1 -1 -1.5687 926.7256 182.1290 980.0385 228.9333 1.4373 1.5519 3.6131 11.7819 1.7830 24.8979 -1.1319 0.1649
Car -1 -1 -1.4486 796.0646 180.4018 828.3522 205.6196 1.4734 1.5438 3.4782 12.6639 1.9665 45.1961 -1.1776 0.1598
Car -1 -1 -3.0052 777.3047 179.3251 836.3767 202.2303 1.5643 1.6894 3.8912 14.0715 2.0419 51.6784 -2.7413 0.1590
Car -1 -1 -2.9010 631.4320 182.3792 762.2979 228.9747 1.3906 1.5619 3.9845 2.7923 1.7206 23.5410 -2.7852 0.1513
Car -1 -1 1.2549 906.9771 182.1860 977.1391 220.9637 1.4395 1.5195 3.6891 13.4979 1.8478 29.6202 1.6782 0.1440
