Car -1 -1 1.9683 163.0158 188.7058 445.3879 342.0317 1.4580 1.7172 4.4901 -3.6937 1.7194 9.6057 1.6095 0.8939
Car -1 -1 -1.7306 674.7567 174.7320 752.9155 234.9315 1.5994 1.6426 3.9082 2.9092 1.6602 21.2652 -1.5973 0.8555
Car -1 -1 1.8305 348.4221 181.8262 490.8999 270.6003 1.4931 1.7013 4.4038 -3.7384 1.7050 14.7953 1.5865 0.7652
Car -1 -1 -1.6052 653.4299 179.5463 692.5170 214.6810 1.4458 1.5984 3.8873 2.7362 1.7652 32.4220 -1.5224 0.7105
Car -1 -1 1.7755 431.2313 185.4579 517.5676 246.4044 1.4176 1.5331 3.8351 -3.6025 1.7927 19.5157 1.5947 0.6173
Car -1 -1 -2.3909 924.5815 206.5278 1242.0000 375.0000 1.4642 1.6032 3.6917 2.6195 1.6608 2.3269 -1.6082 0.4176
Car -1 -1 1.7892 466.7852 184.0038 539.5870 231.1223 1.4361 1.6112 4.3318 -3.6781 1.8611 25.2589 1.6454 0.3357
Car -1 -1 1.7556 496.0890 183.3524 547.4981 221.0411 1.4435 1.5135 3.6524 -3.7126 1.9156 30.5464 1.6351 0.3098
Car -1 -1 1.3988 529.5746 180.6284 565.9634 206.7413 1.4531 1.5410 3.8286 -3.8197 1.9433 43.4151 1.3110 0.1968
Car -1 -1 1.6087 676.1190 172.1534 696.5640 189.7445 1.4876 1.6295 4.1627 6.6925 1.4287 63.1918 1.7134 0.1273
