Car -1 -1 -1.8844 771.2853 187.6667 1061.1083 365.1209 1.4315 1.6143 4.3135 3.0558 1.6481 8.3568 -1.5464 0.9042
Car -1 -1 -1.7819 713.9465 183.7326 855.0691 278.9180 1.4607 1.6426 4.3576 3.0612 1.7012 13.7488 -1.5684 0.8609
Car -1 -1 -1.7678 678.2928 181.7778 758.8428 237.2657 1.4324 1.5705 3.9486 3.0492 1.7210 21.2880 -1.6283 0.8525
Car -1 -1 2.1710 27.1779 190.8454 168.6595 242.8351 1.4519 1.6483 4.2855 -16.7159 2.0989 23.7834 1.5634 0.7957
Car -1 -1 2.1446 144.9204 190.0525 235.9122 229.4571 1.3991 1.4822 3.5075 -16.7814 2.1327 28.9686 1.6232 0.7255
Car -1 -1 2.2261 0.0000 194.9623 51.6464 263.2897 1.4559 1.5860 3.8750 -16.6746 2.0885 18.6436 1.5034 0.5326
Car -1 -1 -1.7189 668.7516 182.0446 727.8810 226.6237 1.4442 1.5634 3.6975 3.0663 1.7998 26.0180 -1.6037 0.3561
Car -1 -1 2.0072 209.8540 186.5275 276.1734 220.4725 1.4415 1.4568 3.4002 -17.1258 2.1141 33.7470 1.5405 0.3381
Car -1 -1 2.0254 362.0132 181.9997 408.2162 204.7017 1.5764 1.6539 4.1310 -16.8018 2.2890 54.0158 1.7249 0.2994
Car -1 -1 1.7750 408.9926 180.2156 436.7033 198.8380 1.6004 1.6594 4.0221 -17.0156 2.2917 65.6742 1.5222 0.2008
Car -1 -1 1.4713 655.7542 180.2145 700.5325 216.6814 1.4224 1.5191 3.7363 2.8078 1.7558 30.7732 1.5608 0.1741
