Car -1 -1 0.5322 27.2456 190.3871 320.3029 286.9595 1.5128 1.6788 4.0495 -7.4158 1.8366 12.4560 0.0041 0.8412
Car -1 -1 -1.5613 585.7112 176.8178 617.4570 206.8416 1.5116 1.6206 3.8319 -0.4731 1.7354 38.7489 -1.5740 0.7913
Car -1 -1 3.7848 0.0000 203.6353 197.3710 348.0756 1.4087 1.6230 4.0969 -7.3750 1.8065 8.3741 3.0784 0.7453
Car -1 -1 0.3820 257.4666 181.9494 414.8442 240.5532 1.5262 1.6134 3.7272 -7.5203 1.7882 19.9050 0.0247 0.7407
Car -1 -1 3.5646 171.6811 185.2401 379.3763 251.8896 1.4951 1.6884 4.2121 -7.9700 1.8079 17.3479 3.1392 0.7250
Car -1 -1 -2.0747 827.6926 183.6440 1242.0000 375.0000 1.4505 1.6053 4.0587 2.7808 1.5517 4.7147 -1.5698 0.7108
Car -1 -1 0.2200 339.2410 176.5104 471.2001 222.8836 1.6666 1.7444 4.4899 -7.6375 1.8092 27.0740 -0.0528 0.6136
Car -1 -1 0.1265 399.9507 178.7525 489.3593 212.1251 1.5463 1.6596 4.0267 -7.9529 1.8395 34.8099 -0.0970 0.5652
Car -1 -1 -1.4657 489.0154 177.5999 517.0994 200.4260 1.5129 1.5819 3.4815 -7.4544 1.8559 50.3279 -1.6124 0.3073
Car -1 -1 3.3814 306.9573 183.0755 431.7551 228.3106 1.4592 1.6014 3.7701 -8.1834 1.8221 24.6449 3.0635 0.2599
Car -1 -1 0.2293 356.9443 170.6750 420.9578 192.6849 1.5330 1.6308 4.0799 -15.6738 1.3816 51.2030 -0.0665 0.1869
