Car -1 -1 1.7735 0.0000 192.0140 180.9609 364.6305 1.4663 1.6326 4.0381 -6.4956 1.7578 8.7858 1.1510 0.8175
Car -1 -1 2.4550 654.6314 180.4833 1020.0451 338.3245 1.3805 1.5205 3.6933 2.4274 1.4790 7.8629 2.7427 0.8017
Car -1 -1 2.8509 390.2209 174.6726 540.7747 230.2493 1.5923 1.6988 4.3075 -4.5347 1.6540 22.5445 2.6541 0.7976
Car -1 -1 1.6647 75.6934 178.6597 205.6236 283.1083 1.6650 1.6653 4.2122 -8.9603 1.7963 14.0057 1.1039 0.7272
Car -1 -1 1.6707 206.5945 180.6227 257.2225 220.1671 1.5619 1.5765 3.6374 -16.3511 1.9202 31.2561 1.1919 0.5613
Car -1 -1 2.9018 381.2437 178.5577 477.4762 215.7230 1.4439 1.5347 3.6242 -7.5470 1.6937 30.0208 2.6571 0.5415
Car -1 -1 2.0620 0.0000 204.2551 119.6174 375.0000 1.4712 1.6496 4.1788 -4.5859 1.7517 4.1944 1.2636 0.4314
Car -1 -1 2.9522 369.7537 174.6364 459.2140 212.3385 1.6075 1.5993 3.6451 -8.8215 1.6918 32.4228 2.6882 0.2863
Car -1 -1 1.7435 223.7230 178.9079 267.1029 208.3361 1.5572 1.5858 3.6642 -20.6819 1.9180 40.9770 1.2784 0.1487
Car -1 -1 1.7885 341.3260 180.4730 384.0903 206.3897 1.4226 1.5837 3.9418 -14.6607 1.8971 42.8522 1.4604 0.1110
