Car -1 -1 -1.7457 687.3622 182.3737 795.5281 260.4917 1.4338 1.5804 4.0695 2.6735 1.6693 15.7817 -1.5819 0.9452
Car -1 -1 -1.9793 786.4018 198.2660 1242.0000 375.0000 1.4010 1.5552 3.8701 2.4775 1.6561 5.2908 -1.5640 0.7949
Car -1 -1 1.4866 671.9950 182.7755 728.1636 229.4351 1.4232 1.5729 3.7406 2.9664 1.7894 24.7075 1.6039 0.5684
Car -1 -1 2.3406 0.0000 188.1923 338.5418 375.0000 1.5136 1.5505 3.6400 -2.7255 1.6164 2.9464 1.6378 0.5618
Car -1 -1 2.0543 150.2568 178.5837 265.1633 228.8959 1.4665 1.5844 3.9643 -12.9782 1.6691 23.4780 1.5538 0.2846
Car -1 -1 1.5997 668.6401 179.1558 689.9401 199.1288 1.4769 1.5598 3.6662 5.4239 1.9873 56.4767 1.6945 0.1821
Car -1 -1 1.8321 557.4457 179.7126 600.1552 208.6662 1.5676 1.5559 3.8160 -1.8027 1.9871 42.0569 1.7890 0.1620
Car -1 -1 -0.2708 715.9364 175.0716 800.8593 210.6190 1.6747 1.6868 3.7263 7.1369 1.7859 35.0869 -0.0724 0.1425
Car -1 -1 2.8916 673.1557 173.0667 739.0541 199.7556 1.7254 1.7084 4.0231 6.3019 1.7401 47.7491 3.0216 0.1335
Car -1 -1 0.5894 149.3510 163.8842 268.0001 206.0448 1.6032 1.6346 3.8239 -15.7938 1.2625 28.4126 0.0859 0.1279
