Car -1 -1 2.7892 568.9529 168.4539 878.0342 301.1591 1.5516 1.6331 3.7386 1.3765 1.5005 9.6317 2.9256 0.9090
Car -1 -1 -2.6477 112.7992 182.1649 379.7897 264.0762 1.4406 1.6798 4.2923 -6.8797 1.6313 13.8207 -3.1023 0.9076
Car -1 -1 -3.5877 934.7990 167.3345 1162.6012 237.8858 1.5352 1.6969 4.1931 9.9552 1.4155 16.7169 -3.0588 0.8411
Car -1 -1 -3.2379 710.2384 166.5730 903.9886 237.5574 1.5923 1.7284 4.3050 4.5515 1.4517 17.3688 -2.9864 0.7111
Car -1 -1 -0.9049 585.8052 172.6448 688.9014 216.7551 1.5172 1.6491 4.1254 1.0515 1.5103 26.9209 -0.8670 0.6522
Car -1 -1 -1.0343 663.0472 169.9104 760.5271 217.3129 1.5997 1.6788 4.1153 3.7648 1.5007 26.4773 -0.8951 0.4278
Car -1 -1 -1.1495 935.0187 163.5284 1027.9856 207.1620 1.4604 1.5633 3.8195 13.3593 1.1487 25.9553 -0.6791 0.3949
Car -1 -1 -1.2343 832.6775 162.6452 923.2825 211.1478 1.5585 1.6923 4.2417 9.4433 1.2308 25.3571 -0.8820 0.2792
Car -1 -1 2.3845 1154.1432 165.7543 1242.0000 232.8112 1.4186 1.6019 4.1217 14.7499 1.2688 16.1140 3.1164 0.2729
Car -1 -1 -1.6584 1104.5988 158.7139 1171.2410 205.4269 1.5069 1.5430 3.5119 18.2910 1.0511 25.1776 -1.0359 0.1681
