Car -1 -1 -2.3362 88.6012 182.3062 323.6976 271.1340 1.4326 1.5983 3.7890 -7.4331 1.6239 13.2431 -2.8395 0.8741
Car -1 -1 -1.8050 686.5469 181.2871 765.3773 232.1675 1.4674 1.6070 4.0910 3.6420 1.7684 23.6108 -1.6546 0.8534
Car -1 -1 -1.6692 669.5475 181.8197 720.0384 220.5556 1.4270 1.6220 4.3798 3.3834 1.8250 29.7973 -1.5579 0.7720
Car -1 -1 2.0038 269.0904 180.4266 386.2191 234.3554 1.4533 1.6921 4.3052 -8.5910 1.7106 22.2669 1.6391 0.7615
Car -1 -1 1.8583 445.3883 179.4961 492.8522 207.8436 1.4818 1.5882 3.8799 -7.9138 1.8750 40.6620 1.6668 0.6372
Car -1 -1 1.9350 338.5178 178.3487 424.7588 223.3803 1.5164 1.6684 4.2138 -8.4594 1.7387 26.9761 1.6335 0.5295
Car -1 -1 1.7965 476.2905 178.1227 515.9568 204.2176 1.5695 1.6442 4.0782 -7.2899 1.9235 46.3317 1.6409 0.3425
Car -1 -1 -1.6788 662.0798 179.5396 701.9060 212.7335 1.5159 1.5681 3.4266 3.4437 1.8600 35.3661 -1.5831 0.3212
Car -1 -1 1.4960 735.5764 169.8984 761.4681 190.8552 1.5740 1.6618 4.2521 10.7623 1.3524 56.3948 1.6833 0.1387
Car -1 -1 3.6086 0.0000 182.6768 28.8251 312.6727 1.4590 1.6040 3.9727 -10.6510 1.6116 9.7450 2.7925 0.1107
Car -1 -1 -1.2782 250.0603 162.0400 313.9059 202.9469 1.6962 1.5872 3.5761 -14.4113 1.2482 31.7915 -1.7008 0.1100
