Car -1 -1 -1.8302 733.4103 179.3215 1014.0723 367.8372 1.4844 1.6403 4.2683 2.4444 1.5757 7.9817 -1.5446 0.8921
Car -1 -1 -1.7617 678.5176 178.8916 770.6731 248.0779 1.4764 1.5399 3.4247 2.6148 1.6373 17.4445 -1.6163 0.8364
Car -1 -1 0.2319 401.7487 188.6159 486.1682 218.1336 1.4117 1.6089 3.8610 -8.3216 2.2207 36.1960 0.0070 0.8312
Car -1 -1 -1.5336 579.2674 178.4847 615.4753 212.3618 1.5603 1.6584 3.7877 -0.6171 1.8548 35.7743 -1.5513 0.7497
Car -1 -1 -1.6459 653.8881 179.3488 713.2404 231.0140 1.4710 1.5731 3.6284 2.2067 1.6933 22.8289 -1.5515 0.6204
Car -1 -1 -2.9391 446.6527 183.8020 516.5369 210.2910 1.5359 1.6617 3.8888 -7.7278 2.2089 43.4462 -3.1146 0.5891
Car -1 -1 -2.3836 922.0595 188.6119 1242.0000 375.0000 1.4751 1.5889 3.7182 2.5614 1.5660 2.2597 -1.5988 0.5453
Car -1 -1 -1.5977 641.3868 174.8119 675.2993 208.2752 1.6272 1.6314 3.5833 2.4070 1.7332 37.1165 -1.5340 0.3689
Car -1 -1 1.8378 629.6733 176.4448 670.9121 200.8647 1.4690 1.6182 4.1015 2.5996 1.7105 46.2511 1.8932 0.1222
Car -1 -1 1.8212 515.6976 180.4196 546.9139 200.1635 1.4679 1.5843 3.7208 -6.2146 2.0874 57.0923 1.7128 0.1147
