Car -1 -1 -1.8659 705.5916 181.7390 884.4843 294.5587 1.4951 1.6396 4.1837 2.7858 1.6702 12.0440 -1.6451 0.9064
Car -1 -1 -1.7358 686.1955 179.5445 775.7357 244.1951 1.4828 1.6273 4.1232 3.0179 1.6790 19.0455 -1.5819 0.8647
Car -1 -1 -1.6431 665.0001 181.2686 720.8664 229.0444 1.4275 1.5576 3.8941 2.6633 1.7335 24.2250 -1.5357 0.8259
Car -1 -1 0.2945 188.4224 172.7141 472.1667 270.7561 1.6268 1.7386 4.4387 -4.8840 1.6248 12.9694 -0.0596 0.8053
Car -1 -1 0.2324 333.0988 173.3293 513.1839 240.0396 1.6408 1.7109 4.2219 -4.7668 1.6541 18.6444 -0.0151 0.7131
Car -1 -1 -2.0872 868.4873 191.8781 1242.0000 375.0000 1.4498 1.5742 3.9690 3.1120 1.6297 4.8018 -1.5409 0.7101
Car -1 -1 0.2184 403.3114 180.1000 534.7852 227.7206 1.4614 1.6244 3.9016 -4.5228 1.7041 23.2694 0.0279 0.6795
Car -1 -1 -2.9764 448.7524 174.4030 550.9078 217.1346 1.7595 1.7278 4.0632 -4.6648 1.8276 30.6660 -3.1267 0.4176
Car -1 -1 -1.6822 656.7927 180.8072 703.5989 219.3789 1.4540 1.5220 3.4616 2.7884 1.8005 29.6604 -1.5900 0.3214
Car -1 -1 -1.6864 638.5647 180.6898 678.9633 213.4989 1.4435 1.5177 3.4434 2.2352 1.8360 34.3421 -1.6225 0.1745
