Car -1 -1 2.1581 0.0000 199.7822 290.9715 375.0000 1.4030 1.5122 3.5822 -5.0637 1.7601 7.7492 1.5945 0.8845
Car -1 -1 1.8621 183.6327 189.2615 363.1414 295.1746 1.4234 1.6296 4.1437 -5.6257 1.7576 12.5191 1.4471 0.8455
Car -1 -1 1.8858 347.0651 183.6860 461.4027 249.6141 1.4426 1.6234 4.0447 -5.1733 1.7519 18.5187 1.6164 0.7969
Car -1 -1 1.2557 0.0000 176.2565 150.9701 265.8597 1.4953 1.5891 3.6304 -10.5619 1.5690 13.8620 0.6137 0.6237
Car -1 -1 1.7978 403.6881 179.3242 485.7357 232.3891 1.5350 1.6721 4.2847 -5.3172 1.7657 23.5406 1.5775 0.5635
Car -1 -1 1.1801 74.5150 174.9119 235.2005 251.3566 1.5167 1.6333 4.0998 -10.3721 1.5688 16.2682 0.6197 0.4294
Car -1 -1 1.1284 138.9145 175.4152 277.2703 238.0151 1.4799 1.6103 4.0637 -10.7080 1.5544 19.0435 0.6219 0.2850
Car -1 -1 -0.7326 306.6737 178.3230 398.3001 217.3928 1.4370 1.4756 3.3104 -10.2688 1.6697 28.8474 -1.0721 0.2417
Car -1 -1 1.2747 270.3607 177.5267 355.8827 224.8850 1.4605 1.6141 3.9847 -10.2724 1.6342 24.7065 0.8842 0.1772
Car -1 -1 -1.9953 0.0000 184.2008 44.3300 296.5302 1.3929 1.5651 3.9127 -10.5441 1.5842 10.6906 -2.7613 0.1694
