Pedestrian -1 -1 3.4889 305.2151 184.2494 360.6501 293.1694 1.6042 0.5377 0.6403 -4.2505 1.7819 10.9552 3.1262 0.1410
Car -1 -1 -1.7518 666.4210 180.6596 769.1697 257.7078 1.4548 1.5660 3.5333 2.1858 1.6455 15.7877 -1.6178 0.8990
Car -1 -1 2.7619 413.2907 183.3578 501.4357 216.2907 1.4014 1.5432 3.6865 -7.0881 1.9127 33.4268 2.5540 0.7863
Car -1 -1 -2.0444 772.9174 178.7979 1242.0000 375.0000 1.5292 1.6800 4.3899 2.7537 1.5974 5.9821 -1.6328 0.7748
Car -1 -1 3.0157 82.9056 195.7868 359.2472 319.7579 1.4510 1.5134 3.3955 -5.6924 1.8396 10.6219 2.5335 0.7530
Car -1 -1 -1.6637 602.7952 177.7099 638.8695 206.0267 1.4570 1.6126 4.0700 0.5150 1.7402 39.9340 -1.6515 0.7021
Car -1 -1 1.4305 631.5123 178.3299 712.9258 236.8088 1.4883 1.7203 4.4366 1.6470 1.6657 21.0543 1.5067 0.6157
Car -1 -1 2.9213 163.6553 190.0883 423.7701 286.0839 1.4605 1.6376 4.2286 -5.8925 1.8301 13.5565 2.5178 0.5500
Car -1 -1 2.8815 299.3461 189.0951 462.9259 248.1349 1.3713 1.5850 3.9238 -6.1658 1.8475 19.4205 2.5774 0.4722
Car -1 -1 1.3612 475.1173 180.2697 516.6477 207.1332 1.5229 1.6963 4.1140 -7.0945 2.0020 44.3533 1.2031 0.2379
