Car -1 -1 -1.7914 809.1904 183.7991 951.6925 278.7122 1.3929 1.5374 3.7369 4.6216 1.6197 12.9782 -1.4574 0.8798
Car -1 -1 -2.1145 950.2746 194.9173 1242.0000 375.0000 1.4444 1.5769 3.7532 3.2995 1.6255 3.9532 -1.4560 0.5795
Car -1 -1 1.7113 624.8674 176.2100 673.6132 217.1032 1.5953 1.5569 3.6782 1.6692 1.7463 30.4218 1.7650 0.3768
Car -1 -1 -0.6965 0.0000 188.9600 108.2815 288.2971 1.4043 1.5415 4.0064 -11.4500 1.7414 12.9802 -1.4092 0.3253
Car -1 -1 -0.7847 817.8491 176.1589 918.5404 216.9745 1.4995 1.5971 3.6637 10.0760 1.6362 28.2606 -0.4460 0.2993
Car -1 -1 1.5899 769.2268 174.9748 797.2349 200.6391 1.4896 1.6008 3.7679 10.6158 1.6259 44.2341 1.8235 0.1754
Car -1 -1 2.8289 778.7119 164.9813 881.7407 206.0857 1.9484 1.8618 4.4444 10.6365 1.5756 35.1783 3.1198 0.1648
Car -1 -1 2.7627 810.6887 179.1774 944.0327 222.1783 1.4230 1.5690 4.0334 9.1436 1.6497 24.9731 3.1093 0.1586
Car -1 -1 0.0518 763.8348 174.9468 828.6606 198.4138 1.4833 1.6320 4.0333 12.1687 1.6246 47.2286 0.3021 0.1415
Car -1 -1 1.6745 685.1594 176.2320 705.2473 192.1720 1.4834 1.5617 3.7310 8.2696 1.8207 69.9778 1.7913 0.1076
