Car -1 -1 1.8824 274.8612 186.5892 494.1362 327.4110 1.4874 1.6621 4.0914 -2.9048 1.7196 10.0988 1.6082 0.8539
Car -1 -1 1.1204 893.4047 180.0734 1003.4886 228.2358 1.3932 1.6179 4.0289 10.8320 1.6491 23.5115 1.5468 0.8487
Car -1 -1 -2.2107 1058.3546 176.5378 1215.1752 228.0306 1.4234 1.6284 4.3479 16.1114 1.5496 22.4496 -1.5949 0.8011
Car -1 -1 1.0367 985.4078 177.9150 1081.6259 217.7802 1.4020 1.4925 3.6853 16.0924 1.6096 27.6949 1.5580 0.5301
Car -1 -1 0.6622 1162.9211 180.4043 1242.0000 293.2610 1.4276 1.5626 3.8524 11.1280 1.5686 11.4157 1.4215 0.5001
Car -1 -1 1.6289 545.7415 177.6993 573.3890 201.6429 1.5144 1.6269 3.9367 -3.3765 1.8532 48.4115 1.5592 0.4551
Car -1 -1 -1.9684 932.4116 172.7761 1001.1375 206.2117 1.4309 1.5227 3.5271 16.0335 1.4279 32.6776 -1.5162 0.4222
Car -1 -1 2.7253 850.7065 175.7778 964.5345 212.7008 1.4397 1.5987 3.9388 11.9168 1.5616 29.1305 3.1096 0.4166
Car -1 -1 0.8432 1190.0658 174.1522 1242.0000 245.7999 1.5045 1.5775 3.6260 15.8810 1.5388 17.0378 1.5845 0.1307
Car -1 -1 1.4573 768.1224 175.6187 806.2498 203.3129 1.5772 1.7365 4.4751 10.6821 1.7546 43.8818 1.6941 0.1072
