Pedestrian -1 -1 0.8694 1136.2124 115.9516 1242.0000 278.9708 1.8615 0.5984 0.9613 6.9748 1.2121 8.7295 1.5270 0.4686
Car -1 -1 -2.5906 81.5780 191.7842 372.8973 284.6906 1.5226 1.7683 4.4983 -6.9674 1.8997 13.3041 -3.0653 0.8860
Car -1 -1 -1.7440 712.1608 178.4875 819.9155 254.3548 1.4199 1.5750 4.0512 3.2252 1.5600 15.8484 -1.5477 0.8692
Car -1 -1 -1.7059 688.8354 174.0470 761.7708 230.8227 1.5533 1.6142 4.0433 3.3438 1.5932 21.8558 -1.5568 0.7890
Car -1 -1 -2.8140 326.3811 185.5786 460.3430 232.8616 1.4390 1.6167 3.8295 -6.9784 1.8661 23.3143 -3.1023 0.7496
Car -1 -1 -1.5495 609.8728 175.8689 642.7550 207.3922 1.5529 1.6384 3.8473 0.8574 1.7197 37.8741 -1.5276 0.7155
Car -1 -1 -2.7126 257.1158 188.1171 421.6689 249.9966 1.4717 1.5925 3.6288 -6.9309 1.8842 18.5479 -3.0661 0.6600
Car -1 -1 -1.9652 817.7275 143.3214 1205.5161 375.0000 1.7575 1.6458 3.7216 3.2010 1.5583 6.7580 -1.5407 0.6479
Car -1 -1 -2.9147 401.2014 180.8869 501.4185 218.7947 1.4984 1.6218 3.7612 -6.5209 1.8388 29.7058 -3.1294 0.5640
Car -1 -1 -2.8629 364.0042 183.4052 490.8585 225.7454 1.4378 1.6542 4.1081 -6.5169 1.8292 25.8420 -3.1081 0.5515
Car -1 -1 -2.6549 189.6586 192.5947 397.1140 262.9609 1.4216 1.6044 3.9436 -7.0112 1.8879 16.0710 -3.0608 0.4534
Car -1 -1 3.1566 447.2939 178.2836 527.1218 209.0979 1.5213 1.6475 3.9621 -6.3274 1.8095 37.1302 2.9885 0.2320
