Pedestrian -1 -1 0.9442 259.3545 156.2328 333.2527 292.7093 1.8766 0.6022 0.8356 -4.5703 1.6484 10.3916 0.5385 0.6867
Pedestrian -1 -1 2.3806 220.3045 160.3413 318.6270 311.7881 1.8135 0.6304 0.9644 -4.3757 1.6640 9.2017 1.9471 0.5271
Pedestrian -1 -1 1.5692 211.8949 157.0476 265.9945 304.3814 1.8630 0.6178 0.7995 -4.9939 1.6635 9.6174 1.1009 0.4732
Pedestrian -1 -1 2.1555 663.4598 170.9211 684.9954 215.4133 1.6927 0.5606 0.6563 2.4403 1.6195 27.8789 2.2413 0.2069
Pedestrian -1 -1 1.8109 682.2960 171.7287 700.8264 216.5080 1.6696 0.5461 0.7112 3.0492 1.6280 27.3271 1.9202 0.2012
Cyclist -1 -1 -1.5585 635.1752 169.4849 646.4438 205.3224 1.7247 0.5381 1.8048 1.4907 1.5629 35.6371 -1.5175 0.2216
Car -1 -1 -1.3459 427.2969 173.1661 500.9426 224.6013 1.6301 1.6414 3.9443 -4.9768 1.6421 24.8837 -1.5418 0.8763
Car -1 -1 1.8667 276.2740 182.8457 417.9412 270.0919 1.4639 1.5943 3.7865 -5.1345 1.6912 14.4677 1.5308 0.8082
Car -1 -1 2.2996 0.0000 179.4128 191.5848 375.0000 1.5917 1.6089 3.9365 -5.5832 1.6660 6.1431 1.5833 0.6513
Car -1 -1 1.7645 470.5151 176.6538 526.2472 215.3328 1.4966 1.5869 3.8998 -4.6531 1.6669 30.2870 1.6129 0.4415
Car -1 -1 0.6167 1118.0325 119.1774 1242.0000 375.0000 1.5494 1.6711 4.0906 5.0947 1.4135 3.9323 1.4943 0.2133
Car -1 -1 -1.0594 1065.6196 142.8736 1242.0000 327.3097 1.5311 1.6184 3.7744 6.7397 1.2825 7.3780 -0.3392 0.1677
