Car -1 -1 -1.9772 645.5325 190.7210 1002.8104 375.0000 1.4333 1.5407 3.7624 1.4756 1.6458 6.5699 -1.7676 0.8787
Car -1 -1 1.6555 320.4166 186.0063 391.5571 244.5328 1.4717 1.6260 3.8980 -7.3971 1.8960 21.1683 1.3227 0.7815
Car -1 -1 -0.4489 644.0013 187.7846 815.4736 257.6854 1.4737 1.5590 3.6836 2.7520 1.8530 17.0327 -0.2925 0.6637
Car -1 -1 -0.3643 586.6744 186.5419 706.0969 233.3791 1.4495 1.5659 3.7240 1.1736 1.9384 24.4268 -0.3178 0.5813
Car -1 -1 -0.2139 540.4453 183.2434 628.7889 217.7054 1.5278 1.6395 3.9041 -1.2554 2.0367 34.0364 -0.2512 0.4983
Car -1 -1 2.5118 636.9683 187.0988 852.2205 273.2495 1.4382 1.6105 3.9756 2.6126 1.7497 14.1622 2.6894 0.4787
Car -1 -1 1.7868 364.7700 186.3994 416.7757 221.2154 1.4210 1.4927 3.7436 -9.9573 2.0745 32.8666 1.4944 0.4369
Car -1 -1 2.6000 561.4257 186.1785 682.3253 228.4385 1.4166 1.6193 4.3266 0.4352 1.9505 27.0987 2.6150 0.4032
Car -1 -1 -2.6474 0.0000 0.0000 1242.0000 375.0000 1.4807 1.6016 3.6011 2.5767 1.5979 1.6722 -1.7303 0.4002
Car -1 -1 2.8087 543.6375 184.6488 642.0302 220.2877 1.4354 1.6348 3.9769 -0.7945 1.9745 31.4901 2.7830 0.3840
Car -1 -1 2.6692 598.3927 183.8968 740.1851 238.3440 1.4856 1.6234 3.9699 1.7472 1.8430 21.8107 2.7471 0.3709
Car -1 -1 -0.6050 735.1107 191.0016 980.4545 294.4975 1.4382 1.5268 3.5321 3.9254 1.7638 11.6936 -0.2899 0.3098
Car -1 -1 1.5101 468.9030 185.2043 491.3476 204.5857 1.4829 1.5945 4.0069 -10.8618 2.5479 60.0608 1.3315 0.2396
