Pedestrian -1 -1 1.1327 1153.4600 141.2427 1239.4071 276.7938 1.7224 0.5849 0.8267 7.7502 1.3211 9.6337 1.7950 0.7276
Pedestrian -1 -1 0.5150 770.4658 166.3905 850.7961 304.3188 1.6690 0.5273 0.8378 2.5016 1.5912 9.2094 0.7709 0.7272
Pedestrian -1 -1 1.6224 947.5626 149.7571 993.5644 276.6296 1.7971 0.5822 0.8028 5.3066 1.4703 10.7096 2.0708 0.3882
Pedestrian -1 -1 -0.9359 872.1578 148.2671 986.7476 360.4654 1.7784 0.6357 0.7410 2.8204 1.5727 6.5080 -0.5445 0.3444
Pedestrian -1 -1 -0.1817 1055.2758 142.6791 1123.3586 262.7045 1.7642 0.5702 0.7678 7.2445 1.3210 11.0118 0.3876 0.3226
Pedestrian -1 -1 2.1920 1009.3466 134.9972 1082.8030 252.5747 1.8927 0.5767 1.0157 7.2487 1.2836 12.0826 2.7212 0.2817
Pedestrian -1 -1 1.6766 890.3777 151.1609 936.5248 282.7926 1.8505 0.5472 0.9314 4.4487 1.5459 10.6805 2.0606 0.1130
Cyclist -1 -1 -1.2956 664.6895 163.4695 689.3842 208.3416 1.7591 0.5213 1.8385 2.6875 1.3915 29.2344 -1.2054 0.4407
Cyclist -1 -1 -2.5023 790.3915 149.2156 1001.5238 361.1054 1.7288 0.5440 1.8785 2.5547 1.5363 6.8166 -2.1591 0.2156
Car -1 -1 2.0506 78.2094 178.6733 362.8815 327.9672 1.5157 1.6012 3.7773 -4.7478 1.6071 9.3768 1.5927 0.8286
Car -1 -1 -0.6975 0.0000 176.0056 156.5960 375.0000 1.5829 1.7208 4.1996 -4.9787 1.6113 4.2622 -1.5293 0.2458
