Pedestrian -1 -1 2.4791 773.3471 172.3030 842.3655 303.9806 1.6248 0.6319 0.5937 2.4909 1.6183 9.3083 2.7314 0.4714
Cyclist -1 -1 -1.9421 764.9199 173.8221 856.2530 316.6192 1.6672 0.5251 1.7040 2.4834 1.6813 9.3107 -1.6907 0.2095
Car -1 -1 -1.3479 426.6509 173.5477 538.0206 254.4132 1.6177 1.6366 4.0272 -2.8219 1.6359 16.5222 -1.5152 0.8418
Car -1 -1 -1.3022 300.0819 188.2226 484.9358 313.4337 1.3630 1.5042 3.6449 -2.8723 1.6179 10.1233 -1.5728 0.8408
Car -1 -1 -0.5039 938.8617 181.2832 1114.3048 237.9585 1.5694 1.7216 4.1348 12.0388 1.8267 21.1148 0.0077 0.8128
Car -1 -1 -1.7777 691.9144 174.8837 760.1274 221.3668 1.6346 1.7237 4.2406 4.3177 1.7191 27.7244 -1.6255 0.8126
Car -1 -1 -2.1681 943.1696 194.7239 1242.0000 375.0000 1.4287 1.5555 3.7789 4.0856 1.6522 5.4549 -1.5519 0.7696
Car -1 -1 -1.9662 788.8363 188.3113 1015.6651 309.9655 1.4015 1.5710 4.2239 4.0797 1.6836 11.0041 -1.6210 0.7686
Car -1 -1 -1.3876 488.7810 179.4771 561.4700 228.7504 1.4195 1.6043 4.2088 -2.7093 1.6555 23.5179 -1.5017 0.6771
Car -1 -1 2.6426 850.3342 180.7160 956.0062 214.2606 1.3652 1.5985 3.9016 12.4610 1.7131 30.8679 3.0225 0.5082
Car -1 -1 1.9631 302.4601 171.9535 363.8062 202.1222 1.5504 1.6827 4.0369 -14.9631 1.5045 39.1193 1.5998 0.4413
Car -1 -1 1.7191 352.4925 174.0182 387.4848 198.7350 1.4752 1.5527 3.6509 -15.0128 1.5515 45.1736 1.3997 0.3495
Car -1 -1 -1.3964 511.4151 177.6628 564.9631 216.5329 1.4760 1.5863 3.6471 -2.9365 1.6871 29.7393 -1.4945 0.2619
Car -1 -1 -1.3533 546.3968 175.0010 586.0556 202.0986 1.5247 1.5956 3.6812 -2.5867 1.6584 42.8472 -1.4137 0.2501
Car -1 -1 -0.7186 1113.5701 188.9502 1242.0000 240.4057 1.4739 1.5392 3.5465 17.6367 1.9856 22.0621 -0.0514 0.2412
