Pedestrian -1 -1 1.1605 899.1944 140.5873 953.6528 237.8183 1.8248 0.6429 0.9178 6.1815 1.0774 13.7255 1.5768 0.7117
Pedestrian -1 -1 2.7264 350.6917 167.1632 403.6839 251.6864 1.6861 0.6073 0.8736 -4.7500 1.4217 14.6157 2.4203 0.6808
Pedestrian -1 -1 1.4859 810.7960 158.5831 829.9330 205.6366 1.8414 0.6570 0.8392 8.5435 0.9852 28.1433 1.7793 0.3121
Pedestrian -1 -1 1.4493 823.0024 155.4301 842.1127 200.8557 1.8828 0.6627 0.8742 9.5615 0.8452 29.7921 1.7585 0.2073
Pedestrian -1 -1 1.3753 842.2885 156.7450 862.3718 201.6415 1.8514 0.6625 0.7220 10.3127 0.8733 29.5558 1.7094 0.2069
Pedestrian -1 -1 1.4360 829.6444 156.3565 850.5070 204.8867 1.8840 0.6769 0.8010 9.2465 0.9482 27.8992 1.7544 0.1284
Cyclist -1 -1 -0.7466 306.7610 171.1892 375.0388 237.4504 1.6570 0.5220 1.8040 -6.9521 1.4258 18.5985 -1.0970 0.2016
Car -1 -1 -0.8821 0.0000 197.1072 293.0938 357.1413 1.3616 1.4896 3.5550 -5.3940 1.6009 8.2548 -1.4417 0.8571
Car -1 -1 -1.5473 557.7191 173.9627 579.6937 194.1519 1.5223 1.6189 3.9493 -2.7965 1.0306 55.3010 -1.5959 0.2991
Car -1 -1 -2.5172 1157.0602 147.1075 1224.0000 258.7791 1.4462 1.5775 3.7076 11.0570 1.0154 11.1147 -1.7470 0.1733
Car -1 -1 -1.5679 522.9442 174.1626 543.9043 193.6533 1.4758 1.5814 3.7330 -5.5945 0.9972 55.4648 -1.6661 0.1498
Car -1 -1 -2.3333 285.6332 182.6479 490.6202 262.5899 1.4305 1.6128 4.1186 -4.5210 1.4813 14.4526 -2.6285 0.1259
Car -1 -1 -1.2472 643.5374 171.4007 687.6108 195.4618 1.5360 1.6880 4.2149 4.1121 0.9565 47.3999 -1.1595 0.1052
