Pedestrian -1 -1 2.6666 535.0759 159.0833 599.6331 260.3992 1.8526 0.6575 1.0434 -0.7614 1.4626 13.4706 2.6132 0.8295
Pedestrian -1 -1 -0.5138 748.7017 157.2220 815.6851 264.3869 1.7364 0.6187 0.9027 2.9232 1.3608 11.8721 -0.2767 0.6064
Pedestrian -1 -1 2.0529 429.4113 163.8422 458.0471 213.7691 1.8012 0.6570 0.9614 -5.9623 1.2017 26.0520 1.8324 0.3045
Pedestrian -1 -1 2.1799 488.5950 164.9777 516.7159 214.6011 1.8166 0.6026 0.9549 -3.8484 1.2499 26.4411 2.0388 0.2661
Pedestrian -1 -1 2.9376 545.1841 165.5005 568.3143 210.5828 1.7259 0.6614 0.7796 -1.9043 1.1532 27.4863 2.8710 0.2327
Pedestrian -1 -1 2.3793 92.6858 155.6346 148.9965 235.4564 1.8824 0.6486 0.9427 -11.8033 1.2976 17.1992 1.7883 0.2313
Pedestrian -1 -1 2.1675 579.9254 166.4725 604.1865 211.0204 1.7283 0.6045 0.8160 -0.5326 1.1856 27.9336 2.1504 0.2184
Pedestrian -1 -1 2.4570 449.1374 164.5241 478.2874 214.2937 1.7408 0.5874 0.8379 -5.0686 1.1835 25.2354 2.2631 0.2060
Pedestrian -1 -1 1.3839 0.0000 122.4898 125.2440 370.0000 1.8910 0.5803 0.7949 -3.5545 1.5635 4.4915 0.7499 0.1806
Pedestrian -1 -1 1.6867 136.0896 115.3359 257.7125 370.0000 1.9532 0.6051 0.8388 -2.7911 1.5573 4.8116 1.1907 0.1736
Pedestrian -1 -1 2.6481 467.8408 165.0322 498.4344 213.4620 1.8126 0.5962 0.9870 -4.6776 1.2352 26.9961 2.4803 0.1712
Pedestrian -1 -1 2.8856 535.7108 162.2463 582.6363 251.0400 1.7807 0.5317 0.8578 -0.9895 1.4162 14.5617 2.8210 0.1196
Cyclist -1 -1 -1.0670 601.1991 164.1489 638.1386 212.1597 1.7907 0.5673 1.9299 0.5605 1.1823 27.3433 -1.0450 0.2031
Car -1 -1 -0.8994 468.2272 165.9631 561.5667 212.9429 1.7217 1.6590 3.7870 -3.5092 1.1905 27.9545 -1.0211 0.1646
Car -1 -1 -2.4564 477.7879 165.2193 709.9498 273.8283 1.7327 1.6756 4.2260 -0.3559 1.4905 13.2328 -2.4809 0.1001
