Car -1 -1 1.2862 514.5012 176.7257 598.2844 223.3642 1.4775 1.7616 4.4804 -2.0543 1.6285 25.6622 1.2065 0.7615
Car -1 -1 2.0970 214.2645 187.7805 325.7079 234.5062 1.3944 1.6110 4.1587 -11.6938 1.9573 25.0451 1.6639 0.6857
Car -1 -1 -2.0208 0.0000 190.0626 131.5122 284.6982 1.5936 1.7046 4.1809 -11.7854 1.9778 14.4230 -2.6970 0.6566
Car -1 -1 1.1107 575.8583 174.7730 662.6984 215.9118 1.4593 1.6641 4.2054 0.2262 1.5403 28.0571 1.1181 0.6251
Car -1 -1 1.7672 347.8220 185.8629 418.5019 235.2124 1.4237 1.5191 3.6572 -7.4077 1.8859 23.7115 1.4671 0.4631
Car -1 -1 1.9753 170.2390 189.4234 259.6932 233.2140 1.4000 1.5158 3.7299 -14.4063 2.0521 26.4489 1.4804 0.3522
Car -1 -1 2.2179 431.5819 187.5138 502.8530 218.2969 1.4233 1.5796 3.9316 -7.3850 2.2283 37.4847 2.0242 0.3201
Car -1 -1 1.1175 632.4919 172.5716 704.9507 210.3459 1.4650 1.5428 3.6476 2.3261 1.4544 29.9606 1.1937 0.2865
Car -1 -1 2.1234 110.9592 189.8133 212.3853 232.5603 1.4286 1.5295 3.7447 -16.9840 2.1189 27.4735 1.5738 0.2504
Car -1 -1 1.9408 474.6050 187.2016 530.7552 218.7372 1.4206 1.5166 3.8321 -5.3845 2.1851 36.3904 1.7943 0.2337
Car -1 -1 0.8602 678.8657 169.1382 759.8408 203.9380 1.5985 1.6549 4.0653 5.2405 1.4281 35.2997 1.0059 0.2188
Car -1 -1 1.9486 320.7450 191.3353 373.2976 220.6712 1.4723 1.5270 3.6284 -14.6811 2.5535 40.3602 1.6014 0.2065
