Pedestrian -1 -1 -1.9450 1028.8821 137.3957 1127.0774 313.6384 1.8651 0.5895 0.9844 5.2787 1.4107 8.0169 -1.3790 0.5095
Pedestrian -1 -1 -2.3182 1131.1272 127.6836 1224.0000 310.5674 1.8379 0.6030 0.9335 6.2659 1.3088 7.5888 -1.6466 0.4886
Pedestrian -1 -1 1.3229 707.4407 161.5478 730.1418 210.9774 1.8268 0.6431 0.8880 4.2486 1.1279 26.5963 1.4812 0.4097
Pedestrian -1 -1 2.7287 726.8641 161.8045 755.3351 210.8734 1.8393 0.6679 0.8687 5.1528 1.1401 26.9208 2.9174 0.3240
Pedestrian -1 -1 2.1832 1028.0101 153.0118 1074.1744 234.9552 1.6943 0.5830 0.6141 9.4231 1.1275 15.0030 2.7363 0.1800
Pedestrian -1 -1 -1.4488 252.7458 169.2157 286.1067 248.1421 1.7736 0.6097 0.7122 -7.7754 1.5217 16.3165 -1.8842 0.1778
Cyclist -1 -1 1.8772 395.3687 172.2303 447.0150 256.4373 1.6625 0.5333 1.7728 -3.8723 1.5008 14.8544 1.6291 0.7510
Car -1 -1 -0.9602 0.0000 196.2220 283.0979 334.1329 1.3428 1.4758 3.5953 -5.8473 1.5886 9.1361 -1.5122 0.8812
Car -1 -1 1.8668 305.6784 176.8644 417.6819 250.5234 1.5912 1.5497 3.5745 -5.7727 1.5143 17.0737 1.5481 0.6862
Car -1 -1 1.8152 402.6109 181.4212 470.3759 223.9487 1.4087 1.5136 3.6194 -5.9763 1.4456 25.3168 1.5879 0.2591
Car -1 -1 -1.4266 466.7168 177.8630 510.0580 209.8061 1.4231 1.5227 3.4355 -5.4448 1.3071 33.2247 -1.5858 0.1082
