Pedestrian -1 -1 2.3606 100.4388 156.2058 161.2894 244.1441 1.7906 0.6128 0.8902 -10.0142 1.2976 14.8911 1.7804 0.7239
Pedestrian -1 -1 2.0140 38.5247 154.1279 91.5490 242.8471 1.8165 0.5853 0.8333 -11.4348 1.2781 14.9374 1.3728 0.7068
Pedestrian -1 -1 2.2272 85.9658 157.6420 142.1155 243.0247 1.7999 0.5748 0.8919 -10.6942 1.3197 15.3622 1.6306 0.4119
Pedestrian -1 -1 2.0101 1147.5392 174.2500 1224.0000 333.2134 1.5550 0.4901 0.5979 5.9697 1.4956 7.2643 2.6784 0.2997
Pedestrian -1 -1 1.5292 1010.8621 157.9487 1092.9685 358.0732 1.7650 0.6069 0.7644 4.1656 1.5678 6.7113 2.0654 0.1713
Cyclist -1 -1 -0.2111 968.6720 141.8675 1224.0000 359.1883 1.8396 0.5772 1.8769 4.4219 1.5143 6.5810 0.3602 0.5190
Car -1 -1 -2.2564 1032.4579 183.5013 1158.7394 229.2139 1.4082 1.5449 3.6157 16.3963 1.5191 23.8907 -1.6596 0.6882
Car -1 -1 -1.5942 603.1816 174.4589 634.6119 203.2008 1.4370 1.5631 3.6052 0.6781 1.1364 37.1497 -1.5744 0.6879
Car -1 -1 -1.5251 546.2631 172.0524 574.4615 197.1331 1.5436 1.6312 3.7680 -2.8306 1.0251 45.4069 -1.5852 0.6459
Car -1 -1 0.9604 1100.3813 182.7843 1224.0000 228.2293 1.4277 1.5893 4.0048 19.2307 1.5148 24.4529 1.6220 0.5858
Car -1 -1 -2.1036 956.6444 179.1220 1069.9724 228.6877 1.5583 1.6382 3.7606 13.7527 1.5165 24.1191 -1.5895 0.1583
