Car -1 -1 1.9686 368.4208 181.5262 505.4834 258.5836 1.4792 1.5926 3.9628 -3.8128 1.7019 16.4064 1.7431 0.7396
Car -1 -1 1.9052 201.9482 172.9380 450.1900 340.8543 1.6649 1.6108 3.9344 -3.3068 1.6665 9.1244 1.5658 0.7233
Car -1 -1 2.7734 724.2046 171.2497 965.9510 258.9721 1.4947 1.6303 3.8917 4.1512 1.4678 13.2441 3.0700 0.7147
Car -1 -1 2.7596 679.2664 168.4252 895.4083 247.8313 1.6130 1.7057 4.2763 3.7624 1.5234 15.8241 2.9880 0.6424
Car -1 -1 2.4547 833.2054 158.5630 1242.0000 375.0000 1.5672 1.6734 4.1101 3.9306 1.4809 5.3770 3.0595 0.6251
Car -1 -1 1.7489 454.9192 179.8665 524.7629 226.4877 1.4355 1.6519 4.2306 -4.1037 1.6993 24.9825 1.5872 0.5914
Car -1 -1 2.3065 0.0000 198.5437 297.8769 375.0000 1.4598 1.4716 3.3959 -3.5451 1.6795 4.4013 1.6571 0.5283
Car -1 -1 0.7466 1080.2007 175.9011 1242.0000 375.0000 1.5108 1.5908 3.6063 3.0521 1.5275 1.9721 1.6774 0.3366
Car -1 -1 2.7004 688.5045 175.2971 853.6264 236.1591 1.4468 1.5642 3.8191 4.0315 1.5136 18.4422 2.9115 0.1601
Car -1 -1 -0.1707 639.1072 166.4644 720.6564 201.8456 1.7810 1.7468 3.9576 3.5392 1.4597 37.3416 -0.0774 0.1327
