Pedestrian -1 -1 -1.9197 391.3874 168.3655 414.1768 213.5677 1.7472 0.5930 0.9018 -7.9979 1.2797 27.8638 -2.1945 0.4939
Pedestrian -1 -1 -2.9489 562.8139 167.5383 586.7998 212.3581 1.7491 0.6264 0.8434 -1.2142 1.2448 27.9607 -2.9901 0.3323
Cyclist -1 -1 -1.3168 494.9069 160.0002 564.7927 289.7280 1.8312 0.5970 1.9821 -1.1698 1.5435 11.0007 -1.4180 0.8334
Cyclist -1 -1 -1.0971 558.2679 169.6201 592.7243 214.7016 1.7260 0.5627 1.8941 -1.1764 1.3110 28.0429 -1.1368 0.2910
Car -1 -1 -2.2564 1119.3102 184.0394 1224.0000 217.6600 1.4272 1.6377 4.1616 26.0129 1.6021 32.5419 -1.5853 0.6695
Car -1 -1 -2.1247 928.1914 182.0616 1009.4402 215.2743 1.4118 1.5279 3.7456 16.4286 1.4885 32.1603 -1.6549 0.5576
Car -1 -1 -0.3292 775.9731 173.4747 900.7228 217.9801 1.6754 1.7486 4.2724 8.9850 1.4125 27.5194 -0.0155 0.5529
Car -1 -1 1.1180 989.8142 182.3156 1073.4020 216.8560 1.4769 1.6371 4.1209 19.5117 1.5674 32.5712 1.6549 0.5308
Car -1 -1 -1.5611 607.3063 175.5390 632.1544 198.9387 1.4422 1.5320 3.4557 0.9602 1.1378 45.3232 -1.5384 0.3070
Car -1 -1 -2.0320 873.0119 180.5698 947.9202 214.0530 1.4371 1.5968 3.8054 13.8375 1.4419 32.2942 -1.6292 0.2918
Car -1 -1 -1.4332 463.6472 183.3004 592.2527 293.6263 1.4734 1.5749 2.9493 -1.1165 1.5247 11.0197 -1.5296 0.1075
