Pedestrian -1 -1 -0.2297 730.7552 173.9480 783.0979 274.5862 1.6427 0.6514 0.7273 2.4052 1.6619 12.1219 -0.0396 0.3124
Car -1 -1 -1.3640 470.4806 177.6892 551.4064 236.6021 1.6091 1.6459 4.0893 -2.9766 1.7720 22.1498 -1.4968 0.8305
Car -1 -1 -1.3946 418.9074 185.8036 519.1907 261.5049 1.3972 1.5217 3.5822 -2.9984 1.7122 15.7287 -1.5808 0.8304
Car -1 -1 -2.1395 924.4025 202.2483 1242.0000 375.0000 1.3987 1.5186 3.6264 4.0537 1.7137 5.9015 -1.5619 0.8027
Car -1 -1 -1.7198 677.0837 179.1068 726.7185 216.3976 1.5823 1.6820 3.9611 4.1332 1.8885 33.2867 -1.5980 0.7908
Car -1 -1 2.1178 112.3005 175.4957 230.1880 224.2930 1.5500 1.6637 3.9794 -15.1647 1.6497 25.1288 1.5793 0.7748
Car -1 -1 -1.8630 801.9183 188.1483 980.2053 302.8332 1.4386 1.5610 3.5660 4.1453 1.7181 11.3517 -1.5223 0.7245
Car -1 -1 -1.8288 733.9374 185.3501 851.5640 259.0315 1.4243 1.5978 4.0341 4.0115 1.7487 16.6737 -1.5977 0.5712
Car -1 -1 2.2721 0.0000 175.6276 132.1195 242.0674 1.5948 1.6810 4.2582 -15.3875 1.6791 19.6615 1.6145 0.5705
Car -1 -1 -0.7721 0.0000 172.3424 293.3376 375.0000 1.5251 1.6107 3.7889 -3.0659 1.5247 2.9781 -1.5283 0.5439
Car -1 -1 2.6527 866.6525 184.3327 996.9747 226.7241 1.4949 1.6298 4.1714 11.9156 1.9394 26.9424 3.0644 0.5319
Car -1 -1 -1.1574 201.4033 142.9450 498.9455 341.6282 1.9934 1.8834 4.6687 -3.0774 1.6937 9.6614 -1.4589 0.3745
Car -1 -1 -0.5322 812.5667 181.2385 899.9253 209.0513 1.3404 1.6127 3.9315 12.4600 1.7809 36.6847 -0.2078 0.3052
Car -1 -1 -1.4518 509.1660 182.9060 561.2711 223.2472 1.4555 1.6260 3.9255 -2.9767 1.8873 28.9910 -1.5539 0.2815
