Car -1 -1 -0.0943 0.0000 179.8579 417.9708 346.6732 1.4717 1.6289 3.9048 -4.4340 1.5691 8.2540 -0.5745 0.8800
Car -1 -1 -1.8433 764.9916 185.4791 1039.8513 365.6168 1.4614 1.6325 4.2535 2.9058 1.6453 8.3202 -1.5195 0.8488
Car -1 -1 2.9589 221.0018 174.8064 477.6864 266.6442 1.5181 1.6853 4.4017 -4.9832 1.5608 13.8312 2.6186 0.7326
Car -1 -1 -1.7868 669.2787 176.8823 730.7438 217.4498 1.4328 1.5631 3.7381 3.3497 1.5991 27.8015 -1.6688 0.7288
Car -1 -1 -1.7212 633.9417 175.5139 675.8014 205.8779 1.4810 1.6078 3.7862 2.2422 1.6268 37.4917 -1.6625 0.7285
Car -1 -1 -1.7651 692.4694 155.0197 820.7126 255.0274 1.8821 1.8304 4.6001 2.9750 1.5468 15.8881 -1.5842 0.6515
Car -1 -1 -1.7866 614.4337 173.7779 654.3231 200.7770 1.5109 1.5723 3.7438 1.3551 1.5682 42.4955 -1.7554 0.5889
Car -1 -1 2.7150 333.4630 176.7136 506.9377 239.5498 1.4806 1.6372 4.1548 -5.0135 1.5939 19.1790 2.4621 0.4971
Car -1 -1 2.8389 363.8855 175.4148 514.8998 229.4397 1.5237 1.6541 4.2452 -5.2834 1.6096 22.3086 2.6084 0.4927
Car -1 -1 -0.2026 116.7004 176.4147 443.3787 303.3229 1.5179 1.6575 4.1300 -4.7859 1.5798 10.6039 -0.6178 0.3794
Car -1 -1 2.7188 433.7353 173.7962 531.2707 211.2190 1.6219 1.6724 4.0953 -5.8763 1.6681 33.2047 2.5445 0.3030
Car -1 -1 -0.4602 421.4581 176.5326 532.1674 219.0692 1.4988 1.6008 3.8423 -5.0849 1.6487 27.5227 -0.6417 0.2696
