Car -1 -1 -2.5440 527.3794 177.4367 599.1732 205.2417 1.5071 1.6196 3.8612 -2.7255 1.7807 41.3359 -2.6099 0.8595
Car -1 -1 -1.8034 763.3472 175.3882 857.4195 233.6928 1.4275 1.5755 3.9594 5.3316 1.5046 19.8364 -1.5452 0.8446
Car -1 -1 2.9222 347.1635 183.1197 433.4218 212.6922 1.5132 1.6940 4.3060 -12.1851 2.1077 39.9609 2.6277 0.8128
Car -1 -1 2.5256 103.4674 183.6309 230.7428 226.6999 1.6252 1.6863 4.4741 -18.8012 2.1214 30.8065 1.9813 0.7188
Car -1 -1 2.6531 0.0000 194.1826 83.9342 244.3442 1.4495 1.6415 4.3423 -21.1953 2.2617 25.1414 1.9578 0.4997
Car -1 -1 2.5938 225.2808 187.9272 321.3347 219.1530 1.3654 1.5827 4.0853 -16.6378 2.1574 35.7503 2.1607 0.4549
Car -1 -1 1.8963 451.2390 181.1201 492.4444 202.4211 1.4358 1.6473 4.3511 -10.0533 2.0655 52.6608 1.7082 0.3720
Car -1 -1 0.8185 1123.2303 192.7204 1242.0000 375.0000 1.4344 1.5271 3.8000 4.5456 1.5906 3.6929 1.6680 0.3207
Car -1 -1 -1.6528 627.8095 173.0427 653.2278 194.1940 1.5366 1.5966 3.8461 2.2413 1.5517 54.4040 -1.6123 0.2324
Car -1 -1 -2.1235 289.9508 182.2347 356.2400 209.9973 1.4906 1.6587 4.1298 -16.7301 2.0607 41.9202 -2.5014 0.1993
