Car -1 -1 -1.9179 763.0147 183.6064 1143.3043 375.0000 1.4582 1.5913 4.0377 2.5644 1.5875 6.6278 -1.5649 0.8600
Car -1 -1 -1.7658 708.1855 184.6083 857.1122 296.6567 1.4216 1.5236 3.5748 2.4723 1.6358 11.3261 -1.5575 0.8395
Car -1 -1 1.9812 253.6256 189.9725 344.4069 233.6232 1.4140 1.6125 4.0822 -11.5649 2.1042 27.0261 1.5800 0.7879
Car -1 -1 -1.6739 658.1356 166.6356 730.7404 234.0743 1.8611 1.7354 4.2507 2.4259 1.6898 22.0384 -1.5665 0.6205
Car -1 -1 -2.0228 342.6940 184.9653 468.3516 253.4248 1.4880 1.5882 3.7191 -5.3021 1.8273 18.2726 -2.3020 0.5982
Car -1 -1 -2.9423 412.6717 184.1383 549.0759 228.7944 1.3858 1.6452 4.1674 -4.2150 1.7706 23.7039 -3.1170 0.4705
Car -1 -1 2.9225 0.0000 201.8111 249.6158 375.0000 1.4675 1.5663 3.6526 -4.5339 1.7285 4.5399 2.1668 0.4301
Car -1 -1 -1.6230 649.9874 180.7456 697.6431 223.1350 1.4420 1.5699 3.7830 2.2968 1.7605 27.1699 -1.5403 0.2668
Car -1 -1 -1.4879 631.7271 177.3582 667.6838 207.5146 1.4940 1.6098 3.6736 2.1111 1.7452 38.2501 -1.4338 0.1721
Car -1 -1 2.9431 397.7713 184.6237 510.2934 226.6304 1.5054 1.5885 4.0754 -6.1457 1.9920 28.2629 2.7304 0.1714
