Pedestrian -1 -1 1.1584 1167.3123 140.0926 1226.9509 241.2106 1.7542 0.5929 0.6978 10.4526 1.1862 12.9275 1.8270 0.6044
Pedestrian -1 -1 0.4380 382.9324 166.6883 433.6984 250.6096 1.8615 0.5850 0.9512 -4.6189 1.7251 16.3697 0.1665 0.5139
Pedestrian -1 -1 1.1011 358.8816 164.5410 403.5532 254.2197 1.8829 0.6041 0.8535 -5.0204 1.7087 15.6630 0.7952 0.3791
Pedestrian -1 -1 2.3822 376.9658 168.7121 430.2896 257.4194 1.8100 0.6102 0.9170 -4.4099 1.7259 15.2699 2.1050 0.3488
Pedestrian -1 -1 1.9843 1139.0601 144.8791 1197.2227 246.9414 1.7044 0.6042 0.6119 9.5837 1.2376 12.4600 2.6283 0.2760
Pedestrian -1 -1 2.8832 629.5797 173.6122 645.3217 207.3970 1.7347 0.6118 0.6814 1.3849 1.7748 37.4359 2.9193 0.1848
Pedestrian -1 -1 2.2940 853.5780 155.2391 910.4694 252.1831 1.7364 0.5817 0.8367 4.9902 1.4213 13.3766 2.6432 0.1195
Car -1 -1 2.0313 166.4984 181.1476 371.1175 294.0126 1.5881 1.6173 3.7322 -5.6222 1.7519 12.3255 1.6109 0.8153
Car -1 -1 -1.3897 467.1656 177.4530 522.4427 218.5219 1.6198 1.6512 3.9325 -4.8980 1.8297 30.8864 -1.5461 0.7594
Car -1 -1 1.8079 382.0555 184.5878 469.0014 243.3029 1.4489 1.5437 3.6824 -5.1494 1.8110 20.3885 1.5630 0.7008
Car -1 -1 1.7687 494.6513 179.8214 540.2670 211.8852 1.4843 1.5548 3.7831 -4.6212 1.8529 36.1855 1.6421 0.5193
Car -1 -1 -2.8789 806.3900 160.9981 1057.4329 263.5191 1.5952 1.6541 3.8668 5.6853 1.4111 13.0673 -2.4774 0.2074
