Car -1 -1 2.0135 129.6626 189.2574 377.4783 322.0569 1.4784 1.6217 3.9283 -4.9034 1.7623 10.4938 1.5854 0.8859
Car -1 -1 1.8997 290.4616 183.4552 441.1929 267.1039 1.4826 1.7010 4.3959 -5.0886 1.7442 15.5592 1.5879 0.8267
Car -1 -1 1.2285 0.0000 187.8855 163.3969 276.6264 1.3825 1.6169 4.2359 -10.4409 1.7069 13.7091 0.5868 0.7140
Car -1 -1 1.2671 99.3979 175.6704 238.6181 252.0308 1.5691 1.6512 4.0695 -10.4690 1.6433 16.9315 0.7201 0.4593
Car -1 -1 2.2382 0.0000 208.1738 97.2077 375.0000 1.4412 1.6035 4.0106 -5.3878 1.7758 4.7186 1.4147 0.4582
Car -1 -1 -0.6479 187.9476 180.5185 335.4724 236.0576 1.4103 1.5278 3.6477 -9.9760 1.6530 20.8340 -1.0899 0.2431
Car -1 -1 1.8212 419.1631 175.5103 474.4921 212.7626 1.7244 1.6649 4.2968 -8.0713 1.8649 35.8801 1.6011 0.2417
Car -1 -1 1.8053 478.9062 178.3492 515.7883 201.8079 1.4644 1.5702 3.8470 -7.4693 1.8450 47.9459 1.6512 0.2359
Car -1 -1 0.4638 180.9499 167.8722 288.7353 202.3025 1.5139 1.6337 4.0116 -16.9105 1.2952 32.5650 -0.0120 0.2217
Car -1 -1 1.7882 466.3550 179.1345 504.4380 205.2987 1.4773 1.5423 3.4703 -7.4762 1.8704 43.3556 1.6180 0.1910
Car -1 -1 1.9028 386.9583 184.1072 449.7826 219.6302 1.4028 1.5285 3.7092 -8.3573 1.9259 31.6060 1.6459 0.1832
