Pedestrian -1 -1 1.4727 825.7945 155.1228 850.4908 219.0551 1.7221 0.5734 0.7199 6.3737 1.0401 19.4530 1.7863 0.4942
Pedestrian -1 -1 0.8914 766.4543 155.7261 802.3020 220.7225 1.8143 0.6424 0.7846 5.0921 1.1244 20.2231 1.1361 0.3722
Pedestrian -1 -1 1.3946 796.1066 155.0588 821.7557 217.9759 1.7603 0.5825 0.7191 5.7759 1.0501 20.1639 1.6712 0.1464
Car -1 -1 2.2899 333.9064 169.8823 505.0757 247.1545 1.6705 1.7177 4.2457 -4.4655 1.4425 17.5602 2.0470 0.7314
Car -1 -1 -1.1918 100.9852 182.8086 197.6387 228.2040 1.4493 1.5628 3.6863 -15.8304 1.5379 24.7209 -1.7538 0.6854
Car -1 -1 -1.3187 191.7192 175.8024 277.0523 224.7868 1.6040 1.6820 4.2264 -13.2050 1.4517 25.3933 -1.7914 0.6108
Car -1 -1 1.9100 563.7260 168.9301 608.4897 193.6894 1.4979 1.5917 4.0182 -1.1500 0.7993 44.9277 1.8863 0.4031
Car -1 -1 -0.0995 711.1362 163.9449 767.4617 184.1189 1.4844 1.6297 4.0047 10.0388 0.2676 53.0099 0.0884 0.2851
Car -1 -1 -1.4470 598.2052 169.8787 623.7557 189.4900 1.5144 1.5920 3.7216 0.5227 0.6955 56.5434 -1.4361 0.2586
Car -1 -1 2.0500 0.0000 185.2117 116.5223 234.1765 1.4556 1.6679 4.0890 -18.2866 1.6287 23.5854 1.3986 0.1833
Car -1 -1 3.0839 89.0314 182.2739 199.1418 215.1431 1.4059 1.5425 4.1380 -21.0147 1.4929 32.2758 2.5130 0.1029
Car -1 -1 -1.4142 702.2361 164.2938 728.0446 182.5684 1.5522 1.6272 4.0713 9.7472 0.1769 62.2386 -1.2578 0.1024
