Car -1 -1 -1.9276 754.2061 183.3132 1070.4470 363.7167 1.4709 1.6864 4.5453 2.9912 1.6270 8.4423 -1.5992 0.8801
Car -1 -1 1.4180 695.1810 167.9500 812.2509 260.8494 1.7222 1.7453 4.4918 2.8816 1.6316 15.6403 1.5958 0.7895
Car -1 -1 2.1457 0.0000 194.8238 386.0468 375.0000 1.4150 1.6942 4.5186 -3.4449 1.6570 5.6377 1.6171 0.7895
Car -1 -1 -1.8138 656.6469 174.6133 734.0926 225.7961 1.5372 1.6183 3.9198 2.6794 1.6007 23.8581 -1.7040 0.7751
Car -1 -1 1.7157 479.9575 177.8205 533.8231 216.6530 1.4799 1.6450 4.0839 -4.2620 1.7013 30.0634 1.5756 0.7496
Car -1 -1 -1.7214 634.0381 175.4730 683.9706 213.5469 1.5323 1.6056 3.6598 2.0170 1.6527 31.1891 -1.6580 0.5885
Car -1 -1 -2.4955 1022.4497 194.5506 1242.0000 375.0000 1.4835 1.6060 3.7199 2.9436 1.5990 1.9604 -1.5800 0.4633
Car -1 -1 -2.3784 0.0000 178.3648 198.9214 282.4953 1.4252 1.5723 3.7343 -8.5719 1.5169 10.9662 -3.0303 0.3294
Car -1 -1 -1.3534 601.6966 173.0925 631.0486 191.6967 1.4985 1.6179 4.0673 0.5465 1.5196 60.3352 -1.3447 0.1789
Car -1 -1 -1.5447 621.0501 174.9280 652.6202 205.0329 1.5111 1.5866 3.7156 1.4306 1.6272 38.3799 -1.5082 0.1774
Car -1 -1 -0.1365 532.6013 175.9520 589.3484 196.9008 1.5350 1.6702 4.0831 -3.7432 1.7745 54.4643 -0.2052 0.1407
