Car -1 -1 -3.6203 918.4420 173.2117 1091.1852 223.8915 1.5250 1.7185 4.4636 12.2189 1.5370 22.6052 -3.1307 0.8498
Car -1 -1 -0.8435 436.1611 176.2601 539.8672 216.6315 1.4993 1.6661 4.4080 -4.9263 1.6498 29.4919 -1.0080 0.8377
Car -1 -1 -2.7885 763.9196 173.0330 840.5199 201.1523 1.4971 1.5937 3.8058 10.6458 1.5079 40.1782 -2.5317 0.7811
Car -1 -1 -3.8393 1155.1154 168.7230 1242.0000 212.7518 1.4937 1.6613 4.1948 21.8197 1.3539 25.3224 -3.1340 0.6609
Car -1 -1 -3.5673 912.4977 172.3524 1052.4302 214.7317 1.4607 1.6395 4.1349 13.1734 1.4438 25.7723 -3.0998 0.5222
Car -1 -1 -1.4636 572.8533 177.8982 605.3190 203.2214 1.4149 1.5577 3.5844 -1.2382 1.7281 42.8955 -1.4928 0.5165
Car -1 -1 -2.3152 650.8782 168.7811 720.6521 200.9162 1.9273 1.8153 4.4928 4.6972 1.6834 45.6127 -2.2136 0.4149
Car -1 -1 2.2930 1130.6659 168.7740 1242.0000 206.7523 1.4472 1.6101 4.0717 23.0879 1.2921 28.6406 2.9662 0.2565
Car -1 -1 1.9090 425.3785 177.2655 467.3831 200.5306 1.4824 1.5788 3.8454 -11.0288 1.7930 48.7334 1.6873 0.1677
Car -1 -1 -1.2141 372.3038 176.7694 419.7511 202.2467 1.5496 1.6344 4.0131 -13.7798 1.8138 46.5738 -1.5005 0.1517
