Pedestrian -1 -1 1.7947 82.9923 162.8876 135.6768 262.5629 1.8213 0.6347 0.8981 -9.5507 1.6395 13.7152 1.1953 0.7774
Car -1 -1 -1.8339 704.1387 182.2776 809.3450 251.7747 1.5376 1.6316 3.9450 3.5838 1.8067 18.5404 -1.6469 0.8855
Car -1 -1 -1.7440 674.0087 184.5916 743.0984 232.9098 1.4422 1.6127 4.1847 3.2302 1.8789 24.6940 -1.6163 0.8448
Car -1 -1 2.1247 140.6712 181.7614 321.9671 254.6230 1.4443 1.7071 4.4023 -8.7700 1.6840 17.1208 1.6572 0.8296
Car -1 -1 1.8617 415.7188 179.9478 471.1364 213.1436 1.5082 1.6192 3.8674 -8.1872 1.8781 35.6086 1.6369 0.7720
Car -1 -1 1.9660 267.6073 181.3006 380.2962 236.1939 1.4466 1.6534 4.1867 -8.5190 1.7267 21.7765 1.5968 0.6208
Car -1 -1 -1.6656 667.5569 183.7361 712.5898 221.4254 1.4359 1.5341 3.5045 3.2625 1.9192 30.2631 -1.5600 0.5491
Car -1 -1 2.5402 0.0000 181.8862 119.0879 375.0000 1.4816 1.6218 4.1040 -7.3256 1.5979 7.0880 1.7572 0.3740
Car -1 -1 1.8575 456.7902 180.6131 502.7140 208.7460 1.4821 1.5585 3.8060 -7.3924 1.9454 41.0752 1.6801 0.3317
Car -1 -1 1.4235 654.6705 184.1337 697.0634 216.7332 1.4248 1.4968 3.6322 3.0752 1.9964 34.6769 1.5106 0.1543
