Pedestrian -1 -1 -1.3549 690.4401 132.9218 778.1208 347.5376 1.8202 0.6185 0.9574 1.1671 1.4184 6.5514 -1.1847 0.6931
Pedestrian -1 -1 -1.9518 760.8942 127.4990 862.2212 338.5990 1.8522 0.5947 0.9587 1.8783 1.3889 6.7099 -1.6888 0.6733
Pedestrian -1 -1 1.3161 447.0602 158.8175 471.0839 211.4114 1.7855 0.6556 0.7187 -5.0820 1.0509 24.4648 1.1157 0.1990
Pedestrian -1 -1 -1.9064 944.3854 134.5331 992.2729 229.1212 1.7818 0.5900 0.8033 7.0108 0.9175 13.7498 -1.4423 0.1648
Cyclist -1 -1 -0.5101 917.6722 136.9055 1021.4018 227.5944 1.7314 0.5659 1.7523 7.0651 0.9007 13.8154 -0.0448 0.5882
Cyclist -1 -1 1.8576 166.7682 166.2451 201.3389 220.2647 1.8474 0.5555 1.8159 -14.9650 1.3614 25.1235 1.3277 0.3669
Cyclist -1 -1 -0.0640 615.2278 150.7022 696.1415 225.8230 1.7288 0.5619 1.8559 1.1316 1.0446 16.5521 0.0049 0.1396
Cyclist -1 -1 2.2495 992.1229 141.8918 1065.4841 208.3337 1.7269 0.6970 1.8440 11.3692 0.7250 19.0225 2.7827 0.1322
Car -1 -1 1.9939 0.0000 182.5854 46.2268 294.4763 1.5138 1.6690 4.1238 -11.3124 1.5570 11.8637 1.2474 0.2766
Car -1 -1 -1.2191 113.5753 181.3849 185.7189 215.5800 1.3716 1.4791 3.4621 -19.4427 1.4133 30.2983 -1.7831 0.1473
Car -1 -1 1.6123 598.4379 161.6859 630.7145 189.8222 1.4084 1.5470 3.6034 0.5323 0.4681 37.2303 1.6284 0.1162
