Pedestrian -1 -1 2.0520 832.8972 162.7395 926.2922 353.3112 1.7628 0.6114 0.7056 2.6906 1.5759 6.9981 2.4050 0.2347
Cyclist -1 -1 -2.9101 788.3497 162.4958 998.9124 359.1591 1.7309 0.6015 1.8399 2.7826 1.5509 6.9824 -2.5454 0.4407
Car -1 -1 -0.1781 757.7259 167.2434 1020.6559 265.5629 1.7061 1.7814 4.3969 5.2054 1.4322 13.5386 0.1825 0.8720
Car -1 -1 1.9909 342.5464 184.3626 423.0268 221.4005 1.4190 1.6140 4.1792 -9.0626 1.4764 29.4063 1.6966 0.8027
Car -1 -1 -1.5947 675.5436 180.7767 711.1130 212.4460 1.3919 1.5475 3.8061 4.1632 1.2907 33.0426 -1.4689 0.6241
Car -1 -1 -1.5008 613.9350 179.5627 650.8182 210.5011 1.4323 1.5631 3.3851 1.4684 1.2695 34.5000 -1.4570 0.5901
Car -1 -1 1.8576 433.7995 182.5504 480.0123 208.9428 1.4148 1.5452 3.7420 -8.1705 1.3863 39.8308 1.6585 0.5502
Car -1 -1 -0.5232 744.4025 174.3947 901.0292 239.2498 1.6271 1.6636 3.6739 5.8188 1.4099 18.9606 -0.2287 0.4892
Car -1 -1 1.9740 385.6992 183.7590 454.5890 214.5597 1.3908 1.6273 4.3976 -8.7838 1.4259 34.3184 1.7273 0.4669
Car -1 -1 1.8910 463.6407 179.7176 505.6436 204.1686 1.5050 1.5606 3.7392 -7.5532 1.2976 45.4865 1.7292 0.4167
Car -1 -1 -0.2022 727.0778 178.9508 853.9448 222.2676 1.4787 1.6318 4.0945 6.5408 1.3381 25.0517 0.0516 0.2432
