Pedestrian -1 -1 2.1641 763.3132 170.4728 827.4316 298.2419 1.6969 0.5618 0.7120 2.6319 1.5305 9.8311 2.4188 0.2351
Cyclist -1 -1 -2.8196 732.3530 165.5840 867.8083 295.9368 1.6949 0.5522 1.7410 2.6908 1.4684 9.8958 -2.5610 0.4415
Car -1 -1 -1.5026 596.6315 175.2302 635.6191 208.3220 1.4594 1.5773 3.5793 0.6514 1.1133 33.0315 -1.4814 0.7874
Car -1 -1 -0.1311 720.3720 166.3778 924.4128 243.6511 1.6747 1.7528 4.3415 4.9191 1.3135 16.5187 0.1545 0.7600
Car -1 -1 -1.5379 660.4560 174.8278 694.3621 204.8008 1.4402 1.5883 3.9437 3.8323 1.0436 36.0322 -1.4312 0.6431
Car -1 -1 1.8970 354.4834 177.4322 419.4859 211.7110 1.4552 1.6140 3.9680 -9.7060 1.2156 32.0238 1.6072 0.6416
Car -1 -1 1.9036 433.1783 175.2164 479.3932 201.1046 1.4833 1.5720 3.7461 -8.7497 1.0324 42.4669 1.7036 0.5382
Car -1 -1 1.9644 392.9893 175.8532 456.3390 205.9904 1.4822 1.6495 4.3878 -9.2606 1.1267 37.0638 1.7233 0.4666
Car -1 -1 1.8996 459.7584 173.4055 502.4096 196.8819 1.5339 1.6140 4.1475 -8.2680 0.9012 48.3696 1.7332 0.2698
Car -1 -1 -0.5367 714.6816 172.0527 846.5269 227.0585 1.5980 1.6320 3.6282 5.4379 1.2782 21.8438 -0.2946 0.2555
Car -1 -1 -0.1915 702.2188 174.3619 810.7774 213.0100 1.4772 1.6032 3.9422 5.9675 1.1443 27.8588 0.0187 0.2549
Car -1 -1 -0.4656 700.5703 174.1948 789.7500 206.9179 1.4708 1.5745 3.7806 6.6178 1.0715 33.0362 -0.2681 0.2106
Car -1 -1 1.9283 478.5098 174.5858 517.8505 194.9329 1.4678 1.6054 4.0420 -7.8069 0.8543 53.1486 1.7851 0.2054
