Pedestrian -1 -1 1.3959 940.7922 158.1131 972.1028 223.6817 1.7773 0.6302 0.9059 9.5814 1.3781 20.0748 1.8351 0.4517
Pedestrian -1 -1 -0.7142 826.0090 165.5444 856.3467 214.0651 1.7026 0.6252 0.8239 8.2096 1.4464 25.7662 -0.4095 0.2112
Car -1 -1 2.1148 0.0000 201.6133 307.9377 361.8742 1.4070 1.6139 4.1189 -5.5659 1.8542 9.1406 1.5802 0.9066
Car -1 -1 -0.2721 714.3802 178.4100 896.5068 236.5714 1.4723 1.7292 4.4042 5.0884 1.6286 19.3427 -0.0193 0.8923
Car -1 -1 1.9708 253.3135 195.1599 402.4174 279.5561 1.3925 1.5110 3.6082 -5.6185 1.9042 14.7043 1.6112 0.8165
Car -1 -1 2.5769 806.2612 191.2420 1242.0000 358.7585 1.4663 1.6624 4.3021 4.3638 1.6811 7.4665 3.0876 0.8156
Car -1 -1 -0.2831 674.7854 179.6762 800.6544 222.5084 1.4779 1.6671 4.2174 4.5610 1.7370 26.3012 -0.1140 0.7808
Car -1 -1 1.8515 397.8325 188.7643 479.9840 236.5565 1.3950 1.6129 4.2049 -5.7677 1.9857 24.6262 1.6232 0.7402
Car -1 -1 -0.3574 661.1671 179.9062 757.5620 216.0268 1.4802 1.5970 3.8162 4.2379 1.7977 31.2387 -0.2244 0.4361
Car -1 -1 -0.3547 647.8057 179.4812 716.4445 205.5941 1.4644 1.5751 3.6874 4.1823 1.8647 42.3159 -0.2574 0.3694
Car -1 -1 -0.5355 672.9251 179.6863 773.7570 219.5581 1.4796 1.5669 3.6755 4.4592 1.7649 28.6715 -0.3834 0.2530
Car -1 -1 2.8065 649.4238 179.4435 750.1360 213.4381 1.5147 1.6858 4.3903 4.1595 1.8369 33.9396 2.9268 0.1996
Car -1 -1 0.5427 991.5092 218.2359 1242.0000 375.0000 1.3742 1.5271 3.9473 3.8994 1.7253 3.4787 1.3427 0.1812
