Pedestrian -1 -1 0.4394 1001.6359 163.8311 1072.7920 265.8067 1.7873 0.6161 0.9412 7.8644 1.4968 12.9495 0.9759 0.8862
Pedestrian -1 -1 0.4398 1071.2045 164.9179 1142.9340 261.0965 1.7584 0.5883 0.9573 9.5213 1.4751 13.4831 1.0451 0.8475
Pedestrian -1 -1 0.0252 1135.3809 164.8320 1208.5070 270.9442 1.7871 0.6055 0.9855 9.9305 1.5249 12.4496 0.6876 0.7787
Pedestrian -1 -1 0.0828 1098.9385 170.6583 1158.3950 276.7281 1.6417 0.5311 0.7345 8.3838 1.4910 11.3785 0.7061 0.6647
Pedestrian -1 -1 0.0391 1148.0132 162.4770 1224.0000 275.9014 1.7799 0.6057 0.9822 9.5393 1.4987 11.6408 0.7138 0.5402
Pedestrian -1 -1 -0.6468 505.5458 167.4754 534.4830 214.5985 1.7748 0.6128 0.9209 -3.2889 1.2858 27.1647 -0.7641 0.4063
Pedestrian -1 -1 0.2757 1006.1852 166.5498 1066.6368 260.7790 1.7654 0.5439 0.8926 8.3458 1.5056 13.7525 0.8125 0.3097
Pedestrian -1 -1 1.9960 417.8958 166.2035 445.5146 218.4297 1.8252 0.6312 0.9228 -6.2020 1.3271 25.2178 1.7595 0.2571
Pedestrian -1 -1 -1.3705 112.7634 161.9230 145.5963 227.7616 1.7839 0.6059 0.7960 -13.2407 1.2821 19.6349 -1.9544 0.2185
Pedestrian -1 -1 2.0315 384.4250 167.9820 404.8483 205.0830 1.7641 0.6460 0.8188 -10.1506 1.1704 34.0746 1.7463 0.1416
Car -1 -1 -2.1338 926.8557 182.3788 1009.9343 215.6960 1.4135 1.5419 3.8285 16.4223 1.5058 32.1934 -1.6646 0.5744
Car -1 -1 -2.3064 1131.6664 182.8751 1224.0000 216.9719 1.4467 1.5392 3.5332 26.0133 1.5619 32.0534 -1.6280 0.4559
Car -1 -1 1.0479 989.1006 183.8102 1077.9327 219.1107 1.4961 1.6284 4.1073 19.5003 1.6590 32.4149 1.5866 0.3124
Car -1 -1 -1.9796 875.6490 180.8101 946.0571 215.3503 1.4852 1.6029 3.6767 13.8529 1.5016 32.2730 -1.5762 0.2683
Car -1 -1 -1.5292 606.4070 177.0981 632.3828 200.4459 1.4355 1.5192 3.3463 0.9480 1.2277 45.1845 -1.5067 0.2105
