Pedestrian -1 -1 1.0985 508.6195 157.6460 560.3369 256.8474 1.8158 0.6333 0.9196 -1.3973 1.3991 13.4953 0.9996 0.8972
Pedestrian -1 -1 0.4144 858.3822 144.8287 968.7063 325.1166 1.8654 0.6341 0.9561 3.3787 1.4980 7.8751 0.8070 0.8478
Pedestrian -1 -1 0.5181 881.4194 142.6698 989.7158 313.8174 1.8920 0.6319 0.9822 3.8614 1.4755 8.3943 0.9368 0.8237
Pedestrian -1 -1 1.6800 227.2270 158.9703 250.5697 212.2516 1.8538 0.6590 0.6995 -12.9879 1.1062 25.0387 1.2086 0.2432
Pedestrian -1 -1 1.5297 344.4581 162.3794 358.6767 201.0949 1.9193 0.6457 0.7124 -12.7421 1.0224 35.4980 1.1897 0.1855
Pedestrian -1 -1 1.5700 252.3035 158.6715 272.5093 211.3279 1.8568 0.6451 0.6274 -12.3091 1.0886 25.3490 1.1247 0.1453
Pedestrian -1 -1 1.6103 275.8088 160.9408 296.0039 212.7467 1.8455 0.6381 0.6754 -11.5831 1.1503 25.6143 1.1921 0.1418
Car -1 -1 -2.2390 1029.3213 183.0306 1154.5308 228.7008 1.4148 1.5380 3.6637 16.3397 1.5090 23.9914 -1.6458 0.7784
Car -1 -1 -2.0999 957.7493 180.6803 1065.1028 227.2648 1.4752 1.5899 3.5403 13.7404 1.4833 24.1814 -1.5872 0.7231
Car -1 -1 0.9354 1098.9523 182.5310 1224.0000 229.6162 1.4841 1.6169 3.9862 19.2333 1.5617 24.4670 1.5968 0.7199
Car -1 -1 -1.5383 602.6591 176.3467 633.7510 203.8423 1.3706 1.5113 3.5474 0.7178 1.1650 37.0511 -1.5174 0.5457
Car -1 -1 1.7708 424.5558 162.9759 505.4359 224.6571 1.7985 1.7181 4.2434 -4.4148 1.2891 22.7442 1.5835 0.2955
