Pedestrian -1 -1 0.4338 314.4699 181.0322 373.5853 294.7043 1.6775 0.6627 0.6287 -4.1161 1.8072 11.0533 0.0843 0.1411
Pedestrian -1 -1 1.7754 1030.6973 150.3734 1072.3269 241.1307 1.7774 0.5839 0.7611 8.8903 1.3375 14.6055 2.3129 0.1349
Pedestrian -1 -1 -1.6590 935.2960 154.1720 972.7441 239.6072 1.7970 0.6607 0.7557 7.3964 1.4044 15.6412 -1.2251 0.1206
Cyclist -1 -1 2.0404 292.6952 183.6384 380.7618 303.5848 1.6450 0.5108 1.7369 -4.1487 1.8224 10.9453 1.6853 0.4536
Car -1 -1 2.0935 0.0000 206.0294 392.2956 375.0000 1.4098 1.6786 4.4575 -3.4028 1.7869 5.9459 1.5919 0.7895
Car -1 -1 1.8593 375.5869 190.1148 459.0525 244.7346 1.5121 1.5830 3.6607 -6.0839 2.1070 22.9989 1.6028 0.7535
Car -1 -1 -1.1268 195.3512 195.8996 378.3914 293.5750 1.4897 1.6392 3.9716 -6.0619 2.0008 13.9713 -1.5299 0.5234
Car -1 -1 1.8052 468.2618 189.1726 515.2037 217.9352 1.4312 1.6469 4.3261 -6.6277 2.4008 40.6346 1.6440 0.3195
Car -1 -1 -0.4661 880.9313 161.8718 941.1613 183.6766 1.5673 1.6310 3.7340 21.9799 0.7783 52.8116 -0.0738 0.1510
Car -1 -1 1.7252 516.0344 184.4939 542.3361 204.1125 1.4815 1.5656 3.7743 -6.5629 2.4595 58.6793 1.6139 0.1268
