Cyclist -1 -1 -1.8775 676.0255 171.0510 703.9458 215.4828 1.7446 0.5566 1.9562 3.1936 1.6741 29.3417 -1.7708 0.5072
Car -1 -1 -1.3779 504.3282 180.4931 561.8658 220.6704 1.4739 1.6027 3.8693 -3.0830 1.8048 29.2235 -1.4826 0.7971
Car -1 -1 1.8386 263.2110 183.2372 334.1146 227.2653 1.5493 1.6171 3.6907 -12.1335 1.9840 28.2391 1.4358 0.7723
Car -1 -1 -0.6210 974.1420 152.9187 1242.0000 280.8676 1.7660 1.7542 4.2192 7.9685 1.4912 10.8339 -0.0003 0.6621
Car -1 -1 2.1288 157.7518 186.1083 261.7075 228.0175 1.4651 1.6612 4.1330 -15.8021 2.0309 28.6679 1.6287 0.6331
Car -1 -1 -1.7105 671.9426 176.1792 714.0958 208.7262 1.5235 1.5982 3.4947 4.0432 1.6975 35.9043 -1.5999 0.5990
Car -1 -1 1.9772 360.5982 182.9922 406.0593 207.5133 1.4833 1.5205 3.6191 -14.7667 2.1716 47.0762 1.6745 0.3877
Car -1 -1 -1.3600 524.7060 177.6479 571.6807 210.5404 1.5654 1.6301 3.8286 -3.1417 1.8244 36.9210 -1.4448 0.2615
Car -1 -1 -0.1998 727.4054 173.0982 779.1486 189.8042 1.3931 1.5627 4.0577 12.0593 1.4143 60.9802 -0.0057 0.2565
Car -1 -1 1.8338 544.3213 176.7446 589.4221 204.7016 1.5849 1.6893 4.2328 -2.5900 1.8334 43.7691 1.7746 0.1733
Car -1 -1 2.0071 429.8639 179.0276 463.5034 196.6727 1.5044 1.5416 3.6705 -14.6596 2.0763 64.8422 1.7853 0.1618
