Pedestrian -1 -1 3.2117 462.9363 176.2863 494.8326 249.3937 1.6898 0.6606 0.6990 -3.1448 1.7731 17.0758 3.0315 0.2923
Car -1 -1 -1.9498 745.7440 177.1148 1007.5416 331.1497 1.5010 1.6234 3.9580 2.9902 1.5675 9.1747 -1.6453 0.9124
Car -1 -1 -1.7591 670.8628 181.0737 765.5448 247.6619 1.4678 1.6093 4.1361 2.5979 1.7033 18.5299 -1.6229 0.8661
Car -1 -1 2.2599 0.0000 200.8148 130.2949 254.3368 1.4380 1.6896 4.4013 -18.3408 2.4530 23.9492 1.6116 0.8063
Car -1 -1 2.0813 217.9964 194.3804 293.9830 226.5308 1.4191 1.6503 4.1585 -17.9940 2.5812 36.8137 1.6292 0.7564
Car -1 -1 -1.6363 634.2995 182.2312 672.5984 215.0214 1.4468 1.5849 3.7872 2.0083 1.9244 34.8208 -1.5798 0.6897
Car -1 -1 -1.7320 651.6987 181.5821 723.8074 231.2566 1.4605 1.6885 4.4087 2.4617 1.7815 24.2554 -1.6329 0.6487
Car -1 -1 2.0247 124.9919 197.5868 211.5199 239.9946 1.5225 1.5826 3.7499 -18.3558 2.6212 30.1015 1.4807 0.3848
Car -1 -1 2.2154 291.7015 190.6174 358.6616 217.4155 1.4876 1.6404 4.3356 -17.8747 2.6629 45.4181 1.8420 0.2737
Car -1 -1 1.9259 311.8249 182.6923 374.7467 219.5494 1.8329 1.8001 4.3494 -14.4399 2.3978 39.2203 1.5749 0.2563
Car -1 -1 1.6933 610.2972 180.6706 639.8092 204.1929 1.4999 1.5668 3.8174 1.0360 2.0564 49.3366 1.7137 0.2376
