Car -1 -1 -1.8127 735.6677 181.7956 916.1073 303.4856 1.4290 1.5681 3.8752 2.9071 1.5862 10.7060 -1.5556 0.8929
Car -1 -1 -1.6720 671.7952 176.3054 731.6118 225.8894 1.5075 1.5949 3.5536 2.9279 1.6311 23.9739 -1.5527 0.8159
Car -1 -1 -2.2975 380.5225 185.2798 538.4896 250.8741 1.4038 1.5671 4.0172 -3.8550 1.7447 17.9515 -2.5067 0.7702
Car -1 -1 2.0381 214.5926 188.3490 333.5151 244.2101 1.5927 1.7494 4.4735 -11.0856 2.1594 24.0991 1.6107 0.6949
Car -1 -1 1.0332 278.1294 193.3468 493.9124 297.9160 1.3707 1.5906 4.0828 -3.9441 1.7721 12.1683 0.7253 0.6689
Car -1 -1 1.2197 0.0000 203.9735 319.3163 375.0000 1.3648 1.4722 3.5182 -4.2550 1.7080 6.2996 0.6445 0.6654
Car -1 -1 0.6231 430.2464 183.1326 552.4488 229.1005 1.3823 1.5444 3.8113 -3.9918 1.7453 23.9184 0.4589 0.4618
Car -1 -1 -1.6128 644.3716 169.7131 680.0988 206.4402 1.8114 1.6782 3.8731 2.6326 1.6568 37.5420 -1.5438 0.4238
Car -1 -1 2.6278 487.5377 177.5984 570.7210 210.6447 1.4860 1.5942 3.6603 -3.8986 1.7256 34.6544 2.5161 0.4237
Car -1 -1 2.2624 0.0000 200.8732 102.7911 317.1562 1.4537 1.6486 4.1190 -10.7920 2.0048 12.1001 1.5449 0.1670
