Pedestrian -1 -1 2.2604 354.9490 172.7016 409.5203 266.8380 1.7231 0.5843 0.8451 -4.3681 1.7206 13.7058 1.9567 0.6194
Pedestrian -1 -1 3.3986 367.0992 169.1474 410.2674 258.8376 1.8101 0.5531 0.7328 -4.5977 1.7356 14.8495 3.1027 0.4230
Pedestrian -1 -1 1.3342 334.9084 168.1337 374.5887 265.2352 1.8288 0.5842 0.6851 -5.0202 1.7403 14.0333 0.9959 0.4020
Cyclist -1 -1 1.3446 1203.6459 142.7686 1242.0000 264.9227 1.6874 0.5264 1.7706 9.4686 1.2722 10.8718 2.0475 0.2961
Cyclist -1 -1 -1.8009 629.1439 175.2255 647.6617 209.3798 1.7074 0.5431 1.8391 1.4146 1.8330 37.1538 -1.7637 0.1248
Car -1 -1 2.0714 90.4133 182.9796 340.8922 315.3877 1.5759 1.6102 3.7523 -5.6218 1.7541 10.7741 1.6000 0.8327
Car -1 -1 -1.3789 457.8932 179.6932 518.0602 221.6308 1.5522 1.6514 4.1903 -4.9465 1.8524 29.5098 -1.5441 0.8049
Car -1 -1 1.8396 361.6002 186.8627 459.8319 251.0552 1.4396 1.5315 3.6727 -5.1232 1.8412 18.8230 1.5768 0.7915
Car -1 -1 1.7885 489.1850 180.2594 539.5897 214.4312 1.5047 1.5891 3.9237 -4.5673 1.8817 34.6694 1.6580 0.4454
Car -1 -1 -2.6480 846.3969 162.4901 1132.2816 280.3162 1.5685 1.6108 3.7398 5.8346 1.4309 11.5917 -2.1925 0.1359
