Car -1 -1 -1.2750 286.7731 186.1293 504.0554 325.4393 1.4465 1.6223 4.3050 -2.7345 1.6726 10.0855 -1.5342 0.8998
Car -1 -1 -1.8966 759.0824 179.6966 924.6575 279.9725 1.6384 1.7178 4.3981 4.3045 1.7958 14.3230 -1.6114 0.8700
Car -1 -1 2.0292 221.0286 177.9389 334.6990 225.7915 1.4636 1.7564 4.4007 -11.2770 1.6543 24.7696 1.6057 0.8146
Car -1 -1 2.1195 118.5115 177.8534 238.2740 224.4466 1.4806 1.6704 4.1926 -15.1207 1.6723 25.4899 1.5884 0.8038
Car -1 -1 -1.3738 423.0711 183.4228 524.9702 258.6233 1.4492 1.5600 3.5895 -2.9812 1.7137 16.2185 -1.5535 0.7984
Car -1 -1 -0.7232 1031.1930 191.5002 1242.0000 259.2766 1.4864 1.7043 4.0657 12.6305 1.9657 17.4683 -0.1059 0.6850
Car -1 -1 -1.4874 514.7824 180.6579 563.0023 222.4207 1.5369 1.6224 3.9530 -2.8614 1.8755 29.2805 -1.5846 0.6727
Car -1 -1 -1.4432 469.8886 174.0774 542.7169 240.5600 1.7688 1.6419 3.7334 -2.9908 1.8082 21.1401 -1.5828 0.6637
Car -1 -1 1.3053 663.1768 184.4864 708.8276 212.7224 1.4011 1.5197 3.8213 4.0659 2.0702 39.4659 1.4065 0.5587
Car -1 -1 2.3123 0.0000 172.4962 94.7897 248.8718 1.5725 1.7025 4.3290 -14.6779 1.5654 17.0481 1.6091 0.5012
Car -1 -1 -0.7977 0.0000 177.6879 359.0646 375.0000 1.5191 1.6431 4.0717 -2.7193 1.5530 2.9235 -1.5029 0.4339
