Pedestrian -1 -1 1.1858 746.6375 126.1228 832.1678 294.8663 1.9009 0.6640 0.9813 2.1405 1.2900 8.4933 1.4259 0.9235
Pedestrian -1 -1 1.1640 664.4357 131.7001 752.8749 304.9842 1.8593 0.6692 0.9733 1.1206 1.3374 8.1404 1.2976 0.9173
Pedestrian -1 -1 1.3527 599.9745 132.3422 644.4161 244.8506 1.9159 0.5883 0.9824 0.2485 1.0975 12.5748 1.3741 0.8064
Pedestrian -1 -1 -1.9951 1068.3850 123.9209 1209.8722 347.4200 1.7596 0.6181 0.9426 4.4940 1.3158 6.0826 -1.3814 0.7942
Pedestrian -1 -1 1.3730 550.9727 132.7173 595.6127 246.7809 1.9266 0.6063 0.9728 -0.6168 1.1212 12.4825 1.3270 0.7513
Pedestrian -1 -1 -2.3111 775.6891 135.8015 843.0671 252.0553 1.8089 0.5641 0.9446 3.2793 1.1151 11.5456 -2.0395 0.7222
Pedestrian -1 -1 1.3860 524.5992 138.5932 562.2997 236.6139 1.8958 0.6025 0.8722 -1.2851 1.0869 14.1707 1.2997 0.5725
Pedestrian -1 -1 -0.0384 484.5442 142.3297 527.6926 252.2470 1.7556 0.6825 0.6809 -1.6884 1.1476 11.6835 -0.1760 0.5587
Pedestrian -1 -1 2.6717 452.0869 144.9196 496.4246 236.3277 1.7813 0.6351 0.6625 -2.6753 1.0896 14.2269 2.4919 0.2848
Pedestrian -1 -1 1.3751 558.6360 137.6130 595.2620 233.9265 1.8921 0.5784 0.9080 -0.6227 1.0512 14.3939 1.3349 0.1601
Pedestrian -1 -1 1.9770 352.3798 148.8825 380.4089 207.5080 1.8716 0.6479 0.6711 -7.7643 0.8638 22.9299 1.6568 0.1248
Cyclist -1 -1 -1.8517 449.6416 144.3421 500.7017 234.9925 1.7129 0.5527 1.7423 -2.6848 1.0313 14.2587 -2.0316 0.2806
