Pedestrian -1 -1 1.2486 354.0757 160.8988 391.4725 239.0024 1.8171 0.5973 0.9172 -5.6257 1.3627 16.9909 0.9362 0.8050
Pedestrian -1 -1 -1.7717 217.1518 155.1158 258.7806 248.9540 1.8509 0.5812 0.9774 -7.5796 1.3519 14.5046 -2.2424 0.7461
Pedestrian -1 -1 0.8257 284.9622 159.6729 336.6091 242.2108 1.7841 0.5424 0.9810 -6.5871 1.3355 15.7321 0.4382 0.6006
Pedestrian -1 -1 1.3347 249.7108 157.3607 290.5726 249.1970 1.8651 0.5730 0.9735 -7.1124 1.3968 14.9136 0.8998 0.5721
Pedestrian -1 -1 1.1804 327.6161 159.6120 367.5021 239.5098 1.8126 0.5703 0.9317 -6.0793 1.3404 16.5727 0.8368 0.5549
Pedestrian -1 -1 1.6760 307.1430 159.4007 332.2280 217.8440 1.8206 0.6504 0.8668 -9.1138 1.1649 22.5253 1.2984 0.2998
Car -1 -1 -2.9956 656.1215 178.5016 815.5952 231.2388 1.4342 1.7041 4.4016 3.8167 1.3814 20.7373 -2.8146 0.9047
Car -1 -1 -2.2343 1027.8423 182.6608 1154.8380 228.0412 1.4081 1.5310 3.7845 16.3591 1.4891 24.0599 -1.6418 0.8346
Car -1 -1 0.9339 1098.7095 182.2921 1224.0000 228.6360 1.4620 1.6050 4.0170 19.2431 1.5307 24.4842 1.5952 0.7246
Car -1 -1 -2.0818 961.7301 180.7359 1068.0483 227.4397 1.4759 1.5861 3.5401 13.8289 1.4860 24.1298 -1.5655 0.6900
Car -1 -1 -1.5766 603.3497 175.2583 634.2076 203.3310 1.4028 1.5421 3.5836 0.7000 1.1423 37.1284 -1.5562 0.6270
