Pedestrian -1 -1 -0.4628 266.5709 163.3244 354.5927 306.6767 1.8610 0.6331 0.9352 -4.1647 1.7377 9.9247 -0.8514 0.5333
Car -1 -1 -1.8735 784.7324 182.4672 1006.5689 321.6761 1.4843 1.6104 3.9324 3.5830 1.6439 9.9568 -1.5386 0.9164
Car -1 -1 -1.7638 718.1294 186.3981 804.7110 244.1060 1.4033 1.5953 4.2407 4.1619 1.8313 20.6608 -1.5687 0.8787
Car -1 -1 -1.5436 639.7764 181.8530 673.8890 213.3330 1.4612 1.6337 4.2539 2.4085 1.9496 36.9349 -1.4796 0.6679
Car -1 -1 -1.7037 712.6698 182.4039 767.2749 223.9112 1.4829 1.6094 3.8726 5.0439 1.8885 28.6462 -1.5318 0.5871
Car -1 -1 1.4378 706.9696 180.8549 756.5034 216.8470 1.4777 1.6389 4.2838 5.4116 1.8653 32.7485 1.5995 0.1609
Car -1 -1 1.6053 691.1912 178.4471 709.6949 195.4034 1.4671 1.5491 3.7520 8.2388 1.9921 65.7050 1.7290 0.1320
Car -1 -1 1.5842 699.3641 179.5028 719.0248 198.6390 1.5029 1.5722 4.0149 8.2790 2.0776 60.2260 1.7197 0.1256
Car -1 -1 0.8160 1190.8300 177.9624 1242.0000 264.2930 1.4028 1.5442 3.9370 13.5138 1.5158 13.9271 1.5754 0.1112
Car -1 -1 1.4852 697.8878 180.4733 735.5128 211.0238 1.5714 1.7040 4.3056 5.8831 2.0217 40.4061 1.6282 0.1021
