Pedestrian -1 -1 -1.1165 833.6996 163.6200 866.0408 225.0736 1.7791 0.5774 0.9019 7.0748 1.5121 21.4109 -0.8021 0.4338
Pedestrian -1 -1 -2.6776 836.8564 162.8555 876.3046 223.5780 1.8124 0.6108 0.9733 7.5013 1.5143 22.0933 -2.3549 0.1553
Pedestrian -1 -1 -1.0921 811.4102 163.8060 844.1355 224.3320 1.7800 0.5997 0.9022 6.5215 1.5143 21.7501 -0.8051 0.1538
Pedestrian -1 -1 3.6687 7.5243 189.4082 40.3656 241.3584 1.6910 0.5668 0.6518 -19.5523 2.2502 24.0232 2.9908 0.1235
Cyclist -1 -1 -2.1626 1139.7693 148.0429 1242.0000 264.5063 1.7458 0.5429 1.8180 9.4537 1.3743 11.7398 -1.4973 0.7465
Cyclist -1 -1 -2.1167 928.9048 161.8995 988.1848 229.2911 1.7352 0.5505 1.8500 9.3484 1.4535 19.5247 -1.6765 0.6858
Car -1 -1 1.7309 489.9267 180.5501 535.7361 212.5137 1.4740 1.6438 4.1716 -4.8736 1.8851 36.3937 1.5983 0.6784
Car -1 -1 1.4367 524.9471 180.9252 553.1685 202.0888 1.4569 1.5621 3.9059 -5.3052 2.0772 53.3361 1.3376 0.2074
Car -1 -1 -0.4409 830.5272 167.0937 879.4702 183.7901 1.5450 1.6507 4.0376 22.9903 1.0123 67.8182 -0.1156 0.1428
Car -1 -1 -1.2341 805.4984 169.7750 895.1888 227.4744 1.6370 1.6054 3.4163 7.4407 1.5500 22.3120 -0.9167 0.1191
Car -1 -1 -2.2600 1089.0023 173.0666 1242.0000 278.7076 1.4243 1.4398 3.5519 9.5102 1.4286 11.5172 -1.5827 0.1016
