Car -1 -1 -1.8645 729.3900 186.4348 984.5099 349.5383 1.4246 1.5896 4.2298 2.5811 1.6304 8.7828 -1.5890 0.9243
Car -1 -1 -1.7359 674.3965 179.2415 757.1747 239.3289 1.4659 1.5944 4.0443 2.7823 1.6622 20.0806 -1.6011 0.8502
Car -1 -1 3.1838 0.0000 180.4624 352.4857 328.0543 1.5590 1.6665 4.0358 -5.6823 1.6770 9.4716 2.6553 0.8058
Car -1 -1 -0.3971 414.5599 178.8497 530.2626 221.2274 1.5088 1.6729 4.0870 -5.3535 1.7573 28.0288 -0.5846 0.7891
Car -1 -1 -1.7235 709.4300 183.0431 816.4020 268.3740 1.4320 1.5026 3.5095 2.8509 1.6597 14.3141 -1.5318 0.7758
Car -1 -1 3.1055 112.7178 180.9994 410.7673 287.1466 1.5045 1.6657 4.2626 -5.7585 1.6618 12.1931 2.6721 0.7039
Car -1 -1 2.7016 446.7433 178.5002 543.9656 213.1398 1.4944 1.6315 4.1712 -5.3410 1.7720 33.5753 2.5446 0.7024
Car -1 -1 3.2576 0.0000 187.8449 237.8674 375.0000 1.4719 1.6241 3.8755 -5.6870 1.6441 6.5267 2.5608 0.7005
Car -1 -1 -1.6414 658.5684 178.4877 699.0578 213.9328 1.4571 1.5294 3.4532 2.9586 1.7206 31.9547 -1.5505 0.6745
Car -1 -1 2.7163 474.9537 176.1079 559.7050 208.1739 1.6535 1.7254 4.2627 -5.0781 1.8400 39.4331 2.5886 0.3212
Car -1 -1 -1.6384 640.5008 174.7892 673.7456 203.0045 1.5937 1.6868 4.2687 2.7380 1.7156 43.1848 -1.5760 0.2312
