Pedestrian -1 -1 2.1561 454.3632 171.3743 498.6604 246.3848 1.7755 0.6403 0.9631 -3.3042 1.7408 17.6446 1.9729 0.7136
Car -1 -1 1.9074 307.0889 178.5782 460.6985 267.5456 1.6525 1.8209 4.4719 -4.8217 1.7976 15.9683 1.6180 0.8107
Car -1 -1 1.7129 483.7609 179.8268 526.5026 211.3252 1.4992 1.6205 4.1016 -5.3979 1.8799 37.3001 1.5697 0.6331
Car -1 -1 1.0104 276.9396 180.3139 369.8107 220.8422 1.3963 1.5301 3.6832 -10.8757 1.6954 27.1898 0.6330 0.5575
Car -1 -1 -2.4851 0.0000 189.4195 209.0115 292.8400 1.4361 1.5933 3.9913 -8.6496 1.7094 11.0820 -3.1364 0.4985
Car -1 -1 1.8610 426.6354 183.8525 498.0764 228.7147 1.4518 1.5205 3.7854 -5.3279 1.8823 26.2601 1.6622 0.4169
Car -1 -1 -2.3329 0.0000 197.3016 119.2489 333.8311 1.4250 1.5991 4.0358 -8.5379 1.7525 8.7522 -3.0907 0.4094
Car -1 -1 2.0719 222.2068 178.6225 310.0739 216.5159 1.4759 1.6119 4.0867 -14.6116 1.7394 30.8256 1.6323 0.2550
Car -1 -1 -2.7641 304.1821 168.7328 370.3589 193.6269 1.7089 1.7034 3.9785 -19.0488 1.4263 50.4151 -3.1238 0.2436
Car -1 -1 0.5687 112.9649 191.2946 315.4564 258.7256 1.3757 1.5576 3.7250 -8.8132 1.8119 16.1356 0.0754 0.2073
