Pedestrian -1 -1 1.6575 1074.9642 147.5531 1120.4829 250.9967 1.8257 0.6263 0.9652 8.9491 1.3795 13.3045 2.2389 0.8268
Pedestrian -1 -1 0.2616 997.1821 152.7246 1063.0084 254.6383 1.7984 0.5874 0.9300 7.6676 1.4435 13.2647 0.7756 0.7463
Pedestrian -1 -1 1.3755 17.4657 185.0737 51.8649 249.7350 1.6495 0.5773 0.7569 -15.2370 1.9803 19.0450 0.7075 0.2884
Pedestrian -1 -1 0.9260 724.0737 171.0741 741.7076 203.7316 1.7825 0.6398 0.7458 6.7514 1.6857 39.8589 1.0921 0.2724
Pedestrian -1 -1 -3.4296 817.6141 166.4656 844.5948 210.0708 1.7341 0.5922 0.9037 8.8363 1.4804 28.9889 -3.1370 0.2518
Pedestrian -1 -1 1.5793 703.8621 171.2482 715.3174 204.1153 1.7947 0.6203 0.6885 5.4572 1.7074 39.7812 1.7141 0.1178
Cyclist -1 -1 -1.8774 798.2812 163.3882 841.0143 231.3004 1.7954 0.5727 1.9203 5.7482 1.5455 20.0415 -1.6027 0.7820
Cyclist -1 -1 2.0632 94.2518 169.0687 260.2077 374.1648 1.7335 0.5567 1.8351 -4.1616 1.7018 7.0203 1.5439 0.6711
Car -1 -1 2.3185 0.0000 196.9409 244.6432 375.0000 1.4527 1.6358 3.9374 -4.9396 1.7161 5.8563 1.6398 0.2233
Car -1 -1 -1.7816 732.6389 172.9404 758.9163 189.2606 1.5295 1.6439 4.2049 13.0731 1.5384 69.7622 -1.5975 0.1393
Car -1 -1 -1.9527 775.6711 178.5319 879.9882 236.4933 1.4257 1.5187 3.5281 5.8504 1.5974 19.9358 -1.6719 0.1080
Car -1 -1 1.6282 521.1003 180.0185 544.4230 200.0762 1.5099 1.6306 4.0806 -6.1865 2.1056 57.8750 1.5217 0.1045
Car -1 -1 -3.2066 943.0569 155.4543 1242.0000 257.5709 1.6276 1.6821 4.5022 8.6317 1.3506 13.3146 -2.6419 0.1022
