Car -1 -1 -1.9180 769.3928 188.7611 1069.4010 373.3169 1.3941 1.5332 3.8510 2.8532 1.6071 7.7108 -1.5772 0.9109
Car -1 -1 -1.6621 667.7775 176.6766 734.7332 233.6888 1.5432 1.6260 3.7916 2.6095 1.6687 21.7016 -1.5448 0.8331
Car -1 -1 -1.8380 727.1967 182.7830 875.3557 286.0868 1.4557 1.5096 3.4107 3.0167 1.6481 12.2254 -1.6028 0.8230
Car -1 -1 2.2139 0.0000 185.0902 141.8248 250.4738 1.3981 1.6523 4.3597 -14.2353 1.7481 18.4299 1.5631 0.8036
Car -1 -1 -1.5365 577.2827 173.5663 639.5958 233.5594 1.6064 1.6762 4.1657 -0.0237 1.6301 21.4768 -1.5384 0.7993
Car -1 -1 2.0411 208.0629 180.6979 295.8390 221.4639 1.4640 1.5614 3.7634 -14.0879 1.7951 28.5307 1.5858 0.7811
Car -1 -1 2.0039 283.1013 177.4241 352.8242 212.1941 1.5362 1.6169 3.8127 -13.8463 1.7664 34.3335 1.6229 0.7311
Car -1 -1 -1.5925 648.5807 176.4840 682.3251 208.5989 1.5521 1.6400 3.7981 2.7803 1.7496 37.2459 -1.5191 0.6835
Car -1 -1 1.9624 360.6010 176.1088 414.5606 201.7733 1.4787 1.6582 4.2726 -13.6230 1.6890 44.3330 1.6656 0.5515
Car -1 -1 1.5237 625.7549 175.2074 655.4480 201.4932 1.5500 1.6419 4.2344 1.8349 1.7042 45.0478 1.5636 0.1440
