Pedestrian -1 -1 -2.8538 852.6457 158.3128 918.5969 268.5022 1.8294 0.5819 0.9389 4.8170 1.4627 12.2506 -2.4863 0.5310
Pedestrian -1 -1 1.2453 806.9889 159.4293 857.6461 262.1539 1.8289 0.6192 0.9275 4.1387 1.4554 13.0542 1.5470 0.5251
Pedestrian -1 -1 0.7784 852.4006 155.2212 917.2891 256.4411 1.8517 0.6294 0.9949 5.2925 1.3909 13.5128 1.1455 0.4771
Pedestrian -1 -1 2.4716 1147.6355 171.0145 1183.6440 221.7334 1.6082 0.5041 0.7549 17.9411 1.3090 22.6685 3.1358 0.3895
Pedestrian -1 -1 -0.7069 1176.7728 168.5874 1219.8552 223.2106 1.7232 0.6077 0.8693 18.9374 1.3489 22.6104 -0.0151 0.1848
Pedestrian -1 -1 2.7695 527.4227 170.3830 547.0512 209.3167 1.6958 0.5874 0.6971 -3.0131 1.2566 31.2110 2.6760 0.1082
Cyclist -1 -1 1.5442 531.0935 171.6666 544.1518 210.5909 1.6776 0.5312 1.7616 -3.0178 1.2984 31.3750 1.4510 0.1820
Cyclist -1 -1 -0.7063 1160.9733 168.5385 1224.0000 222.6575 1.7075 0.5589 1.7459 18.8273 1.3316 22.5968 -0.0170 0.1065
Car -1 -1 -1.2742 1142.3745 180.2941 1224.0000 228.9412 1.4947 1.6118 3.5282 19.4171 1.4900 23.3671 -0.5860 0.1566
Car -1 -1 -3.3741 1161.9305 177.4380 1224.0000 259.1788 1.4517 1.6181 3.9114 13.7862 1.3990 14.2357 -2.6143 0.1114
