Pedestrian -1 -1 2.4769 325.9140 159.5639 368.7625 226.0342 1.8046 0.6510 0.9195 -7.2285 1.2378 19.7531 2.1332 0.3026
Pedestrian -1 -1 -0.2176 277.0695 166.6814 314.3683 233.2466 1.6297 0.5886 0.7521 -7.8103 1.2930 17.7637 -0.6234 0.1769
Pedestrian -1 -1 -0.3621 232.8262 167.4922 275.9671 241.2111 1.6296 0.5496 0.7344 -8.0133 1.3437 16.0803 -0.8147 0.1100
Pedestrian -1 -1 -0.2742 304.8046 160.3375 331.1486 208.0313 1.8403 0.6866 0.8061 -11.3099 1.0638 27.7945 -0.6548 0.1049
Cyclist -1 -1 -2.1228 221.7568 165.1669 287.6142 240.9899 1.6543 0.5313 1.7164 -8.0326 1.3214 16.1054 -2.5757 0.4780
Cyclist -1 -1 -1.7585 279.6976 165.6099 316.7896 235.0571 1.6655 0.5390 1.8126 -7.8014 1.3100 17.8543 -2.1621 0.4612
Cyclist -1 -1 -1.2032 202.7170 160.3337 245.8170 219.4862 1.7323 0.5184 1.8614 -11.6670 1.1433 21.6555 -1.6894 0.3886
Car -1 -1 -2.2789 1025.1577 182.3299 1157.6805 228.2340 1.4236 1.5477 3.8791 16.3811 1.4927 24.0989 -1.6865 0.8437
Car -1 -1 -2.1027 958.2528 181.8560 1065.6489 227.8053 1.4461 1.5634 3.5640 13.7388 1.4974 24.1489 -1.5896 0.6811
Car -1 -1 0.9853 1101.2310 183.0694 1224.0000 228.3908 1.4206 1.6130 4.0429 19.2581 1.5186 24.4689 1.6473 0.5970
Car -1 -1 -1.5834 603.5482 175.7447 634.0602 203.5480 1.3893 1.5247 3.4931 0.6883 1.1531 37.0785 -1.5633 0.5543
Car -1 -1 1.3100 246.9919 178.5177 345.7336 241.6506 1.4127 1.3973 3.5564 -7.8091 1.3700 17.6450 0.9018 0.1425
