Pedestrian -1 -1 0.6542 787.2800 161.1353 840.4978 246.4511 1.8084 0.6230 0.9354 4.5461 1.3996 15.5433 0.9350 0.7996
Pedestrian -1 -1 0.4911 797.8979 160.4031 848.3193 243.4076 1.8422 0.5873 0.9405 4.9634 1.3978 16.2270 0.7842 0.7361
Pedestrian -1 -1 -0.1266 861.8661 159.7800 918.7220 255.4794 1.8573 0.6141 0.9791 5.6464 1.4568 14.1344 0.2474 0.6530
Pedestrian -1 -1 1.0924 577.3096 167.6102 605.8597 222.8342 1.7497 0.5871 0.8776 -0.4707 1.3429 22.9226 1.0739 0.5409
Pedestrian -1 -1 0.2277 847.1920 158.0643 901.3574 244.0253 1.8570 0.5830 1.0285 5.9762 1.3739 15.7960 0.5844 0.4534
Pedestrian -1 -1 -0.1088 871.2949 162.6139 921.7836 258.2210 1.7740 0.5849 0.8276 5.5146 1.4438 13.5074 0.2722 0.4154
Pedestrian -1 -1 -0.1233 858.2734 156.0396 914.0086 247.5882 1.8790 0.5991 1.0224 5.8779 1.3786 14.9219 0.2464 0.3404
Pedestrian -1 -1 1.9700 386.2182 165.9032 409.0859 208.4955 1.7707 0.6277 0.8937 -8.7760 1.1653 29.8696 1.6889 0.3227
Pedestrian -1 -1 -1.2961 0.0000 159.1454 43.0555 242.8369 1.7869 0.5874 0.8471 -12.9431 1.3326 15.5965 -1.9769 0.3017
Pedestrian -1 -1 2.1116 596.5007 169.2668 616.9215 206.9969 1.8109 0.6134 0.9132 0.0711 1.2732 34.4808 2.1153 0.2107
Cyclist -1 -1 -1.3325 550.7572 169.3067 574.5104 210.6528 1.7542 0.5771 2.0289 -1.8646 1.2808 31.0431 -1.3902 0.6152
Car -1 -1 -2.2561 1120.1210 184.2618 1224.0000 217.7456 1.4203 1.6318 4.1053 26.0076 1.6058 32.5140 -1.5848 0.6825
Car -1 -1 -2.1426 926.9495 182.0531 1010.7361 215.2514 1.4094 1.5444 3.8353 16.4371 1.4859 32.1838 -1.6729 0.5668
Car -1 -1 1.0865 986.2797 182.9379 1072.0731 216.9018 1.4534 1.6432 4.1285 19.4475 1.5746 32.6543 1.6209 0.4904
Car -1 -1 -2.0300 874.1719 180.6622 948.2202 214.3094 1.4468 1.5997 3.7354 13.8870 1.4561 32.3248 -1.6263 0.3270
