Pedestrian -1 -1 1.2080 757.0170 165.4504 789.6362 228.8541 1.8094 0.6655 0.8487 4.8719 1.3815 20.6369 1.4381 0.7558
Pedestrian -1 -1 1.7252 251.5711 155.5300 280.6063 224.0331 1.8901 0.6394 0.6692 -9.5742 1.2027 19.9145 1.2852 0.2077
Pedestrian -1 -1 -0.1386 579.3587 166.7348 604.0966 211.1025 1.7438 0.6590 0.9034 -0.5574 1.2043 28.1805 -0.1564 0.1996
Pedestrian -1 -1 1.6289 221.0760 154.8005 247.9091 222.9578 1.8191 0.6034 0.7445 -10.1575 1.1347 19.3281 1.1537 0.1613
Cyclist -1 -1 -1.7093 581.7056 166.7327 602.0529 213.0925 1.7918 0.5570 1.8960 -0.5618 1.2612 28.3023 -1.7272 0.2944
Car -1 -1 -1.0553 64.8611 185.6347 462.9162 370.0000 1.4310 1.5720 3.8839 -2.8342 1.4970 6.8209 -1.4310 0.8872
Car -1 -1 -2.2388 1030.2775 182.9837 1154.6315 228.2859 1.4043 1.5246 3.6408 16.3577 1.4967 23.9886 -1.6449 0.8183
Car -1 -1 0.9141 1098.2394 183.3820 1224.0000 229.4685 1.4476 1.6087 3.9833 19.2194 1.5569 24.4482 1.5755 0.7170
Car -1 -1 -2.1069 957.6874 180.3702 1065.6982 227.1837 1.4807 1.5779 3.5604 13.7342 1.4781 24.1568 -1.5940 0.6911
Car -1 -1 -1.5876 603.2580 174.7556 634.3429 203.4855 1.4361 1.5538 3.6281 0.6809 1.1504 37.1546 -1.5677 0.6319
