Pedestrian -1 -1 1.0589 420.7365 161.9752 481.3708 270.9512 1.8457 0.6885 0.9246 -2.7433 1.4892 12.5440 0.8501 0.5197
Pedestrian -1 -1 2.4049 643.4042 168.2235 668.3377 214.1947 1.7470 0.5852 0.7670 2.0261 1.1827 27.3308 2.4797 0.3108
Car -1 -1 -1.6369 536.4243 181.4396 595.8226 232.6481 1.4150 1.5548 3.4164 -1.2070 1.3702 21.3209 -1.6911 0.8359
Car -1 -1 2.2014 64.9298 197.9944 220.8318 256.6339 1.3925 1.5899 4.0052 -12.7551 1.8557 19.8789 1.6396 0.8206
Car -1 -1 -0.6076 979.0193 155.7291 1147.6733 209.9351 1.6330 1.7161 4.2301 14.3623 0.8096 22.2361 -0.0391 0.7410
Car -1 -1 1.2444 350.3759 176.9927 452.6739 244.4197 1.7767 1.6660 4.0915 -6.0395 1.6170 20.7831 0.9671 0.6044
Car -1 -1 -1.5114 519.1456 178.9174 557.7817 212.2269 1.4754 1.5825 3.6797 -2.9865 1.2911 33.1754 -1.5987 0.5868
Car -1 -1 1.7259 567.4965 174.3386 595.7172 194.3318 1.4752 1.5883 3.7938 -1.5788 0.8294 54.1500 1.6987 0.3082
Car -1 -1 1.9149 330.5385 188.1550 390.3645 219.8046 1.4291 1.5243 3.8932 -11.7642 1.6908 34.5082 1.5907 0.2875
Car -1 -1 -0.5856 1167.1066 148.6347 1226.0000 218.6902 1.4470 1.6399 4.1949 15.4198 0.7363 15.7804 0.1797 0.2540
Car -1 -1 -1.0615 1133.3650 150.3987 1226.0000 201.8887 1.5390 1.6782 4.0037 19.1726 0.5627 22.6246 -0.3638 0.1930
