Car -1 -1 -2.1222 865.7610 179.5444 1242.0000 375.0000 1.5182 1.6801 4.4040 3.3762 1.5866 5.1272 -1.5669 0.7409
Car -1 -1 3.3156 0.0000 192.6223 241.6233 375.0000 1.4099 1.5309 3.6017 -4.8769 1.6010 5.3757 2.6032 0.4928
Car -1 -1 -1.6344 642.7661 170.0080 719.3701 243.0547 1.6227 1.6177 3.7522 1.6159 1.5598 17.9205 -1.5468 0.4577
Car -1 -1 -1.8595 419.3389 178.2290 458.4936 200.2993 1.4778 1.6171 4.1062 -12.2907 1.8785 51.5556 -2.0927 0.4212
Car -1 -1 -1.7551 383.9503 178.8229 416.8880 201.3649 1.5029 1.5874 3.7234 -14.9290 1.9435 51.1934 -2.0378 0.3345
Car -1 -1 1.4050 609.4396 178.3911 641.8129 200.2769 1.4801 1.6635 4.1533 1.0563 1.8968 52.0700 1.4247 0.2830
Car -1 -1 -1.3764 480.8996 174.8480 518.6122 201.6241 1.5716 1.6142 3.7060 -6.7870 1.7002 44.5143 -1.5272 0.2452
Car -1 -1 1.6838 263.2777 180.7009 319.6925 222.2431 1.4319 1.5497 3.7824 -12.1797 1.7553 27.6712 1.2724 0.2071
Car -1 -1 -1.5306 324.2888 177.5039 351.0495 200.4905 1.5399 1.6196 3.9691 -19.3664 1.8849 51.3380 -1.8899 0.1923
Car -1 -1 -1.3237 495.7279 177.4618 543.6196 208.3306 1.4963 1.6250 3.6384 -4.6686 1.7480 37.4471 -1.4473 0.1826
Car -1 -1 1.8661 25.6832 182.1597 109.8623 223.4575 1.4172 1.5584 3.6820 -20.7101 1.8000 27.6537 1.2278 0.1762
Car -1 -1 -0.0084 1017.4816 169.3534 1152.0275 212.4600 1.5116 1.6623 4.1122 17.6694 1.3892 27.1007 0.5641 0.1561
