Pedestrian -1 -1 1.3241 697.0823 171.1575 729.3430 239.7464 1.7714 0.6459 0.8796 2.6760 1.7279 19.1045 1.4603 0.8160
Car -1 -1 -1.1654 97.3619 182.8529 425.4587 375.0000 1.4951 1.5641 3.5299 -3.1473 1.6202 7.2250 -1.5638 0.8902
Car -1 -1 -2.0231 783.0648 194.1600 998.2521 313.1231 1.3719 1.5191 3.5729 3.9155 1.7476 10.8471 -1.6865 0.8889
Car -1 -1 -1.7889 747.0337 189.0006 861.8864 270.0098 1.4107 1.5251 3.5694 3.8723 1.7891 15.0862 -1.5434 0.8502
Car -1 -1 -1.4728 506.8543 180.1102 551.9150 217.6127 1.5124 1.6153 3.6244 -3.5171 1.8492 31.6231 -1.5832 0.7429
Car -1 -1 2.1618 0.0000 174.9060 143.5659 231.7129 1.4512 1.6016 3.8356 -15.2918 1.5155 20.5211 1.5275 0.6697
Car -1 -1 2.1256 198.7178 176.4928 284.5828 213.9185 1.4654 1.5763 3.5682 -15.4885 1.6287 30.4550 1.6584 0.5072
Car -1 -1 -1.6360 668.8959 182.8110 705.3621 212.4712 1.4160 1.6199 4.2695 3.9775 1.9715 38.0608 -1.5333 0.4769
Car -1 -1 -1.1632 534.0563 178.6454 585.2574 206.3717 1.5471 1.6452 3.9184 -2.9965 1.9118 43.2656 -1.2325 0.1650
Car -1 -1 -1.7658 722.5771 185.8902 810.2547 245.7886 1.4184 1.5913 3.9138 4.1475 1.8138 19.8995 -1.5642 0.1183
