Pedestrian -1 -1 -1.2805 700.6385 173.9775 749.2734 277.1159 1.7120 0.6099 0.8908 1.9520 1.7327 12.5189 -1.1306 0.8183
Car -1 -1 -0.8220 480.4813 182.9358 605.3250 239.3610 1.4022 1.5098 3.5514 -1.8688 1.7146 20.4618 -0.9127 0.7569
Car -1 -1 2.5813 235.0721 181.0279 337.5797 219.3182 1.4535 1.5586 3.6363 -13.4957 1.8176 30.1596 2.1635 0.5998
Car -1 -1 2.3724 419.7961 182.8535 551.3893 235.1893 1.4062 1.6138 4.0036 -3.7838 1.7443 22.2736 2.2054 0.5507
Car -1 -1 2.0077 889.5356 199.1760 1039.1951 277.9223 1.3712 1.4908 3.6626 7.6033 1.9990 15.4584 2.4563 0.5185
Car -1 -1 2.3993 374.8347 184.2227 484.4716 230.6451 1.3622 1.4523 3.4466 -5.9428 1.7682 23.9063 2.1577 0.4231
Car -1 -1 1.7275 994.8066 193.2636 1086.9629 259.0715 1.4555 1.5612 3.6735 11.3934 2.0492 19.0580 2.2587 0.3570
Car -1 -1 -1.5303 0.0000 190.4624 91.9296 288.1967 1.4824 1.5780 3.5344 -10.7355 1.8591 13.5210 -2.1919 0.2857
Car -1 -1 -1.4067 0.0000 188.5411 96.6031 266.6981 1.4849 1.5955 3.6113 -13.0053 1.8860 16.4631 -2.0676 0.1735
Car -1 -1 -0.4518 203.0297 181.2451 304.4648 217.8783 1.4555 1.5563 3.6536 -15.5082 1.8440 31.4611 -0.9067 0.1677
Car -1 -1 1.6288 1083.9240 186.2913 1138.5145 228.1207 1.5944 1.7130 4.1715 21.5853 2.2139 31.0684 2.2310 0.1429
