Pedestrian -1 -1 1.3075 904.8542 148.6407 943.3459 228.1003 1.7431 0.6295 0.6910 6.9981 1.2123 16.2112 1.7080 0.5146
Car -1 -1 -2.5474 42.4401 200.6907 323.8461 294.2995 1.4230 1.6286 3.9770 -7.3145 1.9423 12.4928 -3.0683 0.8782
Car -1 -1 -1.6904 688.4792 174.0692 756.8651 225.5433 1.4407 1.5881 3.9952 3.3417 1.4820 22.3057 -1.5443 0.8354
Car -1 -1 -2.7436 269.2721 185.5976 448.8106 245.7890 1.5292 1.7357 4.3130 -6.8362 1.8967 19.7715 -3.0729 0.8280
Car -1 -1 -1.7652 732.4163 158.2145 869.1929 269.1125 1.7552 1.6701 3.7707 3.2936 1.5238 13.3354 -1.5291 0.7755
Car -1 -1 -1.4949 610.9639 174.0939 648.1099 206.1682 1.5632 1.6450 3.6922 1.0162 1.6308 37.2318 -1.4684 0.6970
Car -1 -1 -1.6501 678.0717 172.8847 731.0386 216.1173 1.5611 1.6925 4.2939 3.5781 1.5628 28.2374 -1.5260 0.5257
Car -1 -1 -2.7904 348.8419 182.8128 475.1577 227.7586 1.4712 1.6475 3.8995 -6.8597 1.8308 25.0409 -3.0556 0.3326
Car -1 -1 -2.6194 402.4229 181.5830 503.6353 218.8962 1.4615 1.6097 3.8572 -6.6086 1.8441 30.2428 -2.8332 0.2698
Car -1 -1 -2.8901 417.0125 180.7870 517.3787 214.8263 1.4644 1.6245 4.1482 -6.4055 1.8313 32.4027 -3.0842 0.2496
