Pedestrian -1 -1 2.1243 388.5117 171.3990 414.1371 215.2262 1.8315 0.6551 0.9318 -8.9106 1.7711 30.6874 1.8436 0.3320
Pedestrian -1 -1 2.1827 374.1736 171.8744 398.5767 215.2943 1.8364 0.6579 0.8061 -9.6445 1.7954 30.9993 1.8831 0.2519
Cyclist -1 -1 -2.0819 512.4872 163.1543 563.9291 229.6928 1.7931 0.5737 1.9261 -2.0991 1.5321 20.3946 -2.1838 0.4099
Car -1 -1 -3.3648 753.3907 163.7148 861.7499 204.0938 1.6581 1.7149 4.1447 8.2577 1.2832 30.5617 -3.1037 0.6992
Car -1 -1 -0.7123 1108.3566 152.3653 1242.0000 194.2592 1.6514 1.7320 4.4548 23.0673 0.8441 29.4204 -0.0523 0.6025
Car -1 -1 -3.1299 618.4794 167.1607 726.1263 209.4792 1.7340 1.7814 4.4256 2.5981 1.5011 30.6588 -3.0467 0.5877
Car -1 -1 2.7140 867.7253 157.9514 988.4794 200.4841 1.7265 1.7337 4.2923 13.2022 1.1219 30.1939 3.1223 0.5302
Car -1 -1 -0.9041 547.7738 167.7344 615.9842 198.8482 1.6265 1.6606 3.9729 -1.5344 1.3593 39.8124 -0.9427 0.4813
Car -1 -1 -0.9564 596.9238 164.2269 668.9641 195.4463 1.6222 1.7315 4.4349 1.2919 1.1743 39.7812 -0.9245 0.4144
Car -1 -1 -3.5697 990.8282 156.0887 1128.4781 195.1091 1.5402 1.6939 4.4952 18.2932 0.8788 29.5888 -3.0206 0.2553
