Pedestrian -1 -1 0.5995 976.5145 169.2646 1042.7953 270.8619 1.7086 0.5874 0.8192 7.0348 1.5213 12.3837 1.1067 0.8673
Pedestrian -1 -1 0.7314 474.8245 170.3004 505.6768 224.4937 1.6651 0.5623 0.7789 -3.6294 1.3533 22.1663 0.5731 0.6114
Pedestrian -1 -1 -1.4753 200.5816 160.9452 228.6249 229.1106 1.8051 0.5889 0.7974 -10.6302 1.2888 19.2004 -1.9721 0.2103
Pedestrian -1 -1 -0.7114 151.6500 158.8310 191.3965 226.2782 1.7865 0.5970 0.6979 -11.7706 1.2141 19.1471 -1.2533 0.1730
Pedestrian -1 -1 0.0389 519.3547 171.4595 531.1451 196.3831 1.7495 0.5881 0.8049 -5.6271 1.1162 49.9471 -0.0708 0.1417
Pedestrian -1 -1 1.5109 427.4715 168.3217 438.8395 198.7114 1.8297 0.6285 0.7802 -10.4659 1.0978 43.0288 1.2758 0.1249
Pedestrian -1 -1 1.7731 375.1385 166.1779 393.4867 207.0448 1.8929 0.6567 0.8848 -10.3805 1.2310 33.2168 1.4747 0.1238
Cyclist -1 -1 -1.5555 561.4526 165.8327 580.2669 223.2917 1.7794 0.5778 1.9469 -1.1224 1.3268 22.8734 -1.6021 0.8201
Cyclist -1 -1 -1.4845 573.0620 167.9506 591.5236 214.0661 1.7490 0.5543 2.0145 -0.9053 1.2745 27.8314 -1.5150 0.5636
Car -1 -1 -2.2486 1121.7515 183.9527 1224.0000 217.6068 1.4295 1.6375 4.0564 26.0322 1.5995 32.4762 -1.5762 0.6608
Car -1 -1 1.3214 1002.3768 181.3282 1070.3785 216.8491 1.5191 1.6687 4.1856 19.7555 1.5614 32.5818 1.8636 0.4803
Car -1 -1 -1.5798 607.5569 176.1140 632.1894 199.3732 1.4343 1.5190 3.3940 0.9358 1.1652 45.3031 -1.5576 0.4435
Car -1 -1 -2.0085 874.6505 180.8403 947.0256 216.1564 1.5203 1.6332 3.6330 13.8680 1.5381 32.3100 -1.6051 0.3320
Car -1 -1 1.0391 928.4724 183.1274 1006.8386 217.5063 1.4604 1.5449 3.5975 16.3803 1.5882 32.1558 1.5078 0.3254
