Pedestrian -1 -1 3.0139 329.6939 173.2757 393.5414 276.5772 1.7622 0.6205 1.0019 -4.4651 1.7704 12.8097 2.6841 0.8526
Pedestrian -1 -1 2.1579 313.1813 172.2741 350.3863 236.3374 1.7675 0.6534 0.7859 -7.8909 1.7519 20.3598 1.7921 0.2762
Car -1 -1 1.8665 301.0500 185.7530 432.2396 262.1494 1.4615 1.6593 4.2775 -5.4807 1.7986 16.6803 1.5531 0.8773
Car -1 -1 -0.4043 839.7973 175.0580 1242.0000 355.2887 1.5392 1.6677 3.9137 4.4362 1.5650 7.2580 0.1256 0.8561
Car -1 -1 -0.4746 732.1221 174.8608 886.9606 229.8794 1.4848 1.6666 3.9828 5.6624 1.5465 20.7954 -0.2130 0.8090
Car -1 -1 1.8538 395.3844 184.8739 478.5858 237.9444 1.4421 1.5284 3.6685 -5.2964 1.8456 22.3232 1.6229 0.7009
Car -1 -1 -0.2884 705.3381 172.6976 836.0802 223.9810 1.5917 1.6609 3.8137 5.0977 1.5872 23.3662 -0.0769 0.6718
Car -1 -1 2.2892 0.0000 202.8497 248.0112 375.0000 1.4606 1.6518 4.2820 -5.2917 1.8209 6.4724 1.6236 0.6697
Car -1 -1 1.7402 463.5496 181.4910 512.0024 217.5138 1.4617 1.5328 3.5580 -5.3868 1.8654 31.9115 1.5738 0.5820
Car -1 -1 -3.1981 665.5957 175.4586 771.3247 212.0905 1.4857 1.6766 4.2967 4.4665 1.5996 30.4290 -3.0543 0.5545
Car -1 -1 -0.4353 791.0396 154.6894 1194.9180 296.3983 1.7447 1.7819 4.5344 4.8933 1.5214 9.8052 0.0148 0.5031
Car -1 -1 -0.0967 657.8836 173.2584 732.0524 200.4433 1.5603 1.6700 4.1727 4.9037 1.5849 42.3082 0.0174 0.4411
Car -1 -1 1.7355 484.6535 178.5493 525.6843 208.4769 1.4680 1.5391 3.7865 -5.5084 1.7836 38.0260 1.5921 0.4124
