Pedestrian -1 -1 1.4807 397.7102 162.4135 431.6261 253.2477 1.7608 0.5823 0.9116 -3.8815 1.4118 14.2288 1.2218 0.8843
Pedestrian -1 -1 1.3978 815.5979 156.2348 865.4682 261.5856 1.7797 0.6773 0.9078 4.0824 1.3714 12.4354 1.7092 0.8069
Pedestrian -1 -1 1.4690 351.1845 159.0533 387.7199 254.9540 1.8047 0.5913 0.9327 -4.6649 1.4027 13.8464 1.1528 0.7885
Pedestrian -1 -1 1.0979 317.5042 156.0549 372.0720 258.2869 1.8103 0.5970 0.9156 -4.8502 1.3791 13.0458 0.7517 0.5119
Cyclist -1 -1 -1.2953 538.6141 162.2596 598.5524 271.9209 1.7340 0.5476 1.8335 -0.6344 1.4472 12.1300 -1.3444 0.7777
Car -1 -1 -2.2337 1029.3784 182.9850 1154.6180 228.4465 1.4100 1.5302 3.6995 16.3664 1.5026 24.0294 -1.6405 0.8229
Car -1 -1 -2.1096 956.9290 181.2364 1065.6375 227.6985 1.4647 1.5785 3.5887 13.7184 1.4933 24.1568 -1.5972 0.7025
Car -1 -1 0.9323 1098.3641 183.6779 1224.0000 229.2763 1.4284 1.6061 4.0323 19.2221 1.5490 24.4610 1.5935 0.6945
Car -1 -1 -1.6661 600.5339 175.7595 636.2579 203.1953 1.3683 1.5337 3.6202 0.6471 1.1333 37.1210 -1.6471 0.6584
Car -1 -1 -1.5699 545.5823 172.0269 567.0000 192.2079 1.5380 1.6301 3.7599 -3.8282 0.8935 55.8072 -1.6362 0.2452
Car -1 -1 -1.3369 453.5897 166.6635 522.2358 214.3699 1.8150 1.8006 4.4189 -4.7497 1.2901 29.1663 -1.4948 0.1583
