Car -1 -1 -1.8011 702.7005 182.3233 857.7321 287.2672 1.4441 1.5940 4.1067 2.6489 1.6341 12.3731 -1.5962 0.9433
Car -1 -1 -1.6993 674.8766 181.7277 746.6686 235.5090 1.4114 1.5880 4.0479 2.8733 1.7026 21.6255 -1.5698 0.7795
Car -1 -1 -0.9562 62.2952 180.2733 212.7185 237.3463 1.3842 1.5336 3.8221 -12.9162 1.6097 19.9469 -1.5250 0.6239
Car -1 -1 -2.5998 0.0000 0.0000 1242.0000 375.0000 1.4543 1.6032 3.6980 2.6315 1.6656 1.7619 -1.6944 0.2583
Car -1 -1 3.8288 0.0000 178.4943 41.3534 274.0079 1.4228 1.6069 4.0160 -12.1036 1.5237 11.8577 3.0445 0.2270
Car -1 -1 -0.2226 681.8155 171.8733 755.4977 201.8499 1.7980 1.7782 4.1832 6.6047 1.7395 44.3205 -0.0761 0.1962
Car -1 -1 1.7013 669.4681 179.0203 697.2979 200.5620 1.4944 1.5763 3.7096 5.4123 1.9662 53.1745 1.8017 0.1881
Car -1 -1 -0.3513 723.5503 173.9354 824.7506 213.3620 1.6723 1.7025 4.0023 7.1475 1.7220 31.7710 -0.1326 0.1731
Car -1 -1 1.6468 550.5865 180.5368 585.4598 210.5829 1.4851 1.5806 3.7413 -2.2320 1.9156 38.5097 1.5888 0.1272
Car -1 -1 1.2431 901.6469 175.7480 958.5667 206.1802 1.5049 1.6014 3.7378 16.7360 1.6654 37.9753 1.6550 0.1181
