Pedestrian -1 -1 2.7951 454.4657 170.4317 492.0479 230.6942 1.7826 0.6384 0.9588 -4.1905 1.7113 21.8592 2.6073 0.7892
Car -1 -1 1.9189 240.6497 186.9044 405.0218 273.6170 1.4469 1.7027 4.4412 -5.7643 1.7827 14.9924 1.5572 0.8695
Car -1 -1 1.7861 391.6799 182.6841 465.7122 228.6613 1.4215 1.6437 4.2304 -6.3064 1.7964 25.3546 1.5442 0.8359
Car -1 -1 -0.1527 697.3080 173.8439 904.9590 244.2090 1.4923 1.7197 4.3284 4.1386 1.5166 16.3793 0.0898 0.7679
Car -1 -1 -0.5660 820.0729 166.6272 1219.6670 314.4253 1.5987 1.7043 3.9825 4.7691 1.5317 8.8200 -0.0851 0.7331
Car -1 -1 -0.7228 955.0857 168.3007 1242.0000 373.1037 1.5362 1.6091 3.7093 5.1991 1.5024 6.3195 -0.0576 0.6667
Car -1 -1 -0.5434 772.4578 173.8040 1050.5376 275.2108 1.4782 1.6142 3.8835 4.7279 1.4954 11.6558 -0.1676 0.5850
Car -1 -1 2.3341 0.0000 204.1749 131.9036 375.0000 1.4824 1.6233 4.0555 -5.2876 1.7787 4.7511 1.5232 0.4731
Car -1 -1 -0.4468 673.0559 174.2629 773.6857 212.0222 1.4891 1.6239 3.7875 4.6376 1.5504 29.8784 -0.2949 0.3472
Car -1 -1 3.0087 655.5013 173.3981 751.7262 208.9320 1.5448 1.6581 4.0742 4.0887 1.5702 32.2383 3.1332 0.2858
Car -1 -1 0.6052 1076.2791 214.8710 1242.0000 375.0000 1.3937 1.5319 3.9726 3.8323 1.6702 2.7091 1.5097 0.2536
Car -1 -1 -0.2462 691.6938 164.7944 865.2172 233.1687 1.6951 1.6939 4.1040 4.2441 1.4956 18.7894 -0.0282 0.2371
Car -1 -1 1.7214 473.1053 177.9248 510.6123 205.9770 1.4878 1.5477 3.7585 -6.6723 1.7884 40.8342 1.5600 0.1981
