Pedestrian -1 -1 2.1182 295.8235 164.8308 341.7773 240.6581 1.8494 0.6618 0.9698 -7.3525 1.6540 18.1280 1.7376 0.6160
Car -1 -1 2.9197 331.7745 178.8927 674.0554 314.1459 1.4858 1.6654 4.2459 -1.4814 1.5795 9.6093 2.7695 0.9094
Car -1 -1 -3.2130 699.1666 171.6641 897.7969 240.6765 1.5396 1.7141 4.4022 4.3459 1.5134 17.3108 -2.9718 0.8717
Car -1 -1 -3.5789 934.6096 167.3027 1162.5692 238.2348 1.5412 1.6960 4.1921 9.9458 1.4209 16.7103 -3.0503 0.8503
Car -1 -1 -1.0335 663.5784 170.6913 758.5852 215.8168 1.5260 1.6244 4.0280 3.7360 1.4532 26.4773 -0.8954 0.7643
Car -1 -1 -0.9437 588.2289 172.6684 683.9963 215.8501 1.4826 1.6000 3.8484 0.9937 1.4765 26.7786 -0.9077 0.5142
Car -1 -1 -1.1458 934.6263 162.6081 1027.8544 206.3706 1.4648 1.5642 3.8120 13.3467 1.1222 25.9503 -0.6757 0.4208
Car -1 -1 -2.6513 254.1374 179.5363 380.3027 226.5033 1.5482 1.6947 3.7118 -10.1834 1.7909 25.1220 -3.0331 0.4100
Car -1 -1 -0.6617 1159.7378 165.3633 1242.0000 234.3981 1.4240 1.6220 4.2064 14.8099 1.2699 15.8574 0.0801 0.2532
Car -1 -1 -1.2479 832.7483 163.0015 921.0450 210.9358 1.5421 1.6759 4.2114 9.4130 1.2255 25.3789 -0.8968 0.2503
Car -1 -1 -1.6249 1106.5592 158.4828 1169.0292 205.2522 1.5090 1.5392 3.5050 18.2856 1.0456 25.1679 -1.0023 0.1849
