Car -1 -1 -2.1804 454.0840 165.8195 836.0663 375.0000 1.5523 1.5899 3.6099 -0.0064 1.5074 6.5651 -2.1835 0.7895
Car -1 -1 -1.9392 306.1319 180.8087 517.8235 311.9843 1.4378 1.5459 3.8612 -2.9981 1.5722 10.1539 -2.2201 0.7852
Car -1 -1 -0.3295 239.6896 175.4455 358.3878 222.7470 1.5734 1.6104 3.6029 -11.2000 1.6736 25.9988 -0.7329 0.3944
Car -1 -1 -0.1451 188.1370 175.0480 286.0674 211.0089 1.4610 1.5397 3.5781 -16.1279 1.5612 31.1790 -0.6192 0.3789
Car -1 -1 2.5147 289.4090 172.8772 485.5844 245.7685 1.5474 1.7137 4.3866 -5.3048 1.5484 17.5777 2.2252 0.3364
Car -1 -1 -0.3812 303.8701 176.3865 447.3195 237.3538 1.5229 1.5699 3.4296 -6.4699 1.6291 19.9157 -0.6919 0.2745
Car -1 -1 -0.2330 256.9071 180.1895 379.6319 228.6092 1.4333 1.4996 3.4473 -9.4948 1.6884 23.4483 -0.6142 0.2740
Car -1 -1 2.5047 211.8102 174.5499 332.8512 218.0103 1.5476 1.6275 4.0914 -13.0516 1.6190 28.0462 2.0725 0.2383
Car -1 -1 1.4849 148.0636 172.2594 191.7537 203.2193 1.5992 1.6856 4.2785 -24.1618 1.5689 39.4915 0.9387 0.1517
Car -1 -1 2.8338 353.1491 176.3780 553.7684 252.9221 1.4373 1.5905 3.8728 -3.3437 1.5208 15.3499 2.6222 0.1328
