Pedestrian -1 -1 1.5200 990.9943 149.6345 1023.6740 224.9516 1.7775 0.6425 0.9132 9.6184 1.2299 17.5756 2.0133 0.3944
Car -1 -1 -0.2727 727.4465 176.5785 934.9851 241.4315 1.4510 1.7075 4.4037 5.0736 1.5443 17.1176 0.0100 0.8857
Car -1 -1 2.0350 184.9608 199.4353 377.4113 302.1976 1.3915 1.5247 3.6966 -5.5698 1.9269 12.6326 1.6268 0.8474
Car -1 -1 2.2685 0.0000 210.7124 252.7708 375.0000 1.4035 1.6218 4.0886 -5.4917 1.8867 7.1121 1.6286 0.8210
Car -1 -1 1.8721 381.6830 191.9154 472.7471 244.1637 1.3642 1.5725 4.1656 -5.6215 2.0155 22.5123 1.6295 0.7767
Car -1 -1 -0.2810 688.8846 177.7835 815.3817 224.5183 1.4838 1.6053 3.8460 4.6466 1.6554 24.0906 -0.0935 0.7664
Car -1 -1 -0.6471 880.7048 180.2425 1242.0000 375.0000 1.4781 1.6494 4.1958 4.3382 1.5414 5.2950 0.0116 0.7349
Car -1 -1 -0.3719 668.7104 180.2868 772.6248 217.9563 1.4360 1.5851 3.8394 4.4083 1.7493 29.1756 -0.2241 0.5655
Car -1 -1 2.7811 654.7777 178.8342 755.5232 215.2142 1.5217 1.6637 4.0888 4.1407 1.7970 31.8813 2.9085 0.4263
Car -1 -1 2.9859 654.7812 178.4322 730.0080 205.8801 1.4723 1.6137 3.9329 4.4905 1.7885 39.9592 3.0965 0.3530
Car -1 -1 -0.5525 679.5682 178.8140 790.1024 221.6859 1.4772 1.5800 3.7640 4.5742 1.7100 26.6982 -0.3854 0.3139
Car -1 -1 1.8652 492.1589 183.8805 532.1279 208.4661 1.5245 1.6147 3.8707 -6.5733 2.2989 48.6066 1.7310 0.3093
