Pedestrian -1 -1 1.5273 436.3990 162.6038 459.7646 226.8522 1.8250 0.6311 0.7800 -4.5976 1.3182 20.5368 1.3121 0.6186
Pedestrian -1 -1 1.6213 420.0345 161.0761 442.2079 220.8408 1.8530 0.6337 0.9582 -5.5442 1.2523 22.4461 1.3842 0.5535
Pedestrian -1 -1 1.4130 464.2901 163.9792 488.5836 225.4165 1.7866 0.5976 0.7746 -3.8608 1.3078 21.0205 1.2358 0.4657
Pedestrian -1 -1 2.0703 448.9064 160.7260 481.8434 220.0463 1.8550 0.6217 1.0234 -4.5030 1.2382 22.6875 1.8789 0.3272
Pedestrian -1 -1 1.5848 290.7216 163.4809 309.7477 215.2704 1.7358 0.5836 0.7047 -10.4263 1.1669 24.1299 1.1836 0.3190
Pedestrian -1 -1 1.3984 334.3043 164.4230 357.1507 215.8765 1.7473 0.6253 0.7564 -9.0136 1.2029 24.4897 1.0517 0.1694
Pedestrian -1 -1 -2.8463 568.2372 167.9650 585.5370 203.4955 1.7428 0.6253 0.7060 -1.4069 1.1294 35.0688 -2.8843 0.1372
Pedestrian -1 -1 -1.5114 672.6226 168.2265 687.9938 209.1862 1.7322 0.6105 0.7981 3.2147 1.2146 30.3397 -1.4052 0.1365
Cyclist -1 -1 -1.2896 566.9196 169.1761 587.5182 204.5718 1.7111 0.5385 1.8169 -1.3831 1.1651 35.1225 -1.3269 0.2929
Car -1 -1 -2.2442 1029.7882 183.0108 1154.1196 228.3387 1.4047 1.5271 3.6203 16.3351 1.4981 23.9785 -1.6508 0.8019
Car -1 -1 -2.0926 960.2319 180.7564 1066.6736 226.8923 1.4588 1.5748 3.5263 13.7866 1.4697 24.1396 -1.5778 0.7649
Car -1 -1 0.9473 1101.1611 182.7239 1224.0000 228.7756 1.4496 1.5987 3.9209 19.2419 1.5342 24.4328 1.6096 0.7241
Car -1 -1 -1.5854 603.2856 174.5940 634.3307 202.9204 1.4155 1.5514 3.6836 0.6855 1.1218 37.1740 -1.5654 0.6965
