Pedestrian -1 -1 0.8083 1062.9583 125.9806 1171.3810 282.0914 1.8930 0.6042 0.9958 6.5180 1.2335 9.1073 1.4149 0.5929
Pedestrian -1 -1 0.7188 1106.7015 123.4131 1220.1123 280.9510 1.9097 0.5918 1.0011 7.1203 1.2193 9.1159 1.3669 0.5245
Pedestrian -1 -1 -1.4063 1050.2893 139.9455 1138.1278 316.8300 1.7190 0.6368 0.8959 5.0873 1.3265 7.4110 -0.8227 0.4318
Pedestrian -1 -1 -1.6908 659.5660 165.5741 676.2489 208.6404 1.7431 0.5953 0.7482 2.5532 1.1405 28.9959 -1.6022 0.1584
Pedestrian -1 -1 1.0596 1034.3866 142.5393 1126.8491 305.4638 1.8079 0.5696 0.7967 5.4798 1.3884 8.2554 1.6298 0.1449
Car -1 -1 -1.9816 795.4429 181.7708 1125.2729 370.0000 1.4757 1.5436 3.4741 3.1278 1.4933 7.1221 -1.5822 0.8745
Car -1 -1 -1.7601 708.1807 176.0567 854.7750 277.1995 1.4587 1.6141 4.2523 2.8146 1.3963 12.3424 -1.5397 0.8395
Car -1 -1 -1.5633 561.8028 175.9668 611.9327 220.9266 1.4256 1.5901 3.8188 -0.6379 1.2834 24.3373 -1.5874 0.8110
Car -1 -1 0.3285 208.8115 172.6422 325.9164 209.5040 1.5844 1.7313 4.3834 -14.9660 1.2481 31.4855 -0.1095 0.4174
Car -1 -1 -2.2150 0.0000 0.0000 1224.0000 370.0000 1.4742 1.5789 3.6457 2.5921 1.5937 1.6244 -1.2869 0.2336
