Pedestrian -1 -1 -0.4871 684.9716 164.7225 720.7133 224.0764 1.6975 0.6357 0.8342 2.6619 1.4653 21.0781 -0.3639 0.1746
Cyclist -1 -1 -1.8316 685.6302 165.2979 720.1439 226.8135 1.7367 0.5400 1.8616 2.6779 1.5237 21.3266 -1.7091 0.5164
Car -1 -1 -1.2720 366.5066 175.7748 517.6957 276.3549 1.5904 1.6493 3.8897 -3.0047 1.6537 13.5299 -1.4873 0.8919
Car -1 -1 -1.3229 456.3047 165.9710 545.1857 234.8777 1.8231 1.6461 3.9357 -3.1313 1.6414 21.1292 -1.4689 0.7314
Car -1 -1 -1.7708 726.2968 173.8876 815.3704 234.3160 1.5161 1.6330 3.9443 4.3215 1.5481 20.1457 -1.5632 0.7154
Car -1 -1 2.0672 225.4969 177.9717 308.5180 214.3072 1.4487 1.5756 3.9033 -14.8214 1.6854 31.3211 1.6282 0.7068
Car -1 -1 -1.8290 697.4313 172.7393 775.3928 220.6315 1.4952 1.6150 4.0148 4.1611 1.4919 24.5971 -1.6640 0.5925
Car -1 -1 -1.3854 498.2868 167.2949 566.1662 217.9536 1.8148 1.8261 4.5170 -2.9770 1.6160 28.1707 -1.4903 0.5359
Car -1 -1 2.1502 289.3232 174.3498 368.2540 204.8471 1.4968 1.7073 4.4498 -14.7372 1.5808 37.9963 1.7823 0.4334
Car -1 -1 1.4798 676.4232 170.8414 719.4078 203.4699 1.4911 1.6691 4.3697 4.1823 1.3995 35.1760 1.5967 0.3315
Car -1 -1 -0.3149 771.7012 166.7171 845.9667 190.6535 1.4646 1.6454 4.1662 12.3519 1.0895 45.0720 -0.0494 0.2880
Car -1 -1 1.7510 529.4128 174.4088 575.5295 207.6494 1.4754 1.5617 3.5272 -2.6989 1.5531 34.0285 1.6720 0.2290
