Car -1 -1 -0.5196 832.8589 183.9722 1242.0000 322.9642 1.4518 1.6329 3.8942 4.7867 1.5970 8.5351 -0.0241 0.8564
Car -1 -1 -0.5195 783.2933 185.1912 1055.8967 286.6657 1.4185 1.5921 3.6497 4.7250 1.6310 11.3710 -0.1358 0.7347
Car -1 -1 -0.4286 728.6884 183.8000 973.3183 267.0220 1.4451 1.6537 4.1583 4.4912 1.6724 13.8844 -0.1229 0.7065
Car -1 -1 -1.6186 612.0468 183.6543 656.7717 223.5097 1.4070 1.5604 3.9944 0.8628 1.8652 28.5712 -1.5894 0.6624
Car -1 -1 -0.3320 693.5027 173.0478 861.4184 235.9972 1.7334 1.7992 4.4167 4.7563 1.7397 21.0164 -0.1133 0.5666
Car -1 -1 2.8483 707.4857 182.5746 862.4877 243.3307 1.4714 1.5614 3.5919 4.4055 1.7352 18.6552 3.0758 0.5263
Car -1 -1 1.7612 483.4284 182.8331 531.4745 218.3716 1.4892 1.5323 3.5631 -4.6823 1.9721 33.0714 1.6211 0.2771
Car -1 -1 -1.5665 603.7192 181.4359 638.7985 213.8757 1.4533 1.6229 3.9172 0.5167 1.8975 35.3401 -1.5526 0.2742
Car -1 -1 -0.1875 617.1132 174.7503 664.4010 193.2536 1.6408 1.6957 4.0318 2.7478 1.8159 65.3464 -0.1461 0.1518
Car -1 -1 -0.6476 0.0000 199.5789 107.9348 375.0000 1.4735 1.6031 3.8398 -3.7425 1.6318 2.3083 -1.6136 0.1315
