Car -1 -1 1.8538 324.2350 187.2810 490.9203 304.2836 1.4844 1.5519 3.5763 -3.0493 1.7491 11.4056 1.5973 0.9106
Car -1 -1 -1.8653 728.2711 181.1399 943.0627 326.7973 1.4723 1.5421 3.6356 2.6016 1.6011 9.3416 -1.6031 0.8626
Car -1 -1 3.6678 0.0000 196.2734 275.0196 320.3085 1.4186 1.6212 4.0150 -6.8947 1.7622 9.5946 3.0575 0.8505
Car -1 -1 -1.7029 663.1780 179.6907 738.6435 238.3874 1.4322 1.5522 3.7427 2.3661 1.6393 19.9258 -1.5873 0.7953
Car -1 -1 -1.7103 693.6334 179.5858 803.3148 267.8922 1.4235 1.5106 3.4865 2.4372 1.5679 13.6647 -1.5385 0.7729
Car -1 -1 -2.0466 849.1971 190.3220 1242.0000 375.0000 1.4542 1.5958 3.9253 2.6820 1.6050 4.2016 -1.5109 0.7559
Car -1 -1 -1.6811 647.6097 176.6854 704.5766 223.6400 1.5263 1.5966 3.6567 2.2297 1.6724 25.6003 -1.5959 0.7010
Car -1 -1 3.5782 47.3482 178.5452 354.8577 279.2356 1.5990 1.7020 4.3492 -6.9557 1.7061 12.5483 3.0806 0.6914
Car -1 -1 3.3905 306.6506 184.1162 454.0633 234.8844 1.4123 1.5577 3.8906 -6.7509 1.7597 21.3450 3.0872 0.3085
Car -1 -1 -1.6787 637.1110 178.3532 684.2339 216.8722 1.4678 1.5519 3.5473 1.9954 1.7091 29.8116 -1.6131 0.2202
Car -1 -1 0.2475 210.9647 178.4358 403.6973 243.8492 1.5341 1.6741 4.2059 -7.5485 1.6842 18.2337 -0.1403 0.2015
Car -1 -1 -1.6453 631.9497 178.1261 671.5064 210.8825 1.4428 1.5855 3.7602 1.8929 1.7076 34.2850 -1.5912 0.1630
