Car -1 -1 -1.3441 419.3174 169.9695 527.9433 248.4380 1.6476 1.6476 4.0861 -3.1552 1.5874 17.2276 -1.5233 0.8468
Car -1 -1 -1.2598 214.4586 155.6046 456.8120 334.1173 1.7643 1.6550 3.7957 -3.1720 1.5941 9.0409 -1.5891 0.8377
Car -1 -1 -1.8569 677.8110 176.6819 744.4200 216.7943 1.3922 1.5317 3.5552 3.7033 1.5472 27.2716 -1.7240 0.7984
Car -1 -1 2.2108 0.0000 172.0649 132.5333 234.1406 1.4890 1.7400 4.3716 -15.2442 1.4704 19.5046 1.5539 0.7610
Car -1 -1 -0.9015 0.0000 188.6749 346.7986 375.0000 1.4325 1.5824 3.9711 -3.0100 1.5602 3.7948 -1.5391 0.7009
Car -1 -1 -1.4355 475.3034 174.9876 539.3063 224.5214 1.4819 1.5822 3.6922 -3.3216 1.5575 23.5914 -1.5744 0.4966
Car -1 -1 -1.6553 673.5612 174.5645 716.3928 209.6861 1.4450 1.5522 3.5934 3.6368 1.5248 31.6792 -1.5426 0.4643
Car -1 -1 -1.4853 537.5759 172.7681 566.5527 196.8806 1.5418 1.6099 3.7424 -3.8482 1.5367 48.0103 -1.5652 0.3500
Car -1 -1 2.2175 79.6832 171.4109 197.0846 216.9766 1.4225 1.5526 3.4142 -15.7855 1.3778 24.2836 1.6459 0.3066
Car -1 -1 -0.5153 911.0091 178.3161 1021.1988 215.5833 1.6533 1.7417 4.2589 16.3426 1.9134 33.3043 -0.0631 0.1711
