Pedestrian -1 -1 2.4342 731.9256 170.9491 816.6529 317.6456 1.6466 0.5471 0.8203 1.8862 1.6255 8.5323 2.6431 0.3111
Car -1 -1 -1.6574 704.2804 181.5753 768.9140 235.8325 1.4269 1.5451 3.7646 3.6449 1.7109 21.5316 -1.4928 0.8120
Car -1 -1 2.3435 0.0000 203.7509 113.8368 332.0775 1.5493 1.6750 4.2088 -10.5960 2.1509 11.8906 1.6266 0.7031
Car -1 -1 1.2052 278.5934 193.4610 497.7691 322.0239 1.4287 1.7046 4.3092 -3.5910 1.8048 10.9389 0.8942 0.6664
Car -1 -1 -1.6308 682.2180 177.8056 720.9282 212.1323 1.5437 1.6224 3.6541 4.3358 1.7962 34.8602 -1.5087 0.6349
Car -1 -1 2.0281 243.4831 193.5498 347.0708 247.1695 1.4981 1.5917 3.7486 -10.1861 2.2288 23.5470 1.6235 0.6084
Car -1 -1 0.8825 381.8321 189.2144 526.9373 256.6581 1.3986 1.4798 3.6000 -3.8726 1.8338 17.4772 0.6668 0.5180
Car -1 -1 -1.8018 747.2916 183.1039 951.1300 331.5657 1.4781 1.5874 3.5204 2.7516 1.6351 9.2260 -1.5219 0.4843
Car -1 -1 -2.4040 497.3972 181.2766 593.8007 220.5644 1.4342 1.5501 3.7730 -2.6514 1.7917 28.8430 -2.4955 0.3804
Car -1 -1 1.0433 459.2772 186.2678 565.3112 236.6273 1.3994 1.5634 4.0024 -3.2676 1.8694 23.1994 0.9042 0.3603
Car -1 -1 2.6553 534.0987 177.7601 602.0358 202.5745 1.4846 1.6179 3.9914 -2.6647 1.8066 45.5749 2.5967 0.3244
Car -1 -1 -1.6275 664.9963 173.2746 693.2177 199.6290 1.6955 1.6568 3.9016 4.5726 1.7253 48.4596 -1.5344 0.2288
