Pedestrian -1 -1 -0.1142 876.0019 154.2174 916.8958 222.8825 1.8254 0.5906 0.9665 7.7173 1.3303 19.5862 0.2555 0.6107
Pedestrian -1 -1 2.1253 921.1330 150.6324 963.9933 221.6949 1.8820 0.6665 0.9440 9.0083 1.2939 19.6466 2.5491 0.5124
Pedestrian -1 -1 -2.3455 175.6105 182.1135 208.1206 232.1599 1.6764 0.5751 0.7897 -14.3518 1.9986 24.6923 -2.8676 0.3247
Pedestrian -1 -1 -3.3062 790.7479 165.2211 814.3743 206.0406 1.7764 0.6239 0.9124 8.4280 1.4446 31.7505 -3.0495 0.1437
Pedestrian -1 -1 -0.6770 775.7663 163.6370 811.3141 220.6419 1.6959 0.6365 0.8317 5.5289 1.4220 21.9262 -0.4338 0.1423
Cyclist -1 -1 1.8447 406.7206 176.4071 451.8889 252.8000 1.6889 0.5516 1.8390 -4.2696 1.7773 16.9625 1.6010 0.6388
Cyclist -1 -1 -1.9773 771.2468 163.8712 813.1882 223.6637 1.7592 0.5415 1.8780 5.5344 1.4953 22.1968 -1.7367 0.5240
Car -1 -1 -2.1406 779.5809 200.0229 1242.0000 375.0000 1.4275 1.5729 3.7075 2.3053 1.6578 4.1830 -1.6676 0.2314
Car -1 -1 1.2711 840.9706 171.6267 902.5060 206.0459 1.3809 1.4706 3.5136 11.0316 1.3320 30.7314 1.6124 0.1297
Car -1 -1 1.8154 367.4041 187.5042 470.4871 262.3562 1.4241 1.3666 3.7428 -4.2418 1.7942 16.3345 1.5645 0.1187
