Pedestrian -1 -1 2.2292 12.4350 113.6302 218.6308 375.0000 1.9336 0.6403 0.8337 -2.9757 1.6141 4.3370 1.6552 0.1480
Car -1 -1 -1.7407 693.1827 175.4429 819.0081 266.2424 1.4899 1.6381 4.1747 2.6116 1.5482 14.0506 -1.5616 0.8470
Car -1 -1 -1.8745 726.2665 172.1859 1025.2140 366.7711 1.5682 1.6753 4.1917 2.4328 1.5632 7.9226 -1.5883 0.8438
Car -1 -1 2.6265 181.8458 188.6365 465.0714 301.4131 1.4489 1.6230 4.0758 -4.5884 1.7560 11.9352 2.2661 0.7397
Car -1 -1 2.3301 0.0000 204.4846 129.9302 296.5386 1.3692 1.4964 3.5783 -11.3024 2.0574 13.8430 1.6546 0.6271
Car -1 -1 -1.7042 675.0752 177.4138 754.2855 240.2736 1.4544 1.5423 3.5137 2.5691 1.5841 18.7038 -1.5706 0.6112
Car -1 -1 -2.0268 420.8706 180.6617 510.0965 225.3685 1.4236 1.5748 3.8402 -5.2514 1.7235 25.6745 -2.2271 0.5885
Car -1 -1 0.8040 0.0000 0.0000 1242.0000 375.0000 1.4801 1.6105 3.8591 2.3846 1.5111 1.9148 1.6257 0.5571
Car -1 -1 -1.6524 649.8785 166.8610 702.5886 215.3778 1.8310 1.7728 4.1993 2.5740 1.6052 29.3320 -1.5664 0.5366
Car -1 -1 -2.9822 461.5002 179.0028 564.3784 213.6991 1.4336 1.6661 4.1714 -4.1579 1.7059 31.0144 -3.1149 0.2942
