Car -1 -1 -1.7314 720.4555 181.2963 819.6063 255.1247 1.4209 1.5548 3.6296 3.4063 1.6319 16.1526 -1.5282 0.8848
Car -1 -1 -1.6346 685.1289 177.1501 730.4951 216.5894 1.4881 1.5901 3.5875 3.8950 1.6749 29.4654 -1.5051 0.8018
Car -1 -1 1.4859 0.0000 197.0716 334.3981 375.0000 1.3973 1.6590 4.3031 -3.6234 1.6524 5.3763 0.9149 0.7083
Car -1 -1 1.0235 278.2676 196.3412 481.8466 301.5972 1.3905 1.5431 3.7088 -4.0050 1.8440 12.1240 0.7101 0.6837
Car -1 -1 -2.3457 452.9033 181.9244 577.8732 229.6354 1.3849 1.5687 4.1722 -3.1932 1.7054 23.5643 -2.4795 0.6181
Car -1 -1 2.1404 114.7647 195.4892 265.4325 268.4428 1.5202 1.5411 3.5726 -10.3381 2.1423 17.9904 1.6248 0.5790
Car -1 -1 -2.1083 853.0385 172.3245 1242.0000 375.0000 1.6127 1.7034 4.1373 2.6365 1.6119 3.6573 -1.5221 0.5268
Car -1 -1 0.9278 401.9778 188.6998 553.1445 254.3499 1.3539 1.5661 3.9823 -3.3837 1.7858 17.7271 0.7412 0.3909
Car -1 -1 -1.6234 663.3279 170.3393 695.6055 202.0992 1.8077 1.6978 3.9877 4.0702 1.6649 43.0925 -1.5303 0.3861
Car -1 -1 2.6221 516.1911 178.2269 593.3306 207.1889 1.5074 1.6075 3.9937 -3.0735 1.8189 39.9995 2.5454 0.2991
