Pedestrian -1 -1 -1.7912 964.7103 143.1580 1030.0518 272.3537 1.8515 0.6473 1.0007 5.8660 1.3180 10.6964 -1.3003 0.6686
Pedestrian -1 -1 1.3362 833.2169 158.2553 859.4941 215.8312 1.8274 0.6191 0.8575 7.7765 1.1229 22.8910 1.6612 0.3643
Pedestrian -1 -1 1.3062 856.8917 156.1613 885.0689 214.2165 1.8463 0.6370 0.9085 8.5995 1.0738 22.9618 1.6617 0.3614
Cyclist -1 -1 -0.2524 526.7611 170.6651 553.0164 195.1240 1.6880 0.5554 1.7416 -4.5403 1.0105 49.3441 -0.3419 0.1185
Car -1 -1 1.9197 355.3836 182.6040 451.7157 236.0348 1.4356 1.5474 3.7581 -5.9170 1.5056 21.0793 1.6516 0.8166
Car -1 -1 -0.1880 654.7347 171.9418 753.8044 206.9073 1.4825 1.6679 4.0453 4.2686 1.1211 30.9076 -0.0505 0.7573
Car -1 -1 -1.3692 457.4721 177.2246 507.6430 210.9120 1.4869 1.6046 3.6391 -5.6782 1.3438 33.0498 -1.5361 0.6356
Car -1 -1 3.0062 633.2094 169.8336 715.6588 198.8832 1.5514 1.6887 4.2986 3.7444 0.9832 38.6813 3.1036 0.4300
Car -1 -1 1.7400 476.0594 176.8760 518.9285 204.6553 1.4323 1.6236 4.1536 -5.8095 1.2469 38.5454 1.5933 0.1549
Car -1 -1 -0.2870 664.1425 174.1717 759.3156 205.2795 1.4204 1.5779 4.1612 4.9843 1.1329 33.3486 -0.1383 0.1291
Car -1 -1 1.6172 499.0714 173.9019 525.7566 197.5509 1.5344 1.6077 3.8149 -6.2259 1.1076 47.8363 1.4903 0.1173
