Car -1 -1 -1.8182 722.1260 189.1525 928.4523 331.7659 1.3861 1.5231 3.9316 2.4781 1.6439 9.4259 -1.5701 0.8954
Car -1 -1 -1.7181 668.3888 180.0443 740.9933 233.1275 1.3992 1.5545 3.9221 2.6819 1.6339 21.5329 -1.5967 0.8297
Car -1 -1 2.1516 87.5059 189.2477 219.0650 240.7842 1.3968 1.5784 3.9703 -14.3211 1.9615 22.8328 1.5964 0.7774
Car -1 -1 -1.4857 573.1931 171.5000 634.9497 228.5193 1.6951 1.6727 4.0976 -0.1544 1.6552 23.5556 -1.4929 0.7732
Car -1 -1 -1.7123 698.3954 185.6353 811.2013 272.8493 1.3976 1.5545 3.9705 2.6342 1.6845 14.1628 -1.5332 0.7671
Car -1 -1 2.0114 240.8084 185.5445 322.7422 221.0085 1.3906 1.6390 4.2385 -14.4565 1.9905 31.9509 1.5893 0.7341
Car -1 -1 -2.0998 850.3123 200.6716 1242.0000 375.0000 1.4274 1.5370 3.6878 2.7831 1.6685 4.3924 -1.5662 0.7179
Car -1 -1 -1.6630 635.8864 175.9555 675.5134 208.8024 1.5123 1.5970 3.6584 2.1560 1.6729 35.4220 -1.6033 0.5241
Car -1 -1 2.3691 0.0000 185.8042 47.0432 272.3204 1.4938 1.6206 3.9204 -14.2002 1.8003 15.0527 1.6216 0.2964
Car -1 -1 -1.5737 631.0450 173.2322 654.7464 196.1412 1.5569 1.6123 4.0213 2.2926 1.5851 51.1422 -1.5296 0.2113
Car -1 -1 1.8965 413.8978 177.3385 449.4721 196.6982 1.4702 1.5906 3.9256 -14.2514 1.8421 57.7535 1.6553 0.1541
