Pedestrian -1 -1 -0.9978 614.1823 172.4207 630.1176 202.1974 1.6849 0.6072 0.7425 0.6625 1.6608 41.3032 -0.9824 0.2017
Pedestrian -1 -1 1.5654 104.2438 138.6235 174.2640 300.8379 1.9164 0.7086 0.8452 -5.9614 1.5123 9.0686 0.9970 0.1641
Cyclist -1 -1 -2.7555 608.0707 172.4621 639.5195 202.8360 1.7216 0.5421 1.7308 0.7567 1.6997 41.4831 -2.7379 0.1702
Car -1 -1 -1.8118 723.1165 179.2666 938.4473 329.1198 1.5159 1.6344 4.0843 2.5548 1.6191 9.5236 -1.5587 0.8805
Car -1 -1 -1.6491 653.7924 167.5680 715.0230 225.2846 1.8223 1.7462 4.2142 2.4334 1.6558 24.9003 -1.5535 0.7305
Car -1 -1 -2.9289 438.0939 180.3936 555.3216 221.7564 1.4491 1.6437 4.0056 -4.1563 1.7368 26.5544 -3.0833 0.7281
Car -1 -1 -1.7266 690.1351 180.3995 803.2736 267.1277 1.4571 1.5797 3.7759 2.5191 1.6274 14.3487 -1.5573 0.7226
Car -1 -1 2.7962 0.0000 191.6385 386.5613 375.0000 1.4418 1.5602 3.8006 -4.5189 1.6904 7.5793 2.2733 0.6710
Car -1 -1 1.0145 835.8146 182.7594 1242.0000 375.0000 1.4826 1.7125 4.4548 2.4330 1.5588 3.2566 1.6129 0.5217
Car -1 -1 -2.0506 377.0056 183.0724 488.0368 240.4669 1.4761 1.6049 3.7565 -5.3256 1.8040 21.1838 -2.2945 0.4574
Car -1 -1 -1.6571 645.3417 178.2395 691.1929 216.1656 1.4777 1.5966 3.7706 2.3658 1.7202 30.5418 -1.5811 0.2553
Car -1 -1 1.9744 292.8971 190.4466 368.8907 229.7667 1.4309 1.5680 3.7801 -11.5071 2.2069 29.8906 1.6095 0.2328
