Car -1 -1 1.8960 152.5744 180.3559 417.8326 352.0674 1.5054 1.5882 3.7468 -3.4879 1.6131 8.4066 1.5129 0.8438
Car -1 -1 -0.5686 850.2130 184.3379 1168.9161 305.0858 1.5025 1.6191 3.6327 5.4163 1.6796 10.1309 -0.0906 0.8043
Car -1 -1 -0.3611 704.5865 173.2408 879.2627 235.3928 1.6393 1.7664 4.3983 4.9706 1.6511 20.1903 -0.1239 0.7722
Car -1 -1 -0.3544 720.8829 184.0060 890.0596 244.7022 1.3515 1.5271 3.6202 4.5847 1.6347 17.3521 -0.1011 0.7474
Car -1 -1 1.7567 417.3941 179.1778 502.9216 236.1088 1.4204 1.6316 4.1206 -4.1887 1.6189 20.5304 1.5574 0.7388
Car -1 -1 -0.6300 942.7644 196.9900 1242.0000 358.1305 1.3738 1.5524 3.7448 5.4806 1.6400 7.1636 0.0025 0.6960
Car -1 -1 2.5272 781.2861 185.5415 1033.9991 276.4935 1.3948 1.5793 3.9133 5.1087 1.6391 12.6369 2.9024 0.6550
Car -1 -1 -1.5813 592.1686 177.0644 617.2943 200.6662 1.4599 1.5784 3.7717 -0.3994 1.7468 47.2070 -1.5902 0.4352
Car -1 -1 -0.3446 667.8055 174.9123 784.6968 216.4536 1.5028 1.6673 4.0602 4.3400 1.5848 27.4211 -0.1899 0.3651
Car -1 -1 -0.3438 644.2679 177.8163 736.2161 211.1550 1.4367 1.5897 3.8258 3.5736 1.6702 32.6759 -0.2364 0.3546
Car -1 -1 -0.4169 659.4202 176.4750 759.5810 214.2288 1.4828 1.5944 3.7881 4.0629 1.6396 29.8795 -0.2836 0.2103
Car -1 -1 2.9733 642.3131 177.1046 719.9904 205.8674 1.4411 1.5946 3.7853 3.6118 1.6671 37.3584 3.0684 0.1978
