Pedestrian -1 -1 0.0763 1049.7208 142.1140 1171.5886 332.5643 1.8491 0.6226 1.0072 5.2502 1.4781 7.4172 0.6740 0.9098
Pedestrian -1 -1 0.4606 988.5179 153.2177 1121.9049 353.2813 1.7954 0.6001 0.9313 4.3198 1.5523 6.8942 1.0016 0.8252
Pedestrian -1 -1 1.6383 276.6836 159.4561 301.1092 220.1860 1.8272 0.6281 0.8319 -9.7569 1.1956 21.7662 1.2242 0.6393
Pedestrian -1 -1 1.1573 679.6558 165.4400 707.5494 220.8634 1.8162 0.6194 0.8916 2.9318 1.3243 23.6809 1.2805 0.5348
Pedestrian -1 -1 -1.7293 511.4148 166.8365 529.5264 211.0158 1.7922 0.6052 0.9256 -3.5193 1.2394 29.2055 -1.8462 0.4112
Pedestrian -1 -1 1.0266 697.7780 165.4566 726.0452 219.8966 1.8025 0.6271 0.7857 3.5786 1.3059 23.8881 1.1751 0.3860
Pedestrian -1 -1 0.8161 709.6058 167.4074 735.8939 218.2704 1.7620 0.5960 0.7013 4.1250 1.3100 24.9464 0.9796 0.1923
Car -1 -1 0.9474 1100.3639 183.2019 1224.0000 229.2800 1.4468 1.6088 3.9735 19.2454 1.5495 24.4478 1.6095 0.6935
Car -1 -1 -1.6361 601.5830 175.7060 635.7560 203.2044 1.3711 1.5461 3.8298 0.6617 1.1335 37.1970 -1.6168 0.6755
Car -1 -1 -2.0783 958.1606 178.8700 1064.8938 227.6534 1.5463 1.6214 3.5468 13.7449 1.4962 24.1846 -1.5656 0.3713
Car -1 -1 -2.2478 1030.4532 185.1531 1157.7444 231.3390 1.4079 1.5413 3.6786 16.2963 1.5788 23.8262 -1.6526 0.3342
Car -1 -1 2.4111 1042.7930 185.4424 1224.0000 258.7122 1.4761 1.5797 3.6914 11.7397 1.5914 15.3102 3.0568 0.1391
Car -1 -1 -1.1862 855.2100 179.6481 1204.4647 370.0000 1.6148 1.6418 3.8468 4.2411 1.6103 6.9248 -0.6552 0.1292
