Cyclist -1 -1 -2.0000 839.6082 156.4413 991.1277 375.0000 1.7839 0.5402 1.7871 2.6641 1.6538 6.6408 -1.6351 0.6182
Car -1 -1 -1.7802 717.9543 176.0245 806.1096 236.7998 1.6589 1.7244 4.3913 4.4834 1.7662 22.1283 -1.5837 0.8751
Car -1 -1 -1.2519 314.1002 174.4830 512.9059 307.5521 1.6127 1.6536 3.9440 -2.7385 1.6421 10.8205 -1.4950 0.8702
Car -1 -1 -1.3839 453.1403 181.7095 551.1859 249.5367 1.4271 1.6197 4.2773 -2.5847 1.6741 17.9187 -1.5259 0.8514
Car -1 -1 -0.5525 913.0772 184.9009 1058.5000 229.7960 1.4667 1.6969 4.2398 12.9788 1.9037 25.1332 -0.0812 0.7991
Car -1 -1 -0.7347 1063.7303 184.9267 1242.0000 261.7033 1.5040 1.6443 3.8676 12.0559 1.7787 15.4144 -0.0808 0.7899
Car -1 -1 2.1127 119.6546 174.9705 250.3160 223.8062 1.5153 1.7760 4.5245 -14.4874 1.5953 24.8615 1.5895 0.7885
Car -1 -1 2.0201 254.6589 177.7272 330.4096 211.9093 1.4664 1.6398 4.0028 -14.7042 1.7072 33.5624 1.6098 0.7712
Car -1 -1 2.2696 0.0000 176.6382 132.2096 240.8622 1.5190 1.5422 3.4897 -14.6521 1.6287 19.0543 1.6207 0.6677
Car -1 -1 -0.9353 0.0000 202.1962 398.0505 375.0000 1.3834 1.5202 3.6788 -2.7888 1.6392 4.3754 -1.4766 0.6651
Car -1 -1 1.3911 665.5790 179.4726 699.4323 203.5843 1.4823 1.5548 3.7455 4.6845 1.9346 47.3438 1.4886 0.5174
Car -1 -1 -2.1285 947.1794 198.2786 1242.0000 375.0000 1.3968 1.6396 4.2766 4.2349 1.6699 5.5484 -1.5030 0.4376
Car -1 -1 -1.3829 495.5408 182.2952 561.9104 230.4787 1.4425 1.5522 3.6721 -2.6933 1.7847 24.2307 -1.4931 0.3878
Car -1 -1 -1.4133 514.0845 174.1471 569.2284 220.4212 1.7333 1.6341 3.8108 -2.7269 1.7893 29.0879 -1.5066 0.3221
Car -1 -1 1.8013 319.3065 175.4363 364.7773 203.5372 1.4563 1.5316 3.7107 -14.7122 1.6056 39.6814 1.4481 0.2941
