Pedestrian -1 -1 1.9010 422.2588 161.7134 475.2235 270.2766 1.8144 0.6306 0.9352 -2.7133 1.4582 12.3134 1.6908 0.6685
Pedestrian -1 -1 0.5329 214.3820 143.2901 348.7788 370.0000 1.8316 0.6586 0.7660 -2.6432 1.5297 5.7527 0.1232 0.6439
Pedestrian -1 -1 2.9242 450.1355 164.4154 511.3247 282.4854 1.7332 0.6100 0.8100 -1.9198 1.4602 10.8089 2.7546 0.6068
Pedestrian -1 -1 -1.5343 501.3689 165.2579 526.5798 232.6778 1.8345 0.6635 0.9475 -2.5064 1.3502 19.7342 -1.6571 0.3268
Pedestrian -1 -1 1.4429 836.5381 137.1496 921.2141 344.2274 1.7920 0.6171 0.8078 2.4891 1.3957 6.5742 1.7901 0.2985
Car -1 -1 2.2105 43.0321 194.7182 208.1888 256.7024 1.4380 1.6171 4.0089 -12.7808 1.7886 19.2161 1.6327 0.8507
Car -1 -1 -1.7579 548.3934 176.0895 606.6356 215.9137 1.4812 1.6188 3.9739 -1.1129 1.2215 28.4097 -1.7950 0.8316
Car -1 -1 1.9299 353.2522 183.0931 412.7214 210.6450 1.3911 1.6107 4.3304 -11.7095 1.3917 37.9070 1.6343 0.7792
Car -1 -1 -1.5821 567.4249 179.7226 638.9393 244.8091 1.3747 1.5116 3.4479 -0.0559 1.3046 16.6622 -1.5840 0.7400
Car -1 -1 1.0926 418.6458 171.1806 507.6809 220.9108 1.8173 1.7169 4.2064 -5.6280 1.3828 28.0128 0.8982 0.4750
Car -1 -1 -1.4931 532.7855 174.0348 556.6992 193.0082 1.4575 1.5881 3.9646 -4.5777 0.7618 56.2958 -1.5720 0.2840
Car -1 -1 1.8990 406.5510 180.4807 442.4408 199.6083 1.4511 1.5419 3.9466 -13.9806 1.2531 55.6702 1.6561 0.1639
