Pedestrian -1 -1 1.8576 877.2943 156.1340 970.3082 357.9488 1.7119 0.5765 0.8559 2.9131 1.4845 6.5053 2.2616 0.8197
Pedestrian -1 -1 0.9590 760.5416 168.7780 853.7993 347.0585 1.6230 0.5033 0.7902 1.9218 1.4940 6.8883 1.2202 0.7522
Pedestrian -1 -1 1.9031 562.6553 167.4887 629.0588 305.8005 1.6542 0.5780 0.9186 -0.1214 1.4688 8.9775 1.8910 0.7076
Pedestrian -1 -1 2.6935 597.4019 167.1887 665.1610 287.8462 1.6973 0.5922 0.8170 0.3654 1.4747 10.3754 2.7287 0.6334
Pedestrian -1 -1 1.8540 634.3669 167.4037 698.4944 313.5008 1.6071 0.5259 0.8917 0.7101 1.4357 8.2822 1.9373 0.6221
Pedestrian -1 -1 0.4187 1143.9210 125.8386 1226.0000 370.0000 1.8063 0.6402 0.7239 3.6684 1.5135 4.0925 1.1126 0.1963
Pedestrian -1 -1 2.6408 608.7941 169.8926 680.3274 296.5584 1.6873 0.5347 0.8398 0.5299 1.5127 9.8357 2.6939 0.1362
Cyclist -1 -1 1.6703 506.7567 172.1118 523.0316 211.3188 1.7034 0.5475 1.7631 -3.9395 1.2270 31.6016 1.5492 0.5260
Car -1 -1 1.8840 279.5686 182.0714 468.6661 293.5319 1.4643 1.6396 4.0209 -3.4420 1.4521 11.3148 1.5977 0.8755
Car -1 -1 -1.5830 613.8109 173.7933 641.6449 201.6377 1.6140 1.6132 3.7345 1.4815 1.0754 42.8666 -1.5470 0.2821
Car -1 -1 -2.1734 1003.4788 183.9150 1131.4081 237.6039 1.5813 1.6471 3.6205 14.7342 1.6106 22.7099 -1.6028 0.1965
Car -1 -1 2.1364 1140.8727 188.5373 1226.0000 243.6463 1.5113 1.6479 4.2074 18.3846 1.6852 21.0576 2.8482 0.1694
Car -1 -1 -3.1002 705.0563 189.4160 1226.0000 370.0000 1.4495 1.6266 4.1064 3.1070 1.5232 6.4289 -2.6682 0.1156
