Car -1 -1 1.7962 420.0183 187.7747 486.4392 232.3288 1.3831 1.5030 3.6656 -5.4961 1.9485 25.4748 1.5853 0.8220
Car -1 -1 -0.7257 876.1905 165.7876 1242.0000 341.8816 1.4964 1.6260 3.7630 4.7863 1.4367 7.2317 -0.1603 0.7975
Car -1 -1 -0.4228 749.1971 160.2416 1034.9409 267.6142 1.6651 1.7137 4.1650 4.5755 1.4699 12.1919 -0.0725 0.7549
Car -1 -1 1.8184 363.9873 189.2874 449.1568 247.1317 1.4113 1.4827 3.5328 -5.6933 1.9168 20.3958 1.5489 0.7500
Car -1 -1 0.4303 636.7859 168.1876 702.5551 192.5245 1.6153 1.6733 4.1934 4.0626 1.3059 49.6425 0.5111 0.5638
Car -1 -1 1.7656 456.2601 183.2688 507.6894 221.2608 1.4682 1.5019 3.4653 -5.4078 1.9354 30.5880 1.5915 0.5334
Car -1 -1 2.3109 1013.6684 155.9719 1242.0000 375.0000 1.5002 1.6223 3.8997 4.8222 1.4172 4.4433 3.1043 0.4279
Car -1 -1 -1.3401 598.4810 174.6617 628.7170 193.4611 1.4491 1.5845 3.9146 0.3015 1.6002 58.1031 -1.3353 0.2923
Car -1 -1 1.7715 500.1459 180.2171 540.1680 205.6275 1.4309 1.6094 4.2563 -5.4647 1.9034 44.0792 1.6485 0.2544
Car -1 -1 1.7308 478.8282 182.5721 524.9969 214.6278 1.4488 1.6196 4.2665 -5.3707 1.9636 36.0501 1.5835 0.1511
