Pedestrian -1 -1 0.6120 423.6760 158.1380 487.3054 262.2527 1.7935 0.6173 0.9285 -2.6754 1.3648 12.6424 0.4099 0.8147
Pedestrian -1 -1 3.1570 388.1205 155.9274 462.3337 289.3005 1.7784 0.6557 0.9713 -2.5114 1.4174 9.8504 2.9161 0.8143
Pedestrian -1 -1 2.7712 341.1051 147.4593 432.1777 345.0871 1.8233 0.6970 0.6568 -2.1967 1.4959 6.9942 2.4804 0.4329
Pedestrian -1 -1 -1.5474 728.1965 153.2531 764.7573 250.4046 1.7900 0.6637 0.8405 2.7067 1.2413 13.5039 -1.3528 0.3583
Pedestrian -1 -1 2.0037 491.8232 162.6496 527.1161 227.5783 1.7340 0.6534 0.8735 -2.5884 1.1890 19.3918 1.8747 0.2451
Pedestrian -1 -1 1.7600 0.0000 113.0683 228.6467 370.0000 1.8035 0.6943 0.7453 -2.0619 1.5585 2.9550 1.1986 0.1937
Pedestrian -1 -1 2.6480 512.5242 165.5564 550.2540 233.9757 1.6906 0.6097 0.7533 -1.8503 1.2583 17.9290 2.5485 0.1911
Pedestrian -1 -1 1.4557 90.5058 131.4369 233.9217 370.0000 1.8267 0.6434 0.6835 -2.6115 1.5634 4.0829 0.9211 0.1779
Pedestrian -1 -1 0.7646 754.0524 147.8562 802.8887 247.5085 1.9178 0.6008 0.7301 3.4496 1.2408 14.0713 1.0012 0.1764
Cyclist -1 -1 1.3474 338.9721 145.0396 441.5052 353.3253 1.7931 0.5856 1.8207 -2.2103 1.4668 7.0174 1.0558 0.2884
Car -1 -1 2.1142 196.0618 185.9661 291.8100 229.6222 1.4354 1.4904 3.3945 -12.7232 1.5458 25.2244 1.6538 0.8351
Car -1 -1 -1.5793 569.6126 178.1205 664.9481 266.2267 1.4095 1.5258 3.3733 0.1980 1.3312 12.9984 -1.5631 0.7924
Car -1 -1 -1.6744 550.5354 170.9594 579.0840 193.4468 1.4513 1.5532 3.6002 -2.5871 0.6686 47.5284 -1.7266 0.4664
Car -1 -1 -1.5998 579.7472 169.0308 634.3463 219.6906 1.5239 1.6449 4.1260 0.0424 1.1018 23.3474 -1.5964 0.4029
Car -1 -1 2.2748 347.5176 177.4713 422.6418 206.2267 1.4501 1.6061 4.0305 -11.5780 1.1672 37.8195 1.9818 0.3997
Car -1 -1 -3.5268 847.2637 159.5558 942.9917 192.1351 1.6275 1.7224 4.1854 14.8892 0.4523 36.1851 -3.1378 0.3779
Car -1 -1 1.0623 465.9793 169.6237 531.4381 206.1350 1.7042 1.5933 3.7204 -5.2091 1.0761 34.9586 0.9174 0.3158
Car -1 -1 -0.4237 920.9581 158.4444 1036.8011 192.6716 1.3988 1.5992 4.0084 15.7597 0.3922 29.8085 0.0600 0.2384
