Pedestrian -1 -1 -1.8938 410.8565 162.5118 450.3702 244.2050 1.7523 0.5902 0.9293 -3.9229 1.3680 15.7111 -2.1320 0.8296
Pedestrian -1 -1 1.8109 283.1111 158.1656 311.1144 217.9093 1.8798 0.6181 0.9362 -9.9312 1.1786 22.7540 1.4063 0.4160
Pedestrian -1 -1 1.9547 251.1581 157.3970 283.0993 216.4375 1.8442 0.6353 0.8729 -10.7913 1.1241 22.5337 1.5155 0.3567
Pedestrian -1 -1 1.9553 848.7385 170.7309 914.3389 301.7563 1.5796 0.5679 0.6781 3.4604 1.4635 8.9606 2.3139 0.2826
Pedestrian -1 -1 -0.6416 479.4584 166.0249 532.8289 267.4389 1.6785 0.5765 0.7037 -1.7425 1.4405 12.1494 -0.7786 0.1494
Cyclist -1 -1 -2.4046 466.0247 160.0047 564.8005 268.6527 1.7554 0.5409 1.7831 -1.6052 1.4259 12.1516 -2.5308 0.5449
Cyclist -1 -1 0.1678 885.5405 169.3974 1073.3488 343.9846 1.6239 0.5060 1.6500 3.7601 1.5224 7.2620 0.6297 0.3860
Cyclist -1 -1 -2.9792 820.9023 163.1890 967.6922 304.7457 1.6672 0.4906 1.6682 3.5963 1.4650 8.9580 -2.6078 0.2795
Car -1 -1 -2.2682 1025.2701 182.3926 1156.9393 228.2806 1.4239 1.5496 3.8749 16.3773 1.4954 24.1084 -1.6761 0.8289
Car -1 -1 -2.0931 958.4485 181.5988 1064.8751 227.8506 1.4588 1.5705 3.5422 13.7356 1.5006 24.1580 -1.5802 0.6850
Car -1 -1 0.9643 1101.2209 182.7442 1224.0000 228.1871 1.4278 1.6050 3.9928 19.2566 1.5134 24.4490 1.6266 0.6176
Car -1 -1 -1.6026 603.4331 175.7771 634.5646 203.4214 1.3810 1.5175 3.5209 0.6835 1.1465 37.0853 -1.5827 0.5559
