Car -1 -1 1.9853 176.6944 184.1596 286.1244 235.5950 1.4770 1.6678 4.0623 -12.3289 1.8814 23.7081 1.5100 0.8696
Car -1 -1 -1.6151 673.3035 177.3399 748.7473 249.8115 1.6408 1.7099 4.1055 2.4613 1.7707 18.7123 -1.4873 0.8097
Car -1 -1 -0.9712 767.3536 183.2422 861.9074 222.0885 1.3890 1.6235 4.0655 8.1590 1.8312 28.7573 -0.6980 0.6670
Car -1 -1 -0.6818 1077.0220 176.9379 1197.3552 213.1486 1.4168 1.6082 3.7949 21.3445 1.5884 29.3468 -0.0581 0.5040
Car -1 -1 2.5300 973.1433 179.2281 1061.0885 209.9020 1.5549 1.6519 3.7748 21.3739 1.9001 38.0111 3.0385 0.3728
Car -1 -1 1.5938 634.2390 181.7079 654.4861 199.8071 1.4370 1.6341 4.2474 2.9399 2.2198 61.5873 1.6408 0.3722
Car -1 -1 1.8727 359.6984 182.6682 396.6101 203.9655 1.4696 1.5569 3.7388 -17.1354 2.2217 53.3897 1.5632 0.3301
Car -1 -1 2.7208 725.8419 176.0529 816.8949 208.8898 1.5834 1.6803 4.1430 8.0507 1.7502 36.2767 2.9370 0.1556
Car -1 -1 1.7989 536.4012 181.2530 569.2303 202.5472 1.4945 1.6180 3.9364 -4.2914 2.1514 54.3325 1.7200 0.1448
Car -1 -1 2.3903 0.0000 177.8793 102.2434 234.0358 1.6805 1.7566 4.4617 -19.8245 1.8667 24.3395 1.7120 0.1198
