Pedestrian -1 -1 -0.3836 683.7634 172.0264 714.6504 226.7912 1.6603 0.6467 0.7581 2.7045 1.6355 22.2830 -0.2652 0.3181
Cyclist -1 -1 -1.8598 682.5136 171.0847 716.4930 229.7403 1.7589 0.5479 1.8277 2.7352 1.7062 22.5805 -1.7416 0.3145
Car -1 -1 -1.3183 408.4177 180.1997 531.1820 263.8043 1.5538 1.6567 4.0604 -2.9642 1.7368 15.8558 -1.5009 0.8857
Car -1 -1 -1.3470 473.6855 172.8827 553.0472 232.0012 1.7514 1.6801 4.1218 -3.0855 1.7528 23.5061 -1.4768 0.7417
Car -1 -1 1.9914 256.7972 182.2027 326.0988 216.4619 1.4567 1.5324 3.7870 -14.7906 1.9173 33.6149 1.5795 0.6887
Car -1 -1 -1.6657 674.1473 177.3035 714.7899 207.1404 1.4318 1.6699 4.3864 4.2898 1.6769 37.4875 -1.5531 0.5867
Car -1 -1 -1.7351 719.0840 180.2562 790.7256 233.1265 1.4648 1.5855 3.4923 4.3346 1.7115 22.2475 -1.5459 0.5704
Car -1 -1 2.8386 763.8424 174.5036 836.7619 198.9580 1.5714 1.7543 4.3101 12.4518 1.6825 47.4737 3.0932 0.5164
Car -1 -1 2.0986 309.8427 178.2130 380.6705 207.8566 1.5269 1.6948 4.4638 -14.7436 1.8444 40.3575 1.7501 0.4394
Car -1 -1 -1.6565 704.7106 179.6135 757.3069 222.4611 1.4320 1.5775 3.6927 4.3505 1.6995 26.6105 -1.4969 0.4380
Car -1 -1 -1.3856 508.7502 173.0416 570.9324 217.7991 1.7345 1.7975 4.4921 -2.8946 1.7434 30.2967 -1.4806 0.3394
Car -1 -1 1.7186 534.2158 178.6200 576.7518 209.9354 1.4600 1.5832 3.8891 -2.7303 1.7670 36.3697 1.6437 0.2303
Car -1 -1 -1.2389 659.3624 173.4592 697.1364 194.8474 1.5195 1.6169 3.8750 5.0687 1.5665 53.4757 -1.1453 0.2155
