Pedestrian -1 -1 1.9068 820.8726 150.6825 870.9323 259.3277 1.9278 0.6443 0.8408 4.3123 1.5348 13.3300 2.2124 0.3754
Car -1 -1 3.2872 321.2863 179.9062 426.1459 213.5496 1.4393 1.6641 4.2964 -10.6106 1.7692 32.5383 2.9740 0.8883
Car -1 -1 -1.7675 592.7711 172.7098 685.4855 244.6328 1.6319 1.6321 3.6636 0.5832 1.6289 18.3098 -1.7371 0.8317
Car -1 -1 -1.4624 500.0080 175.2691 531.4184 202.0113 1.6789 1.6562 3.7496 -6.2010 1.8447 47.5306 -1.5918 0.5602
Car -1 -1 0.9529 970.6483 177.6265 1148.4666 240.2840 1.3958 1.6534 4.3106 11.2997 1.5340 18.6229 1.4907 0.5206
Car -1 -1 -1.7118 575.2983 166.3550 648.5398 230.7388 1.9111 1.7682 4.4750 -0.0880 1.7185 23.7560 -1.7162 0.3770
Car -1 -1 1.2874 742.7169 173.4034 824.0004 221.1562 1.5726 1.7138 4.1542 6.0725 1.5943 25.9295 1.5143 0.2482
Car -1 -1 2.9235 357.5145 178.6054 445.7631 210.0766 1.5051 1.6167 4.0724 -10.6496 1.8122 36.8022 2.6433 0.2175
Car -1 -1 -1.5559 460.4930 177.2993 478.6509 194.2349 1.5056 1.6047 3.8442 -13.0810 1.9328 67.2441 -1.7477 0.1562
Car -1 -1 -1.3624 443.6726 176.3112 473.6945 195.1610 1.4959 1.6348 4.0858 -12.5750 1.7938 60.0519 -1.5682 0.1147
