Car -1 -1 2.1498 414.2164 185.5228 530.0617 236.9309 1.3968 1.5973 4.1421 -4.2958 1.8385 22.9145 1.9659 0.8053
Car -1 -1 1.1963 745.2471 173.1769 868.6518 231.5817 1.4828 1.8309 4.5354 5.4219 1.4934 20.7039 1.4483 0.7914
Car -1 -1 -1.8311 34.8736 184.8885 174.2044 264.7833 1.6814 1.7679 4.3976 -12.6676 2.0154 17.9077 -2.4400 0.7606
Car -1 -1 2.1760 372.3385 186.0855 478.5086 232.5735 1.4007 1.5918 3.9719 -6.3485 1.9005 25.0946 1.9301 0.6456
Car -1 -1 1.7178 555.9629 183.5456 627.5856 240.3519 1.4027 1.5141 3.5700 -0.4789 1.7327 20.3800 1.6937 0.6293
Car -1 -1 1.0395 817.1511 173.0170 942.0344 224.7503 1.4390 1.6838 4.1970 8.1220 1.4449 22.3001 1.3841 0.6009
Car -1 -1 1.9651 698.7211 185.2661 764.2263 221.3270 1.4246 1.5449 3.7309 5.3777 2.0074 31.8641 2.1300 0.4118
Car -1 -1 0.8293 865.8154 169.4023 1000.0279 217.8044 1.4372 1.6330 4.1227 10.3781 1.3351 23.6370 1.2381 0.3961
Car -1 -1 2.2713 335.3666 186.9656 433.7148 229.8683 1.3991 1.5118 3.6011 -8.3148 1.9612 26.7648 1.9724 0.3614
Car -1 -1 -0.9934 290.3689 187.5340 384.3626 227.4462 1.3785 1.5546 3.9765 -10.7273 2.0033 28.5804 -1.3498 0.3071
Car -1 -1 2.1242 652.1593 184.6127 726.0695 219.1423 1.4471 1.5556 4.0202 3.7134 2.0304 33.7047 2.2323 0.2987
Car -1 -1 2.1532 258.1183 188.0117 343.1235 225.2594 1.3923 1.5398 3.6479 -13.0115 2.0735 30.4740 1.7524 0.2037
