Pedestrian -1 -1 -1.9127 435.9715 160.4462 479.7305 248.5687 1.7835 0.6138 0.9693 -3.1465 1.3793 14.8784 -2.1150 0.8353
Pedestrian -1 -1 1.6150 1146.1964 170.9741 1215.8138 335.2234 1.5792 0.5319 0.7540 5.8628 1.4893 7.2527 2.2753 0.6953
Pedestrian -1 -1 1.5585 275.8760 157.8599 299.6750 219.1469 1.8358 0.6549 0.8029 -9.7602 1.1592 21.6751 1.1428 0.4541
Pedestrian -1 -1 1.7987 239.6890 157.0457 269.8376 218.6763 1.8252 0.6361 0.8657 -10.6386 1.1322 21.4274 1.3457 0.3163
Pedestrian -1 -1 -0.7568 624.8685 163.4114 689.0715 282.6749 1.6895 0.5852 0.7536 0.7242 1.4491 10.4765 -0.6880 0.2119
Pedestrian -1 -1 -0.5892 374.4712 162.7902 401.5967 206.6341 1.8398 0.6538 0.8969 -9.2929 1.0981 30.2183 -0.8828 0.1174
Cyclist -1 -1 -2.6282 617.9948 158.7782 746.3210 291.2281 1.7814 0.5425 1.8130 1.0445 1.4909 10.2484 -2.5280 0.3963
Car -1 -1 -2.2433 1025.3616 182.1490 1156.7443 228.1776 1.4300 1.5617 3.9298 16.3839 1.4925 24.1268 -1.6513 0.8079
Car -1 -1 -2.0923 959.0471 181.4116 1065.6404 227.6467 1.4593 1.5691 3.5568 13.7622 1.4942 24.1651 -1.5788 0.6986
Car -1 -1 -1.6004 602.8374 174.9383 634.2463 203.3058 1.4173 1.5396 3.5573 0.6592 1.1409 37.1082 -1.5811 0.6405
Car -1 -1 1.0410 1107.0283 182.7598 1224.0000 227.8713 1.4072 1.6315 4.2497 19.4567 1.4940 24.4876 1.7076 0.4706
Car -1 -1 -3.2792 978.4694 191.1346 1224.0000 369.7852 1.3829 1.4990 3.7968 5.9731 1.5181 7.2667 -2.6108 0.1611
Car -1 -1 -2.3932 568.4065 185.0374 812.2759 307.7277 1.4401 1.4442 3.3785 1.0442 1.5183 10.1686 -2.2923 0.1378
