Pedestrian -1 -1 3.0340 347.9013 176.3994 369.1603 226.9216 1.6680 0.5521 0.6196 -8.5008 1.7894 24.2543 2.6999 0.2245
Pedestrian -1 -1 -1.7773 373.7105 174.7982 394.7599 222.0153 1.7336 0.6186 0.7135 -8.4914 1.8079 26.9894 -2.0797 0.1185
Cyclist -1 -1 0.1848 22.0161 177.6393 111.3304 245.7953 1.7264 0.5485 1.8093 -14.3237 1.8571 19.0079 -0.4544 0.6788
Car -1 -1 0.1932 189.2473 185.1703 291.6981 214.8296 1.3764 1.6605 4.3123 -18.3882 2.0153 36.0202 -0.2760 0.8600
Car -1 -1 -0.1640 468.0047 171.9364 566.5317 208.9792 1.7330 1.7797 4.5452 -4.5837 1.6904 35.2606 -0.2927 0.7902
Car -1 -1 2.6815 729.4084 172.8784 808.9265 197.1059 1.3891 1.6577 4.3083 9.3704 1.3909 42.6980 2.8957 0.6989
Car -1 -1 -0.8278 0.0000 186.5398 238.0358 375.0000 1.5043 1.6124 3.8756 -3.5917 1.6070 3.4330 -1.5975 0.5436
Car -1 -1 2.1760 0.0000 188.1893 95.1189 224.7894 1.4408 1.5456 3.6033 -24.7117 2.1558 31.7823 1.5190 0.2414
Car -1 -1 2.4697 614.3300 175.0090 718.8423 218.5708 1.4980 1.5910 3.6575 2.0741 1.5830 26.6606 2.5459 0.2393
Car -1 -1 2.7141 0.0000 183.5313 70.8403 213.4925 1.4390 1.5847 3.8086 -31.1331 2.0348 38.1770 2.0332 0.1301
Car -1 -1 -0.7105 723.1388 171.2344 784.5153 192.7353 1.4368 1.5904 4.1301 9.9366 1.3289 49.9240 -0.5155 0.1126
