Pedestrian -1 -1 -2.5930 313.7172 166.1506 379.7328 269.1839 1.7633 0.5611 0.9395 -4.5914 1.5194 12.4661 -2.9359 0.7694
Pedestrian -1 -1 1.1513 942.0170 139.8572 1009.8649 257.4106 1.7943 0.6278 0.9202 5.8426 1.1756 11.2623 1.6203 0.7655
Pedestrian -1 -1 1.4110 836.6840 160.5726 859.0667 210.3299 1.7611 0.6410 0.7947 8.7149 1.0573 25.4657 1.7387 0.4376
Pedestrian -1 -1 1.3548 846.2298 159.4663 870.3328 206.7472 1.7829 0.7078 0.8200 9.6795 0.9913 27.1079 1.6957 0.4197
Pedestrian -1 -1 1.4206 826.2337 158.9241 847.7604 206.8886 1.8221 0.6668 0.8580 8.9379 1.0040 27.3331 1.7350 0.3442
Pedestrian -1 -1 1.5588 817.3973 161.2309 835.2707 209.8566 1.7370 0.6077 0.7943 8.0196 1.0502 25.7187 1.8593 0.2107
Pedestrian -1 -1 -1.7492 309.6842 170.1688 341.8829 243.2009 1.7294 0.6029 0.7902 -6.8492 1.4864 17.2323 -2.1195 0.1907
Pedestrian -1 -1 2.3792 609.9451 170.2395 625.7383 198.6251 1.7759 0.6269 0.7826 0.8105 1.1353 44.7266 2.3988 0.1071
Car -1 -1 -0.7567 0.0000 200.8899 193.7281 370.0000 1.4152 1.5725 4.0087 -5.4922 1.6433 5.7845 -1.4875 0.6487
Car -1 -1 2.5450 632.7281 174.2640 693.3589 197.6702 1.4189 1.5402 3.5406 3.6507 1.0422 44.3959 2.6282 0.4354
Car -1 -1 1.6003 541.3679 175.8777 565.9265 196.3762 1.4776 1.7079 4.3238 -3.8143 1.1457 53.1558 1.5308 0.2143
Car -1 -1 1.8071 505.7668 175.6290 537.7497 195.8047 1.4655 1.5608 3.7200 -6.2264 1.1129 53.2925 1.6932 0.1702
