Pedestrian -1 -1 1.2282 295.1235 156.5185 332.3227 232.2822 1.8492 0.5707 0.9921 -7.3822 1.2655 17.8125 0.8435 0.7221
Pedestrian -1 -1 -2.0316 251.6633 155.2983 307.3625 257.1027 1.8553 0.5856 0.9918 -6.2273 1.3977 13.4215 -2.4551 0.7045
Pedestrian -1 -1 1.1513 321.8995 155.6746 361.0376 232.5231 1.9234 0.5910 1.0090 -6.8484 1.3037 18.2591 0.8000 0.6672
Pedestrian -1 -1 -2.0823 333.3081 159.3059 381.7809 248.4611 1.7890 0.5660 0.9425 -5.1940 1.3653 14.7077 -2.4132 0.6252
Pedestrian -1 -1 -2.0346 289.5836 156.2611 341.5110 252.8531 1.8452 0.5735 0.9977 -5.7992 1.3838 14.0473 -2.4163 0.3087
Pedestrian -1 -1 0.6159 342.0214 155.8571 381.9775 227.4806 1.9205 0.5731 0.8624 -6.6835 1.2613 19.3515 0.2903 0.1218
Car -1 -1 -3.5551 852.6383 180.7259 1047.1978 236.4598 1.4583 1.7123 4.4968 9.3159 1.4664 19.4236 -3.1127 0.9039
Car -1 -1 -2.2430 1030.0137 182.9988 1154.1573 228.2993 1.4036 1.5253 3.6153 16.3338 1.4965 23.9696 -1.6495 0.7930
Car -1 -1 0.9360 1098.9916 182.7213 1224.0000 228.8733 1.4533 1.6108 3.9914 19.2339 1.5380 24.4690 1.5974 0.7066
Car -1 -1 -1.6005 603.0558 175.8660 634.4241 203.3843 1.3746 1.5359 3.6541 0.6694 1.1445 37.1473 -1.5809 0.7041
Car -1 -1 -2.0767 960.2663 180.3711 1063.6250 225.1810 1.4250 1.5645 3.4588 13.7837 1.4224 24.2143 -1.5633 0.3266
