Car -1 -1 2.0546 0.0000 195.7082 336.9686 375.0000 1.4282 1.5972 4.0044 -3.9798 1.6986 6.4838 1.5215 0.7943
Car -1 -1 -0.3987 740.4213 183.3588 973.9200 268.3033 1.4110 1.5664 3.7114 4.3556 1.6166 13.1562 -0.0866 0.7815
Car -1 -1 -0.7866 922.5999 160.4805 1242.0000 375.0000 1.6742 1.7818 4.2812 4.9777 1.5936 5.8247 -0.1049 0.7216
Car -1 -1 -1.6122 596.1848 181.7630 635.3568 216.1063 1.4222 1.6074 4.2671 0.1686 1.8588 33.1614 -1.6078 0.6935
Car -1 -1 -0.2900 691.5035 182.5239 859.7225 242.5214 1.4231 1.5887 3.8731 4.0888 1.6820 18.3515 -0.0750 0.6779
Car -1 -1 -0.5944 717.7775 182.3550 898.6527 253.9841 1.4181 1.5513 3.6179 4.3186 1.6461 15.9624 -0.3357 0.5770
Car -1 -1 -0.2863 657.3281 173.5463 795.5432 223.7285 1.6935 1.7591 4.5160 4.0241 1.7195 25.5489 -0.1325 0.3186
Car -1 -1 2.6077 666.1859 177.7914 805.7719 228.5795 1.5221 1.6703 4.2092 4.0472 1.6935 23.4528 2.7757 0.2625
Car -1 -1 -0.2274 609.5602 175.8961 649.8506 192.1026 1.5372 1.6144 3.6373 1.8835 1.8377 70.0254 -0.2010 0.1682
Car -1 -1 1.7902 483.3179 182.1357 528.1052 212.6713 1.4569 1.5472 3.6219 -5.3919 1.9626 37.4210 1.6475 0.1303
