Car -1 -1 -0.4428 766.5115 181.8988 1034.5583 280.6462 1.4425 1.5924 3.6952 4.5225 1.6009 11.6559 -0.0821 0.8575
Car -1 -1 2.1588 0.0000 201.4465 273.0299 375.0000 1.4346 1.5532 3.8646 -3.9670 1.7108 4.9823 1.5117 0.7559
Car -1 -1 -0.4350 698.1989 184.2319 884.5233 249.2888 1.3914 1.6020 3.9581 4.1778 1.6787 17.0176 -0.1991 0.6734
Car -1 -1 -1.6363 596.7821 181.8627 640.2739 218.3672 1.4394 1.6183 4.1707 0.2720 1.8613 31.6272 -1.6284 0.6407
Car -1 -1 -0.4014 735.6403 181.6361 945.6385 259.9553 1.4325 1.5641 3.6694 4.4640 1.6198 14.3868 -0.1072 0.6095
Car -1 -1 -0.3977 664.3939 173.9706 809.3911 227.0720 1.6741 1.7486 4.4528 4.1695 1.7139 24.1595 -0.2296 0.3508
Car -1 -1 -0.4767 679.8095 180.6087 820.8346 233.5652 1.4820 1.6262 3.8959 4.1952 1.7323 21.9187 -0.2909 0.3386
Car -1 -1 0.5554 1012.0618 174.6832 1242.0000 375.0000 1.5406 1.6890 4.0236 3.8494 1.5541 3.0742 1.4060 0.3106
Car -1 -1 -1.6506 587.6466 180.3220 623.5292 210.4086 1.4897 1.6200 3.6562 -0.3156 1.9088 38.5559 -1.6593 0.1908
Car -1 -1 1.7446 480.2204 182.9495 524.1656 214.8003 1.4494 1.5418 3.7181 -5.3466 1.9785 35.9022 1.5973 0.1495
Car -1 -1 2.9595 606.4955 174.4664 649.9012 192.0425 1.6337 1.6813 3.8721 1.6915 1.7895 68.4077 2.9837 0.1378
