Car -1 -1 -1.7400 732.9932 179.0106 857.4255 272.2020 1.4529 1.5583 3.7505 3.2282 1.5842 13.4194 -1.5099 0.8858
Car -1 -1 2.2068 0.0000 189.7621 206.0071 286.1376 1.6814 1.5976 3.8056 -10.4809 2.0832 15.1968 1.6110 0.8266
Car -1 -1 -1.6799 679.1698 175.1605 734.5783 220.1000 1.5402 1.6212 3.7026 3.4812 1.6322 26.7837 -1.5527 0.8016
Car -1 -1 1.0940 175.9908 197.1261 434.1121 340.1293 1.3793 1.5115 3.7458 -4.1084 1.7534 9.3329 0.6890 0.7070
Car -1 -1 -2.3107 432.4652 181.3802 562.3152 234.9452 1.3673 1.5112 3.8099 -3.3411 1.6340 20.7590 -2.4690 0.6403
Car -1 -1 0.9623 351.1277 188.1510 530.3608 268.6383 1.3783 1.5841 4.0602 -3.6710 1.7385 15.0309 0.7260 0.5126
Car -1 -1 1.9942 279.4964 183.6745 372.9875 229.5576 1.5125 1.6481 4.2124 -10.5068 1.9491 26.9425 1.6253 0.3743
Car -1 -1 0.6144 470.4733 180.9659 575.7790 222.1974 1.4056 1.5306 3.6608 -3.2775 1.7239 26.7411 0.4931 0.2351
Car -1 -1 2.6579 493.0813 176.9949 578.4885 208.2158 1.5072 1.6256 4.0835 -3.8282 1.7309 37.1146 2.5553 0.2244
Car -1 -1 -1.6355 656.3613 169.0756 691.0323 202.5968 1.7811 1.6688 3.8442 3.4736 1.5807 40.2726 -1.5506 0.2206
Car -1 -1 -2.1566 0.0000 0.0000 1242.0000 375.0000 1.4602 1.5924 3.8441 2.2130 1.5512 1.4174 -1.2460 0.1862
