Car -1 -1 -1.9384 541.5567 189.1161 810.8481 372.9283 1.4277 1.5597 3.8936 0.3871 1.6570 8.0655 -1.8941 0.8823
Car -1 -1 1.6855 223.1809 184.8063 298.2077 241.3710 1.4498 1.5689 3.6107 -10.2491 1.8352 21.2822 1.2412 0.6827
Car -1 -1 -0.3153 491.7411 181.4224 613.9916 226.6172 1.4839 1.6622 4.0451 -2.0877 1.8092 25.8204 -0.3959 0.6536
Car -1 -1 -2.3677 741.6284 183.2032 1242.0000 375.0000 1.4774 1.5998 3.7198 2.1598 1.5571 3.5195 -1.8549 0.6390
Car -1 -1 2.6172 540.7447 182.3295 734.5301 260.5626 1.4647 1.5985 3.8899 0.5722 1.6902 15.5182 2.6523 0.6097
Car -1 -1 -0.3514 447.3219 178.2956 542.2472 213.7902 1.6139 1.7209 4.2315 -5.6308 1.8927 35.1357 -0.5097 0.5307
Car -1 -1 -0.4369 546.8019 182.3698 701.7358 247.5531 1.4888 1.5516 3.6242 0.3177 1.7503 18.3484 -0.4209 0.5128
Car -1 -1 -0.4024 507.1287 184.9212 633.1017 234.1316 1.4151 1.5695 3.6928 -1.3080 1.8258 23.0138 -0.4593 0.4062
Car -1 -1 2.6115 467.1370 180.3110 579.4612 221.4382 1.4634 1.6181 4.1121 -3.3900 1.7751 28.2424 2.4925 0.3523
Car -1 -1 -0.6081 632.9969 185.2814 838.5776 275.7007 1.4456 1.5172 3.5249 2.2897 1.7011 13.3701 -0.4433 0.2545
Car -1 -1 -1.6140 369.9862 180.8917 392.7603 200.1608 1.4847 1.6219 3.8638 -18.8799 2.1704 59.4306 -1.9207 0.2379
Car -1 -1 2.8305 452.0274 180.1945 539.5887 215.4132 1.4723 1.5542 3.5653 -5.1430 1.8163 32.2831 2.6733 0.1948
