Car -1 -1 -3.6363 838.2298 182.3926 1242.0000 356.4393 1.4285 1.6229 4.0256 4.3960 1.5326 6.9314 -3.0910 0.8466
Car -1 -1 1.8207 299.1671 179.3825 468.9146 301.0281 1.6020 1.6470 3.9154 -3.4833 1.7262 11.6973 1.5365 0.8332
Car -1 -1 2.6954 742.0930 157.6192 1115.2516 302.1730 1.7521 1.7627 4.2867 4.0643 1.5678 9.7576 3.0785 0.7364
Car -1 -1 1.7614 453.1484 172.1037 529.4228 234.5273 1.7347 1.5873 3.8267 -3.5644 1.7143 21.9859 1.6019 0.6144
Car -1 -1 2.8028 682.2340 170.2065 825.1351 224.1165 1.6172 1.6826 4.0965 4.4385 1.5381 22.7789 2.9922 0.5821
Car -1 -1 -0.3201 672.3472 173.9980 790.6857 220.1754 1.5344 1.6277 3.7394 4.1461 1.5764 25.1272 -0.1591 0.4162
Car -1 -1 1.7601 504.0595 176.8764 558.0569 215.5604 1.5457 1.6062 3.9799 -3.3941 1.7320 31.3032 1.6525 0.3569
Car -1 -1 -0.5013 765.3782 164.9998 1015.3215 269.2581 1.6525 1.6750 3.7062 4.7248 1.5284 12.5379 -0.1495 0.2969
Car -1 -1 -3.2291 648.3253 174.2153 735.0901 205.4159 1.4816 1.6238 4.0727 3.8954 1.5499 35.1893 -3.1203 0.2952
Car -1 -1 2.0123 521.4641 178.2172 575.4208 206.6482 1.5058 1.5728 3.8340 -3.4816 1.8268 41.0651 1.9277 0.2820
Car -1 -1 2.5531 653.8241 172.6940 768.8010 215.2042 1.5444 1.6569 4.1859 3.8843 1.5389 27.8700 2.6895 0.2216
Car -1 -1 -0.2993 638.8929 174.0779 722.3043 204.3352 1.5357 1.6504 4.0574 3.6527 1.6025 37.9374 -0.2045 0.1916
Car -1 -1 3.0022 620.2992 169.8459 668.8236 189.5972 1.6008 1.6584 3.7998 2.8038 1.3574 59.4783 3.0488 0.1685
