Car -1 -1 2.0217 421.6067 197.5104 618.2644 324.0371 1.4273 1.4944 3.5441 -1.2087 1.8626 10.8049 1.9115 0.8684
Car -1 -1 -1.6078 864.4293 179.5376 936.7244 242.5965 1.4636 1.5991 3.4925 7.5335 1.6583 19.0614 -1.2374 0.8471
Car -1 -1 2.3394 0.0000 214.3396 406.8244 375.0000 1.4055 1.4699 3.4590 -3.1410 1.8218 5.3712 1.8306 0.7993
Car -1 -1 1.7283 688.0833 186.8860 748.3366 231.7739 1.3910 1.5441 3.8792 3.8840 1.9324 25.7394 1.8756 0.7690
Car -1 -1 1.8618 569.9858 194.6905 688.4120 273.0202 1.3680 1.5404 3.8939 0.5035 1.9115 15.8548 1.8917 0.7654
Car -1 -1 -1.8949 935.2213 193.8373 1242.0000 375.0000 1.4743 1.5958 3.6973 3.2861 1.6702 4.7338 -1.3180 0.6894
Car -1 -1 -3.6138 1153.6401 183.2573 1242.0000 237.0167 1.3808 1.5561 4.0274 17.9163 1.6911 20.2528 -2.8972 0.2059
Car -1 -1 1.6511 716.0563 186.4746 759.3315 222.8455 1.3570 1.5047 3.9502 5.4250 1.9746 30.5921 1.8242 0.1912
Car -1 -1 2.3321 1113.6188 178.6357 1242.0000 226.0961 1.4468 1.6059 4.1128 18.7490 1.6428 23.3369 3.0023 0.1324
Car -1 -1 1.4396 856.8399 181.2506 915.2043 222.1760 1.4348 1.5913 4.0532 10.7094 1.7900 28.3312 1.7970 0.1314
Car -1 -1 1.6254 734.6960 184.5276 770.0016 215.9904 1.3927 1.5079 3.7617 6.9930 1.9988 35.4338 1.8180 0.1059
