Car -1 -1 1.9784 369.0580 199.2850 591.2265 349.9604 1.4276 1.5044 3.5880 -1.5136 1.8441 9.4335 1.8221 0.9000
Car -1 -1 1.7428 672.1741 188.2061 734.9753 235.2637 1.3807 1.5125 3.6504 3.1884 1.9425 24.4182 1.8702 0.8068
Car -1 -1 1.8555 541.6926 196.2230 673.2326 285.0683 1.3814 1.5717 3.9467 0.0504 1.9181 14.4435 1.8576 0.7942
Car -1 -1 -1.6328 857.4465 181.1498 938.1502 250.1442 1.4827 1.5928 3.5713 6.9884 1.7114 17.9127 -1.2672 0.7932
Car -1 -1 2.4639 0.0000 218.7851 330.9380 375.0000 1.4250 1.5353 3.6985 -3.2817 1.7897 3.7534 1.7796 0.6329
Car -1 -1 -2.1186 981.4139 189.0855 1242.0000 375.0000 1.4773 1.5884 3.8345 3.1561 1.5979 3.3184 -1.4024 0.6097
Car -1 -1 -1.6828 846.7866 183.5064 899.4039 223.7657 1.4394 1.5568 3.5013 10.3453 1.8910 28.6736 -1.3404 0.3520
Car -1 -1 1.6491 699.8194 185.9478 744.4248 224.8407 1.3941 1.5011 3.8657 4.5639 1.9635 29.2968 1.8014 0.2426
Car -1 -1 1.7050 714.2456 184.9996 756.5809 218.4545 1.4016 1.4774 3.6414 5.8469 2.0007 33.6067 1.8751 0.2063
Car -1 -1 -3.6322 1152.5833 188.4216 1242.0000 248.5191 1.4599 1.6318 4.0380 17.2859 1.9065 19.4259 -2.9131 0.1127
