Car -1 -1 -0.5508 890.4323 181.6601 1242.0000 357.8901 1.4605 1.6285 3.7308 4.8227 1.5564 6.9453 0.0357 0.8299
Car -1 -1 -1.6260 619.9654 183.5924 668.3232 226.0127 1.4175 1.5745 4.0856 1.1760 1.8533 27.2008 -1.5840 0.8001
Car -1 -1 2.6848 822.3137 184.7056 1155.5305 303.3611 1.4388 1.6045 3.6487 4.8696 1.6122 9.7210 3.1361 0.7760
Car -1 -1 -0.4239 759.1702 184.1226 1029.8564 278.0307 1.4531 1.6194 3.9978 4.6877 1.6609 12.3361 -0.0697 0.7463
Car -1 -1 2.8638 728.3656 183.8351 897.2567 250.0496 1.4649 1.5799 3.5375 4.6550 1.7372 17.0507 3.1250 0.5539
Car -1 -1 -0.3835 704.4857 172.1760 875.7811 241.4562 1.7581 1.7609 4.1281 4.7499 1.7413 19.4841 -0.1486 0.4636
Car -1 -1 -1.6044 610.5345 181.6962 648.1647 215.4185 1.4434 1.6198 3.9192 0.8186 1.8831 33.8801 -1.5811 0.4063
Car -1 -1 1.7129 485.1407 184.7096 531.2857 220.7129 1.4312 1.5118 3.5775 -4.4488 1.9811 31.6513 1.5738 0.2692
Car -1 -1 -0.3821 685.8811 182.5531 832.7507 234.6285 1.4646 1.6162 4.0540 4.4420 1.7750 21.8938 -0.1854 0.1754
Car -1 -1 2.9409 628.3186 174.9223 676.8481 193.8870 1.6402 1.6781 4.0257 3.7240 1.8265 63.7604 2.9986 0.1180
