Car -1 -1 1.9428 406.4193 186.8480 539.0937 270.6312 1.4550 1.5032 3.5737 -2.7676 1.7843 15.0593 1.7633 0.8867
Car -1 -1 2.1205 148.0562 195.9680 411.1719 341.8408 1.4243 1.4758 3.4667 -4.0878 1.7857 9.4449 1.7214 0.8854
Car -1 -1 -1.6906 727.9764 177.3044 892.7471 317.3520 1.4717 1.5746 3.5338 2.3861 1.5424 9.5437 -1.4540 0.8322
Car -1 -1 1.8955 502.4676 182.3636 601.6425 240.2864 1.4029 1.5883 3.9624 -1.5580 1.6985 20.2830 1.8191 0.7153
Car -1 -1 1.7404 602.2151 178.7409 653.3812 215.9013 1.4313 1.5438 3.7825 0.7699 1.6963 30.4281 1.7648 0.6357
Car -1 -1 2.5075 0.0000 204.6668 216.2733 375.0000 1.4078 1.5581 3.8916 -4.8421 1.7165 4.9348 1.7583 0.5841
Car -1 -1 -1.4767 732.3218 171.7253 789.9196 219.6114 1.4802 1.5749 3.5807 5.0921 1.4456 24.2427 -1.2726 0.4991
Car -1 -1 1.6967 627.3990 175.7730 668.2179 208.1218 1.4818 1.5489 3.7090 1.8627 1.6331 35.3640 1.7484 0.3478
Car -1 -1 1.6943 644.5836 175.4369 679.5784 203.1097 1.4668 1.5356 3.5736 2.9271 1.6189 40.4977 1.7655 0.2239
Car -1 -1 -0.5127 0.0000 0.0000 1242.0000 375.0000 1.4784 1.5930 3.7350 -2.2270 1.6662 1.3020 -1.4662 0.1930
