Pedestrian -1 -1 -1.2069 648.9046 163.1834 688.8588 243.5553 1.6960 0.5811 0.9251 1.3649 1.3322 15.4578 -1.1188 0.8483
Pedestrian -1 -1 1.5448 488.9289 162.8250 511.9682 229.9819 1.8279 0.6141 0.8857 -2.9591 1.3484 19.7286 1.4001 0.8106
Pedestrian -1 -1 1.1554 720.4582 161.9598 765.3414 256.1781 1.7221 0.5838 0.7281 2.5503 1.3849 13.3392 1.3417 0.8080
Pedestrian -1 -1 1.7823 531.1532 163.5173 560.8803 229.5287 1.8228 0.6498 0.9735 -1.6976 1.3554 20.0435 1.7009 0.7687
Pedestrian -1 -1 1.8440 503.0826 164.9426 534.4202 232.7275 1.7811 0.6071 0.9438 -2.3551 1.3739 19.0859 1.7250 0.6602
Pedestrian -1 -1 -1.4182 400.7891 159.0297 439.0829 255.4638 1.7916 0.5864 0.8518 -3.5871 1.3943 13.5831 -1.6688 0.6316
Pedestrian -1 -1 1.5802 446.4503 167.2998 472.4742 248.3799 1.7152 0.5412 0.7974 -3.2046 1.4376 15.3948 1.3808 0.5717
Pedestrian -1 -1 1.2860 691.1396 161.5020 737.6032 262.0922 1.7611 0.6366 0.7702 1.9257 1.4301 12.7988 1.4335 0.5377
Pedestrian -1 -1 -3.0245 521.6512 165.0836 548.3782 212.3950 1.7578 0.6023 0.9356 -2.6514 1.1866 26.5757 -3.1210 0.5123
Pedestrian -1 -1 1.3133 856.3013 165.5993 915.3112 290.9278 1.5893 0.5557 0.7002 3.6467 1.4020 9.3384 1.6760 0.4736
Car -1 -1 0.1906 571.3482 180.1046 778.2167 252.2575 1.4231 1.6658 4.2302 1.5029 1.4169 15.3399 0.2880 0.1005
