Pedestrian -1 -1 -1.7872 770.2255 126.1263 865.4044 349.5440 1.8622 0.6087 0.9784 1.8396 1.4107 6.3930 -1.5180 0.6484
Pedestrian -1 -1 -2.1619 830.1241 122.0942 948.2141 338.6601 1.8308 0.5997 0.8892 2.5217 1.3388 6.4742 -1.8046 0.5064
Pedestrian -1 -1 1.4337 529.6353 155.7139 551.8928 211.3860 1.8280 0.6413 0.7844 -2.1851 1.0157 23.6656 1.3448 0.3243
Pedestrian -1 -1 -2.9822 1182.1621 127.4901 1224.0000 232.1049 1.8291 0.5637 0.8566 11.0704 0.9039 12.8655 -2.2821 0.1444
Cyclist -1 -1 1.6952 264.7077 167.4427 289.9406 221.7747 1.7876 0.5501 1.8525 -11.2406 1.3596 24.2244 1.2675 0.3649
Cyclist -1 -1 2.3355 1047.9026 135.5741 1131.9469 211.6171 1.6993 0.5627 1.7264 11.1057 0.6970 16.2531 2.9277 0.3130
Cyclist -1 -1 -1.2138 1173.9916 124.0966 1224.0000 225.4400 1.7586 0.5991 1.8142 11.1873 0.7815 12.9699 -0.5123 0.2837
Cyclist -1 -1 -0.3862 721.4334 126.1416 945.6485 335.8444 1.8023 0.6106 1.8629 2.0056 1.3368 6.4658 -0.0969 0.1420
Car -1 -1 1.8963 0.0000 182.2463 136.9716 283.8389 1.4912 1.5767 3.7124 -9.7721 1.5285 12.4528 1.2451 0.7326
Car -1 -1 1.7445 218.7797 179.9910 270.8864 213.1071 1.3904 1.4770 3.4703 -16.0264 1.3705 31.5540 1.2804 0.2571
Car -1 -1 2.0621 276.4893 172.4443 328.3791 194.3860 1.4458 1.5717 3.9989 -20.7472 0.9163 48.6489 1.6631 0.1689
