Pedestrian -1 -1 2.0440 257.1382 147.4893 372.2885 357.5702 1.8605 0.6549 0.9448 -2.7729 1.5465 6.7588 1.6716 0.3250
Pedestrian -1 -1 1.8668 446.1736 159.9255 492.1814 254.2041 1.8347 0.7061 0.7924 -2.7134 1.3850 14.1874 1.6833 0.2891
Pedestrian -1 -1 1.2482 278.3399 128.6300 403.9603 370.0000 1.8592 0.6357 0.8816 -2.0159 1.4968 5.2592 0.9023 0.1822
Pedestrian -1 -1 2.0702 53.5122 179.1262 111.8178 272.5548 1.8111 0.6723 0.7189 -10.4021 1.7353 14.0989 1.4467 0.1439
Pedestrian -1 -1 1.8571 658.6804 163.9207 680.6767 209.9250 1.8006 0.6514 0.8834 2.6478 1.0510 28.2007 1.9513 0.1253
Cyclist -1 -1 0.3520 422.9163 158.0820 518.3704 252.4953 1.8378 0.5575 1.8020 -2.6868 1.3520 14.1849 0.1702 0.1332
Car -1 -1 2.1509 163.8281 188.3188 292.3084 235.3338 1.4146 1.6820 4.4326 -12.5964 1.6102 24.0686 1.6758 0.8833
Car -1 -1 -1.5958 546.0895 177.5271 604.7883 231.4308 1.4128 1.5422 3.4390 -0.8665 1.2679 20.2923 -1.6363 0.8335
Car -1 -1 1.2445 370.5714 170.6371 463.3478 232.7906 1.7801 1.6379 4.0122 -5.9937 1.4243 22.3712 0.9878 0.6316
Car -1 -1 -1.6585 524.2727 176.2929 566.5982 210.0265 1.4396 1.5821 3.9284 -2.6893 1.1501 32.2382 -1.7392 0.5720
Car -1 -1 2.5794 957.0780 157.4007 1095.1486 203.5081 1.4933 1.5940 3.7028 14.1177 0.6621 23.7472 3.1115 0.4074
Car -1 -1 -1.5003 571.0514 171.3736 594.5311 190.7812 1.4757 1.5801 3.7949 -1.5344 0.5847 55.6915 -1.5258 0.2465
