Car -1 -1 0.4373 0.0000 194.4292 340.4883 311.0634 1.3998 1.6457 4.2242 -6.2219 1.7327 10.0799 -0.1044 0.9098
Car -1 -1 -1.7061 671.6561 185.1831 767.0047 257.0062 1.3733 1.5566 4.2365 2.3320 1.6942 16.6391 -1.5703 0.8996
Car -1 -1 -2.0045 781.5912 191.6233 1242.0000 375.0000 1.4248 1.5707 4.0507 2.5940 1.6249 5.6318 -1.5939 0.8520
Car -1 -1 -1.6605 648.3732 181.6091 711.8258 234.4868 1.4427 1.5749 3.9139 2.0335 1.7373 22.2895 -1.5716 0.8314
Car -1 -1 3.4594 192.2853 184.2834 397.9714 255.7626 1.4534 1.6303 3.8498 -6.8741 1.7219 15.9525 3.0580 0.8008
Car -1 -1 -1.6884 631.6927 180.2716 685.9420 222.7168 1.4524 1.5829 3.9198 1.7381 1.7550 27.3879 -1.6264 0.7318
Car -1 -1 3.2592 347.6683 182.2593 459.3206 224.2805 1.4810 1.6553 3.8539 -7.6988 1.8486 27.0486 2.9840 0.7301
Car -1 -1 1.7313 513.9236 179.7233 552.9929 206.8889 1.4277 1.5922 3.9713 -4.3288 1.8375 40.9702 1.6262 0.5034
Car -1 -1 3.4487 255.5390 184.9707 448.7561 243.7301 1.4186 1.6795 4.4121 -6.6083 1.7480 18.6919 3.1128 0.4103
Car -1 -1 3.3388 367.5497 176.4983 474.9249 217.5094 1.6419 1.6824 4.0686 -7.8214 1.7986 30.0070 3.0855 0.3536
Car -1 -1 -1.6237 625.1533 179.3879 667.4059 216.1140 1.4573 1.6044 4.0454 1.4781 1.7602 31.3782 -1.5777 0.1771
