Cyclist -1 -1 -2.4788 962.5333 149.1251 1053.5559 231.0774 1.7174 0.5142 1.8373 8.7658 1.2205 16.0619 -1.9873 0.1072
Car -1 -1 1.7706 499.8437 180.8006 570.3817 227.2161 1.4105 1.6313 4.0260 -2.5168 1.7061 24.7211 1.6695 0.8504
Car -1 -1 -1.5500 595.9779 179.5687 702.5645 282.6801 1.4839 1.5740 3.4478 0.6444 1.6161 12.3872 -1.5005 0.8392
Car -1 -1 -0.9364 783.2109 159.4405 952.7000 238.4985 1.7425 1.7752 4.2680 6.3837 1.4472 17.8363 -0.5985 0.8339
Car -1 -1 1.7392 584.0396 175.5728 619.7496 200.6203 1.4479 1.5797 3.7491 -0.4857 1.6219 44.1107 1.7278 0.3441
Car -1 -1 -1.6472 698.7134 169.3898 731.4227 195.8689 1.5044 1.6169 3.9794 6.1866 1.3080 43.0303 -1.5057 0.3239
Car -1 -1 0.0279 993.2706 149.7177 1240.0010 230.4913 1.5224 1.6162 4.1414 10.6068 1.0867 15.4573 0.6202 0.2294
Car -1 -1 -0.3532 928.7403 163.9383 1082.8600 212.2339 1.4668 1.6451 3.9815 12.4553 1.1963 22.9983 0.1375 0.1424
Car -1 -1 -1.2038 609.9045 175.3844 645.0944 194.6290 1.4561 1.5565 3.7233 1.3957 1.6640 57.1400 -1.1799 0.1277
Car -1 -1 2.8024 290.7892 183.1999 392.4639 217.7094 1.3992 1.5764 3.9615 -11.9884 1.8888 32.2455 2.4488 0.1179
