Car -1 -1 -3.5149 849.0962 177.5368 1150.1613 266.9934 1.4123 1.6727 4.2883 6.5008 1.5007 12.5326 -3.0466 0.9120
Car -1 -1 -2.0473 461.4732 182.1658 724.9758 330.3710 1.4946 1.6707 4.4140 -0.5536 1.6526 9.8913 -2.1032 0.8821
Car -1 -1 -1.8777 388.1509 182.3651 526.8149 275.4995 1.5427 1.6011 3.8383 -3.2236 1.7605 14.4325 -2.0945 0.8562
Car -1 -1 -0.3460 742.2479 179.2228 964.1558 254.5968 1.4628 1.6333 4.0694 4.9069 1.6039 15.0431 -0.0372 0.8323
Car -1 -1 1.6650 77.6887 201.9371 181.5154 278.0830 1.3766 1.6038 4.1310 -11.1618 2.1480 16.9255 1.0889 0.7595
Car -1 -1 1.7051 131.0454 196.0372 204.6276 245.8596 1.4261 1.6236 3.8777 -15.0808 2.2880 24.7085 1.1616 0.6992
Car -1 -1 -1.7674 360.5441 187.0412 449.3061 255.9039 1.5003 1.5426 3.2798 -5.3113 1.8956 18.2743 -2.0470 0.6158
Car -1 -1 3.0037 592.6718 180.4664 718.2272 230.5605 1.4453 1.5556 3.6378 1.2860 1.6877 22.0176 3.0604 0.5089
Car -1 -1 -2.6121 962.9197 167.3940 1133.6310 228.7475 1.4680 1.5638 3.5764 11.4789 1.3377 19.2041 -2.0804 0.4083
Car -1 -1 1.7628 141.1632 194.6147 210.4956 236.6024 1.4522 1.6373 4.2508 -17.7387 2.4137 29.5892 1.2264 0.3487
