Car -1 -1 -0.4996 854.9156 179.9437 1242.0000 375.0000 1.5160 1.6821 4.1392 4.4030 1.5879 6.2591 0.0906 0.7829
Car -1 -1 2.8156 702.5709 180.2776 895.4462 247.9817 1.4419 1.6051 3.9687 4.1982 1.6223 16.5384 3.0591 0.7672
Car -1 -1 1.7906 337.8131 180.0962 485.7843 297.0811 1.6582 1.6021 3.8764 -3.2665 1.8031 12.4315 1.5379 0.7512
Car -1 -1 2.8035 672.9055 176.6349 840.2462 239.4461 1.5543 1.6504 4.0184 3.7711 1.6606 19.0964 2.9947 0.6670
Car -1 -1 2.2767 0.0000 138.2191 290.1668 375.0000 1.7024 1.6860 4.1941 -3.4410 1.6272 3.6770 1.5598 0.5881
Car -1 -1 1.9879 418.9612 187.8564 529.0378 248.5447 1.4373 1.5791 3.8683 -3.7210 1.9001 20.1726 1.8071 0.5684
Car -1 -1 2.5643 759.5191 175.1064 1123.6670 320.7807 1.5488 1.6436 3.7981 3.8919 1.5804 8.8459 2.9655 0.5460
Car -1 -1 2.0164 151.3991 193.2151 407.9031 362.0639 1.4583 1.4380 2.9082 -3.5007 1.7285 8.0740 1.6182 0.3189
Car -1 -1 0.4730 1005.9041 210.3251 1242.0000 375.0000 1.4032 1.5636 3.9181 3.4783 1.6438 2.5438 1.3577 0.2890
Car -1 -1 1.7300 478.3310 185.4676 532.3786 225.9529 1.4315 1.5393 3.7595 -4.1181 1.9647 28.5819 1.5875 0.2657
Car -1 -1 2.1498 610.4107 175.9548 648.5783 193.3264 1.4877 1.5873 3.8121 1.7526 1.7741 64.5296 2.1765 0.1983
Car -1 -1 1.2906 611.8295 180.5880 648.0497 201.3495 1.4627 1.5985 4.3673 1.4421 2.0760 54.8697 1.3163 0.1921
Car -1 -1 1.7020 495.4602 174.9148 542.9836 216.5910 1.8357 1.6872 4.2367 -4.2617 1.9396 34.1134 1.5781 0.1720
