Car -1 -1 -2.0369 828.6043 165.3465 1176.9656 352.3275 1.6923 1.7348 4.3473 4.1815 1.6247 8.7291 -1.6043 0.8878
Car -1 -1 -1.2765 303.0513 183.7335 484.5229 305.5064 1.4393 1.5422 3.5581 -3.0220 1.6273 10.6430 -1.5476 0.8528
Car -1 -1 -1.4464 485.0728 174.8931 549.5923 228.0743 1.5893 1.6166 3.9495 -2.9996 1.6622 23.6871 -1.5716 0.7661
Car -1 -1 -1.8362 667.8522 178.2604 720.2429 210.2783 1.3936 1.5457 3.5844 3.8535 1.6624 33.9299 -1.7247 0.7251
Car -1 -1 -1.3672 403.3401 166.9510 517.6563 258.4348 1.7493 1.6585 3.9229 -3.1619 1.6368 15.7625 -1.5627 0.7219
Car -1 -1 -0.9822 0.0000 190.1488 410.0275 375.0000 1.4527 1.6132 4.1348 -2.7755 1.6106 4.4597 -1.5135 0.7206
Car -1 -1 2.1074 126.2554 175.6033 244.4553 221.4728 1.5077 1.7348 4.2565 -15.2379 1.6157 26.1089 1.5833 0.7015
Car -1 -1 2.2723 0.0000 175.8894 130.1698 275.3659 1.5445 1.6935 4.2575 -11.2934 1.6105 13.4705 1.5843 0.6090
Car -1 -1 1.9718 269.2676 175.0977 338.2922 209.5432 1.6731 1.7273 4.3639 -15.8541 1.7969 37.5124 1.5742 0.4548
Car -1 -1 2.3267 0.0000 176.9224 135.4343 237.4568 1.4694 1.6299 3.9157 -15.3215 1.5930 19.8172 1.6750 0.3490
Car -1 -1 -1.4841 550.3328 175.1895 575.5870 195.6635 1.4856 1.5875 3.8355 -3.5612 1.6693 54.7271 -1.5491 0.3288
Car -1 -1 -1.6550 665.6487 175.9668 701.3588 205.6387 1.4853 1.5743 3.6157 3.8222 1.6589 38.3167 -1.5569 0.2851
