Pedestrian -1 -1 -1.6405 1121.3638 149.8766 1209.0874 324.1248 1.6883 0.6363 0.8919 5.7770 1.3933 7.3931 -0.9961 0.8407
Pedestrian -1 -1 1.1701 1057.7262 140.3562 1187.2534 348.0937 1.7579 0.6201 0.9520 4.6653 1.4199 6.5064 1.7711 0.8375
Pedestrian -1 -1 -1.3992 781.8278 149.2806 858.7765 320.7924 1.7644 0.6742 0.9682 2.3578 1.4449 7.8516 -1.1165 0.7983
Pedestrian -1 -1 1.6329 978.0341 151.0275 1048.6635 323.8983 1.7583 0.6319 0.9450 4.4427 1.4603 7.7549 2.1374 0.7315
Pedestrian -1 -1 2.0298 878.5313 152.7037 969.8407 314.2543 1.7921 0.6145 1.0139 3.7512 1.4855 8.4009 2.4376 0.7268
Pedestrian -1 -1 1.8793 914.4499 151.2260 1009.7339 352.0065 1.7365 0.5989 0.7798 3.2890 1.4850 6.5994 2.3246 0.6691
Pedestrian -1 -1 -0.2545 985.5300 149.0721 1094.6351 308.2496 1.8274 0.5947 0.9970 5.1726 1.4683 8.5341 0.2758 0.5548
Pedestrian -1 -1 1.5782 825.9252 160.6578 849.0074 222.3709 1.8351 0.6550 0.9630 7.0638 1.2466 21.5799 1.8919 0.4927
Pedestrian -1 -1 1.9336 779.3634 163.2025 810.8423 223.1333 1.7661 0.6282 0.9454 5.7264 1.2579 21.3982 2.1930 0.3602
Pedestrian -1 -1 0.1609 919.8107 153.7462 1000.3859 298.6169 1.8111 0.5341 0.8801 4.6255 1.4783 9.3051 0.6104 0.2224
Pedestrian -1 -1 1.9698 814.9356 161.1611 845.9426 224.1451 1.7891 0.5726 0.8639 6.5373 1.2413 20.5938 2.2745 0.1911
Pedestrian -1 -1 -2.7833 618.2674 171.3395 630.7661 198.0240 1.7177 0.6073 0.6389 1.2680 1.1294 45.9104 -2.7542 0.1044
Car -1 -1 -0.6466 874.7428 168.8326 1224.0000 324.3330 1.6576 1.6619 3.8141 5.4354 1.5350 8.5402 -0.0949 0.1494
Car -1 -1 1.5796 692.0782 174.1835 715.4172 195.7666 1.4493 1.5557 3.7283 6.9227 1.0265 49.4325 1.7195 0.1216
Car -1 -1 -3.4918 867.1420 170.3257 1224.0000 370.0000 1.6119 1.6961 4.1783 4.6797 1.5389 6.5221 -2.8906 0.1162
