Car -1 -1 -1.9660 757.0414 185.2529 1187.1053 375.0000 1.4715 1.6553 4.3412 2.6332 1.6235 6.6277 -1.6044 0.8987
Car -1 -1 -1.7314 687.9955 180.5535 791.3411 257.1656 1.4369 1.5766 3.8997 2.6632 1.6275 15.8733 -1.5692 0.8756
Car -1 -1 -1.6149 580.1602 171.6812 649.8752 239.7652 1.6468 1.6732 4.0655 -0.0084 1.6188 19.5181 -1.6162 0.8608
Car -1 -1 -1.7230 668.1143 179.2514 739.7009 232.1073 1.4316 1.5673 3.8003 2.7151 1.6435 21.9299 -1.6022 0.7602
Car -1 -1 -1.7167 657.4138 179.5922 711.9807 220.1091 1.4140 1.5459 3.6443 2.7528 1.6900 27.6537 -1.6192 0.6908
Car -1 -1 2.0070 301.4103 178.3010 361.4452 208.9082 1.4521 1.5246 3.4481 -14.1132 1.7425 36.6346 1.6414 0.6209
Car -1 -1 1.9033 348.3034 176.2213 396.7115 202.7708 1.5006 1.5860 3.8273 -14.1882 1.7116 43.1952 1.5875 0.5874
Car -1 -1 1.8689 403.9719 175.0468 441.5685 195.3375 1.4745 1.6405 4.0916 -14.2360 1.6482 54.9596 1.6164 0.4653
Car -1 -1 -1.5910 644.8356 179.7705 673.2728 206.2029 1.3874 1.5143 3.5752 2.6924 1.7949 40.6429 -1.5259 0.4158
Car -1 -1 2.4453 0.0000 170.8567 65.7893 248.9492 1.4890 1.6008 3.6045 -14.1715 1.4513 15.6554 1.7181 0.2479
