Pedestrian -1 -1 2.9059 366.9263 179.8259 422.9930 268.5164 1.7357 0.5989 0.9827 -4.4341 1.8831 14.7028 2.6172 0.8693
Car -1 -1 -0.3015 788.1703 179.3128 1164.0844 313.6462 1.5002 1.6701 3.9597 4.3530 1.5929 9.2355 0.1258 0.9056
Car -1 -1 1.8713 327.9134 192.3168 439.4488 259.9108 1.4382 1.6022 3.9472 -5.6893 1.9901 18.4660 1.5757 0.8853
Car -1 -1 2.1628 0.0000 204.8628 305.5800 375.0000 1.4468 1.6967 4.4034 -5.4272 1.9181 8.3862 1.6023 0.8638
Car -1 -1 1.8085 405.9974 191.1684 478.8666 240.3427 1.4315 1.5366 3.7748 -5.5971 2.0972 24.3124 1.5839 0.7672
Car -1 -1 -0.3664 714.2789 180.8522 850.4862 230.6735 1.4762 1.6069 3.8628 5.3478 1.7409 22.7821 -0.1394 0.7333
Car -1 -1 -0.1393 691.3471 179.2534 806.7197 225.6247 1.5522 1.6320 3.7731 4.7585 1.7849 25.2953 0.0438 0.6737
Car -1 -1 -0.0790 647.2798 178.9791 712.7007 204.3800 1.5211 1.6335 3.8910 4.2417 1.9060 44.4583 0.0149 0.6276
Car -1 -1 1.7517 462.4360 187.5273 509.0491 220.8385 1.4052 1.5220 3.6614 -5.8177 2.1323 33.8939 1.5825 0.6274
Car -1 -1 0.5055 1050.2662 185.8809 1242.0000 375.0000 1.4782 1.5884 3.8525 4.1732 1.5749 3.2883 1.3657 0.4895
Car -1 -1 2.7469 767.6192 157.2788 1095.9182 279.2184 1.8487 1.8227 4.5820 5.0297 1.6129 11.8549 3.1383 0.4684
Car -1 -1 2.9979 651.0865 182.5107 746.9536 216.1852 1.4561 1.6271 4.0974 3.9266 1.9038 32.5573 3.1162 0.4204
Car -1 -1 1.7746 478.2697 184.3763 520.6140 213.2052 1.4494 1.5545 3.8939 -6.0853 2.1178 39.8446 1.6235 0.3185
Car -1 -1 3.0514 637.4215 177.8082 692.8479 200.2640 1.5565 1.6378 3.7886 3.8562 1.9145 51.2328 3.1256 0.2967
