Car -1 -1 2.1658 50.7442 195.2292 230.8319 264.9955 1.4848 1.7464 4.4746 -12.1759 2.1468 19.0704 1.6036 0.9118
Car -1 -1 -1.3707 480.3626 185.4855 568.3134 245.4805 1.4574 1.6536 4.4034 -2.3809 1.8607 20.7440 -1.4844 0.8835
Car -1 -1 -1.5320 579.1571 178.4901 614.2800 210.5264 1.5288 1.6573 4.0704 -0.6729 1.8359 37.2040 -1.5506 0.8058
Car -1 -1 1.9953 1027.1255 168.0662 1242.0000 270.7076 1.4226 1.6203 4.1299 8.7373 1.3566 11.7243 2.6234 0.6943
Car -1 -1 2.0108 255.4094 193.2682 320.9504 227.2009 1.4472 1.5469 3.4386 -15.3944 2.4757 34.5986 1.5946 0.6407
Car -1 -1 2.0612 947.6480 168.3134 1137.8074 247.6423 1.4162 1.6171 4.0475 8.7699 1.3355 14.6244 2.5921 0.6344
Car -1 -1 2.6917 837.7106 166.6261 1021.1401 228.0198 1.6620 1.7720 4.4447 8.9362 1.4938 20.5152 3.0967 0.5571
Car -1 -1 2.2885 0.0000 203.4331 73.5736 281.1228 1.4798 1.6592 4.1299 -15.3797 2.3067 17.4345 1.5731 0.5395
Car -1 -1 2.1404 173.7187 197.6628 274.4579 239.5617 1.4108 1.6262 4.0150 -15.3183 2.4730 28.8111 1.6552 0.4587
Car -1 -1 -1.6494 701.8308 173.5616 731.7181 198.5639 1.6331 1.7016 3.9444 7.2190 1.6837 49.2645 -1.5052 0.4586
Car -1 -1 1.8511 1178.5281 164.0195 1242.0000 322.1038 1.5134 1.6026 4.0596 8.6429 1.4292 8.6094 2.6211 0.3332
Car -1 -1 1.7758 425.9373 186.6758 454.7130 206.3842 1.4851 1.5498 3.7893 -13.8527 2.6518 58.9663 1.5457 0.2873
