Pedestrian -1 -1 -0.3799 691.7126 169.5095 724.7695 230.6944 1.6709 0.5984 0.7410 2.6826 1.5799 20.0830 -0.2499 0.3840
Cyclist -1 -1 -1.8548 690.6279 170.6822 727.6005 234.6599 1.7000 0.5357 1.7664 2.6902 1.6426 20.0833 -1.7244 0.2126
Car -1 -1 -1.7902 740.1014 178.8948 836.7614 244.4373 1.4307 1.5538 3.4872 4.2416 1.5950 17.8218 -1.5610 0.9010
Car -1 -1 -1.2248 302.9518 181.5216 502.6757 309.2549 1.5658 1.6643 3.9376 -2.9950 1.7246 11.1527 -1.4822 0.8619
Car -1 -1 2.0803 195.5582 184.0623 285.6361 223.4917 1.4246 1.5602 3.8156 -14.8282 1.9072 29.1068 1.6125 0.7976
Car -1 -1 -1.3332 434.0084 171.5259 537.4691 247.6514 1.7632 1.7130 4.1516 -3.1499 1.7328 18.8426 -1.4973 0.7956
Car -1 -1 -1.7572 715.0873 178.6566 790.0433 230.3113 1.4210 1.5622 3.6964 4.2269 1.6141 22.1104 -1.5715 0.6640
Car -1 -1 -1.6628 682.8085 176.6622 728.9347 211.0918 1.4428 1.6691 4.3763 4.2666 1.6287 32.9401 -1.5357 0.6580
Car -1 -1 2.0390 270.2057 178.9119 345.8299 212.0503 1.4976 1.6637 4.3231 -14.8437 1.8158 35.6349 1.6466 0.5449
Car -1 -1 -1.3055 485.1897 175.6642 565.8854 225.4092 1.5912 1.7367 4.4455 -2.9337 1.7006 25.6686 -1.4187 0.3731
Car -1 -1 1.9960 363.5758 177.7650 409.8535 202.2834 1.4964 1.5422 3.5116 -14.4031 1.8265 46.6091 1.6976 0.3014
Car -1 -1 -1.4075 664.1997 173.1385 696.2894 196.4284 1.5163 1.6013 3.6506 4.7746 1.5368 48.9922 -1.3113 0.2758
Car -1 -1 1.9289 326.0935 178.4770 377.9686 206.8893 1.5208 1.5847 3.7155 -14.7099 1.8570 41.2292 1.5879 0.2526
