Pedestrian -1 -1 0.3242 928.9697 144.6929 1041.3199 313.6568 1.8735 0.5997 1.0469 4.4666 1.4782 8.4192 0.7982 0.8630
Pedestrian -1 -1 0.4480 889.1042 140.1855 1012.0031 327.7690 1.8896 0.6159 1.0440 3.7051 1.4852 7.7162 0.8816 0.8433
Pedestrian -1 -1 -0.0113 974.8141 145.7928 1065.5630 294.8333 1.7913 0.5989 0.9661 5.2058 1.3758 8.9874 0.5002 0.8259
Pedestrian -1 -1 -2.5191 576.6765 154.2496 637.4304 255.6827 1.8510 0.5869 0.9991 -0.0063 1.3736 13.4278 -2.5177 0.6870
Pedestrian -1 -1 -2.3652 549.6281 154.9167 612.3071 260.1714 1.8290 0.6035 1.0018 -0.4856 1.3861 12.8419 -2.4002 0.6593
Pedestrian -1 -1 1.1962 539.7366 158.0550 578.0700 236.5428 1.8720 0.6435 0.9384 -1.1817 1.3383 17.4206 1.1315 0.5869
Pedestrian -1 -1 0.9942 558.8536 158.8484 598.7354 234.4469 1.8653 0.5862 0.9593 -0.7108 1.3327 18.0018 0.9572 0.1610
Cyclist -1 -1 -0.5081 1098.2510 174.4276 1183.1440 236.2686 1.7095 0.6130 1.8486 15.0711 1.5432 19.9662 0.1323 0.2990
Car -1 -1 -2.2103 1027.9945 182.3353 1154.4293 227.6246 1.4077 1.5393 3.8341 16.3661 1.4768 24.0813 -1.6180 0.6945
Car -1 -1 1.1537 1122.2584 183.3593 1224.0000 229.8384 1.4492 1.5903 3.7276 19.5131 1.5570 24.2899 1.8255 0.5723
Car -1 -1 -2.2162 951.5602 179.5018 1065.7500 226.8497 1.4991 1.5889 3.5062 13.6732 1.4691 24.2264 -1.7065 0.3909
Car -1 -1 -1.4933 597.4157 174.5966 632.6211 203.4601 1.4360 1.5634 3.6542 0.5564 1.1437 37.0639 -1.4767 0.2050
