Car -1 -1 -1.3260 129.1844 189.8188 304.2914 295.5417 1.4699 1.6821 4.5240 -6.9530 1.8368 13.1925 -1.8033 0.8844
Car -1 -1 -1.6103 345.7364 182.0897 399.3693 232.7809 1.6283 1.6835 4.2982 -8.7708 1.9951 26.3225 -1.9294 0.8163
Car -1 -1 2.1026 777.3831 174.7107 939.5370 250.8962 1.4221 1.5597 3.8294 5.3270 1.4669 15.3977 2.4291 0.6256
Car -1 -1 1.6329 1007.4370 168.1429 1151.2058 275.6711 1.4174 1.6726 4.3704 7.6894 1.3557 11.7675 2.1998 0.5932
Car -1 -1 2.0961 1118.8982 176.3470 1242.0000 228.9870 1.4307 1.6406 4.3483 17.3318 1.5420 21.3669 2.7705 0.5240
Car -1 -1 1.9210 2.8300 197.7449 100.8366 242.1755 1.4710 1.6854 4.3481 -22.1796 2.5458 28.8183 1.2694 0.3952
Car -1 -1 -1.0585 623.8335 176.5442 723.2252 224.7395 1.4139 1.5498 3.8256 2.1016 1.5447 23.4894 -0.9711 0.3720
Car -1 -1 2.2048 921.7786 179.5904 1031.7795 217.9668 1.3972 1.6551 4.3322 14.5124 1.6806 28.5928 2.6698 0.3719
Car -1 -1 2.0324 723.9958 177.2224 844.5928 239.5289 1.3951 1.5066 3.6706 4.4523 1.5178 18.3097 2.2666 0.3701
Car -1 -1 2.0621 590.0069 176.2784 682.1735 219.1725 1.4142 1.5963 4.1407 0.9968 1.5499 26.3259 2.0988 0.3024
Car -1 -1 2.3153 664.4598 175.7341 795.7569 229.7172 1.4042 1.5617 3.8095 3.4574 1.4945 20.7452 2.4774 0.2757
Car -1 -1 2.1333 973.9810 179.9135 1089.6956 223.7912 1.4564 1.6261 4.2568 15.3026 1.7299 26.2093 2.6564 0.2231
Car -1 -1 -0.2108 510.6932 178.7858 590.6646 208.6212 1.4563 1.6317 3.8390 -3.0987 1.7725 37.0841 -0.2941 0.2227
