Cyclist -1 -1 1.7164 554.1984 172.9237 569.5153 207.9108 1.7723 0.5408 1.7990 -2.5278 1.7763 37.4683 1.6490 0.3693
Car -1 -1 -1.8463 730.7081 182.0374 949.4933 329.3368 1.4677 1.5900 3.7685 2.6325 1.6107 9.3141 -1.5803 0.8687
Car -1 -1 -1.7147 678.5622 173.5840 788.5089 262.0115 1.6359 1.6654 4.2731 2.4447 1.6541 15.5244 -1.5624 0.8498
Car -1 -1 -2.1549 842.7906 194.5429 1242.0000 375.0000 1.4407 1.5052 3.4885 2.7161 1.6234 4.2825 -1.6215 0.7174
Car -1 -1 3.3244 0.0000 173.1914 240.3797 375.0000 1.5556 1.6575 4.0193 -5.4780 1.5596 6.0796 2.6125 0.6605
Car -1 -1 2.7319 428.0843 177.8347 528.7897 213.6641 1.4274 1.5858 3.9509 -5.6610 1.6538 30.9875 2.5523 0.5935
Car -1 -1 -0.3583 381.4589 170.6743 517.4912 223.5460 1.7053 1.7434 4.2945 -5.6033 1.6353 25.1690 -0.5757 0.5934
Car -1 -1 -1.6737 654.9337 180.2858 710.3677 224.6893 1.4007 1.5358 3.6527 2.4237 1.6795 25.2041 -1.5796 0.5444
Car -1 -1 -0.5254 485.7613 176.6873 559.0181 206.1557 1.5301 1.5936 3.6984 -4.8282 1.7505 39.6672 -0.6462 0.5247
Car -1 -1 2.9711 118.2150 161.4587 420.0482 288.0385 1.7379 1.7506 4.2512 -5.5410 1.5818 11.8270 2.5411 0.2947
