Car -1 -1 -1.7771 681.5308 175.6468 739.4827 215.3923 1.4465 1.5460 3.5140 3.8345 1.5634 28.3195 -1.6444 0.8267
Car -1 -1 -1.3633 434.4583 169.6891 532.5397 242.4194 1.6423 1.6357 4.0613 -3.1309 1.5712 18.3516 -1.5306 0.8049
Car -1 -1 -1.2586 264.5557 154.6642 474.6257 310.1367 1.7820 1.6449 3.8112 -3.1731 1.5738 10.1863 -1.5541 0.8048
Car -1 -1 2.2069 0.0000 171.4845 150.8942 231.6249 1.5324 1.7083 4.1793 -15.2608 1.4978 20.4728 1.5725 0.7902
Car -1 -1 -1.0112 0.0000 187.1548 384.0490 375.0000 1.4428 1.5276 3.6550 -3.0191 1.5791 5.0004 -1.5320 0.6164
Car -1 -1 2.0976 111.6093 169.6463 228.9022 215.3267 1.5101 1.7196 4.1690 -15.6873 1.4044 25.9444 1.5581 0.5690
Car -1 -1 -1.4357 482.5529 174.5949 542.1953 221.8490 1.4901 1.5523 3.5446 -3.3078 1.5542 24.6546 -1.5683 0.4882
Car -1 -1 -0.5021 897.3176 176.0572 1003.5315 213.5166 1.7311 1.7657 4.2798 16.2053 1.8894 34.5418 -0.0673 0.3937
Car -1 -1 -1.7058 671.9519 173.4741 717.8503 208.0074 1.4713 1.5696 3.6368 3.7438 1.5013 32.6400 -1.5932 0.3641
Car -1 -1 -1.4834 538.6135 170.9499 568.1432 195.0401 1.5788 1.6656 4.0658 -3.8592 1.4543 49.3246 -1.5615 0.3504
Car -1 -1 -2.4372 1076.1899 188.8254 1242.0000 375.0000 1.4901 1.6264 3.9394 4.0945 1.6047 3.1895 -1.5728 0.3322
