Car -1 -1 -2.1173 618.4090 190.6732 1001.0647 375.0000 1.4690 1.6551 4.4430 1.5977 1.7180 7.6936 -1.9219 0.9140
Car -1 -1 1.7331 248.5390 202.1688 353.6578 279.3580 1.4027 1.6078 3.8336 -7.0581 2.1656 16.7165 1.3387 0.8815
Car -1 -1 -1.8750 545.5433 190.6515 700.1813 298.0873 1.4825 1.5831 3.8460 0.0035 1.8475 12.7119 -1.8762 0.8595
Car -1 -1 -3.5881 973.7640 197.2396 1242.0000 299.8536 1.3932 1.6194 3.9885 8.1179 1.8178 11.4358 -2.9838 0.7485
Car -1 -1 1.7631 313.4216 196.4081 380.6454 243.7327 1.4095 1.5420 3.5893 -9.1636 2.2963 25.2606 1.4180 0.6300
Car -1 -1 -1.7664 521.4879 192.3987 616.2917 267.3248 1.4599 1.5484 3.4384 -1.1078 1.9681 16.8873 -1.8320 0.6073
Car -1 -1 1.6727 326.9192 194.5612 380.0925 235.1971 1.4642 1.6960 4.2366 -10.8599 2.4551 30.6655 1.3346 0.2960
Car -1 -1 -3.5117 1137.3751 197.2509 1242.0000 356.9546 1.4594 1.6198 3.9088 8.7997 1.8013 8.5778 -2.7314 0.2573
Car -1 -1 0.1196 778.9728 196.4621 931.8794 260.7054 1.4672 1.5235 3.6712 6.4146 2.1382 19.0258 0.4390 0.2480
Car -1 -1 -3.2113 671.4365 188.7256 775.5518 230.7445 1.3787 1.5253 3.4921 3.8627 1.9543 25.2493 -3.0621 0.1256
