Pedestrian -1 -1 1.3153 814.9185 147.6112 860.5023 242.7566 1.8175 0.6316 0.9432 4.5479 1.1909 13.9893 1.6249 0.7734
Pedestrian -1 -1 1.3033 888.8134 148.0585 932.6679 242.3824 1.7162 0.5579 0.8003 5.6934 1.1275 13.2923 1.7012 0.7153
Pedestrian -1 -1 1.1184 846.6172 148.3796 894.2451 241.0728 1.7866 0.5765 0.8318 5.2272 1.1691 14.0660 1.4687 0.2727
Pedestrian -1 -1 -1.5655 806.3995 153.0462 828.1645 209.4506 1.7953 0.6661 0.7055 6.8554 0.9230 22.9342 -1.2770 0.1590
Car -1 -1 2.3524 190.6535 168.8837 445.0190 283.5251 1.6761 1.6821 4.2076 -4.8788 1.5080 12.5963 1.9930 0.7860
Car -1 -1 -1.1809 39.1299 176.4607 175.6926 239.7338 1.5864 1.6614 4.1195 -13.8380 1.4867 19.9091 -1.7791 0.6649
Car -1 -1 1.8962 534.6483 168.8542 585.3090 195.8222 1.4337 1.6048 4.1187 -2.4786 0.8160 39.7826 1.8363 0.5230
Car -1 -1 -1.4091 574.6198 167.2204 604.5845 188.8743 1.5153 1.6017 3.6813 -1.0771 0.5873 51.4076 -1.4281 0.4002
Car -1 -1 -0.1742 700.8882 160.6617 761.6196 184.1182 1.5733 1.6294 3.8532 8.5816 0.2440 48.2387 0.0026 0.2672
Car -1 -1 2.1468 0.0000 184.7400 67.8661 246.2054 1.4208 1.6737 4.2324 -16.5817 1.5487 18.8530 1.4355 0.1192
Car -1 -1 3.3435 0.0000 179.5208 64.3468 220.0176 1.4022 1.5445 4.0901 -22.7076 1.3698 26.1426 2.6361 0.1106
