Cyclist -1 -1 -1.8106 700.0173 162.4235 742.6395 241.3739 1.7462 0.5517 1.8398 2.5319 1.5159 16.8981 -1.6652 0.6354
Car -1 -1 -1.9324 813.2256 179.2085 1008.4169 296.3914 1.4476 1.5448 3.2524 4.1948 1.5567 10.7145 -1.5694 0.9071
Car -1 -1 -1.2576 319.1885 159.3536 496.5638 289.7134 1.8096 1.6575 3.9383 -3.1870 1.6226 12.0279 -1.5121 0.8260
Car -1 -1 2.1757 42.7905 176.3262 182.9162 229.5194 1.4639 1.6019 3.8466 -15.0473 1.5796 22.0387 1.5820 0.7306
Car -1 -1 2.1581 170.7758 174.5514 281.8590 215.0808 1.4784 1.7552 4.3968 -15.1898 1.5518 28.7862 1.6761 0.6713
Car -1 -1 -1.8533 749.9543 177.0224 875.5164 254.7368 1.4228 1.5465 3.6256 4.0756 1.5218 15.2368 -1.5976 0.5833
Car -1 -1 -1.4338 494.7594 176.4204 554.6415 221.7130 1.4339 1.5683 3.6758 -2.9232 1.5669 24.9859 -1.5497 0.5693
Car -1 -1 -1.6895 727.1889 172.0979 800.5327 230.5360 1.5182 1.5911 3.6731 4.2579 1.4990 20.6381 -1.4895 0.5310
Car -1 -1 1.8113 432.2241 160.6750 546.7486 241.7148 1.8472 1.8667 4.6417 -3.0172 1.5700 18.8342 1.6540 0.4450
Car -1 -1 2.0528 253.1178 172.9745 334.6646 206.4740 1.4978 1.7022 4.4367 -15.0546 1.5043 34.5491 1.6444 0.4444
Car -1 -1 -1.6706 692.5212 173.2318 749.0421 215.4492 1.4133 1.6060 4.0824 3.9078 1.4285 26.2642 -1.5250 0.4168
Car -1 -1 -1.6183 669.3031 167.2328 700.9919 196.5672 1.6435 1.6585 3.8142 4.3364 1.3289 42.3712 -1.5174 0.3994
Car -1 -1 1.7485 516.0957 172.3772 570.8737 209.7534 1.5194 1.6682 4.1564 -2.8662 1.5003 31.4712 1.6579 0.3751
Car -1 -1 -0.8910 0.0000 174.9220 392.3779 375.0000 1.5824 1.7543 4.4790 -3.0489 1.6015 4.2373 -1.4861 0.2523
