Pedestrian -1 -1 1.5746 790.6916 158.0479 842.2690 292.6285 1.7940 0.6645 0.9627 2.9597 1.4613 9.9748 1.8556 0.9028
Pedestrian -1 -1 0.4530 687.5155 165.1921 764.8317 294.6342 1.7161 0.5903 0.8970 1.6736 1.4800 9.8683 0.6169 0.8265
Pedestrian -1 -1 1.3134 729.7532 165.8473 778.3184 280.1384 1.6842 0.5283 0.8252 2.2592 1.4312 10.8401 1.5142 0.7575
Pedestrian -1 -1 1.1958 436.6770 168.0917 471.1591 238.7540 1.6842 0.5746 0.8030 -3.6953 1.3277 17.3400 0.9910 0.7451
Pedestrian -1 -1 0.9201 525.9363 169.2265 567.1578 244.1306 1.6475 0.5379 0.8320 -1.3204 1.3436 16.0359 0.8409 0.7395
Pedestrian -1 -1 2.5692 690.1882 168.7186 746.9173 260.7896 1.6181 0.5771 0.8389 2.0570 1.3666 12.8541 2.7253 0.6270
Pedestrian -1 -1 0.4798 537.7751 167.2531 575.3724 238.1013 1.7003 0.5261 0.7650 -1.1715 1.3212 17.3584 0.4151 0.5794
Pedestrian -1 -1 3.1136 373.6186 170.0263 403.9979 230.5680 1.6534 0.5465 0.7968 -5.9988 1.2975 19.6884 2.8239 0.4140
Pedestrian -1 -1 2.7783 351.8479 167.9866 380.7571 220.7151 1.6761 0.5889 0.7289 -7.7024 1.1968 22.9288 2.4600 0.3661
Pedestrian -1 -1 2.2420 324.2739 168.8564 353.9898 219.9835 1.6403 0.5767 0.7373 -8.6491 1.1844 23.1196 1.8902 0.3210
Cyclist -1 -1 0.9881 583.7130 166.0544 638.9134 234.4122 1.7526 0.5424 1.8740 0.1681 1.3167 19.0569 0.9983 0.6059
Car -1 -1 -2.1696 1084.2740 184.5062 1211.8190 225.0465 1.4069 1.6182 4.3999 20.5373 1.4659 26.9229 -1.5221 0.7910
Car -1 -1 -2.0741 1012.9029 184.1515 1127.6544 224.8726 1.4090 1.6588 4.4582 17.5500 1.4534 26.8594 -1.4992 0.6371
Car -1 -1 -2.0762 951.3491 181.4696 1047.3560 223.4280 1.5004 1.6088 3.6810 15.0627 1.4432 27.1210 -1.5727 0.5172
Car -1 -1 0.8248 610.5463 166.4038 725.7553 221.3237 1.7452 1.6970 4.0244 2.1551 1.2158 24.5744 0.9127 0.3539
Car -1 -1 -1.0046 1189.6483 184.6104 1226.0000 243.9067 1.4918 1.6164 3.9528 18.1965 1.5365 19.1210 -0.2508 0.2119
