Pedestrian -1 -1 -2.4117 578.6202 176.2094 611.2989 240.7110 1.6304 0.5450 0.6484 -0.4383 1.7197 18.6965 -2.4358 0.1471
Car -1 -1 -1.8308 844.2082 178.4062 1023.1041 285.6285 1.4803 1.6413 4.3094 5.2484 1.5936 12.4341 -1.4408 0.9145
Car -1 -1 2.8330 462.3076 183.4373 610.3572 244.7918 1.4317 1.5432 3.5216 -1.9616 1.7276 18.7344 2.7293 0.8784
Car -1 -1 -1.7436 799.8969 177.4651 875.0085 230.2235 1.4555 1.5596 3.6362 6.8333 1.6095 22.1348 -1.4485 0.8487
Car -1 -1 2.7547 603.1971 177.9043 675.7765 204.5330 1.4517 1.5962 3.8285 1.6470 1.7507 41.2679 2.7937 0.8094
Car -1 -1 2.8228 487.3102 180.0321 636.8799 234.7380 1.5070 1.6776 4.2071 -1.4960 1.7405 21.8571 2.7545 0.6762
Car -1 -1 -1.6215 760.3823 172.8179 789.3007 197.5163 1.5031 1.5895 3.7872 10.4173 1.5013 45.9102 -1.4002 0.5251
Car -1 -1 -1.7023 782.3160 176.5065 842.8244 218.5237 1.4402 1.6435 4.1011 7.5164 1.5893 27.2439 -1.4365 0.4289
Car -1 -1 -2.2054 1053.9640 199.3582 1242.0000 375.0000 1.4660 1.6065 3.9284 4.0551 1.6814 3.7904 -1.4253 0.3956
Car -1 -1 2.7765 547.7721 181.3451 658.1910 221.1420 1.3964 1.5648 3.8866 -0.3103 1.7359 27.3737 2.7646 0.1956
Car -1 -1 -1.9208 650.5678 175.6220 688.5389 196.7878 1.4471 1.5920 3.5306 4.2035 1.6533 51.7431 -1.8406 0.1384
