Car -1 -1 -1.9745 752.6543 177.7458 1026.3612 331.8669 1.5196 1.6454 4.2111 3.2105 1.5985 9.4173 -1.6566 0.8633
Car -1 -1 3.0836 19.0686 188.2642 374.0456 322.7667 1.3757 1.5347 3.7325 -5.2229 1.6115 9.3863 2.5873 0.8174
Car -1 -1 -2.1161 890.1066 192.0621 1242.0000 375.0000 1.4419 1.5651 3.7799 2.8411 1.5950 3.8026 -1.5119 0.7212
Car -1 -1 1.3431 413.0572 176.8547 448.6288 199.2909 1.6271 1.7151 4.3442 -13.8395 1.9479 55.4764 1.0994 0.4340
Car -1 -1 1.7806 487.1849 178.4588 528.8620 205.4347 1.4508 1.5999 3.9202 -5.8662 1.7903 41.6486 1.6411 0.2941
Car -1 -1 1.3444 378.8860 179.4162 409.9705 200.3525 1.5006 1.5246 3.4483 -16.4129 2.0161 54.7632 1.0542 0.2724
Car -1 -1 2.8165 0.0000 209.3156 219.3275 375.0000 1.3847 1.5312 3.9875 -4.2305 1.6668 3.4378 1.9660 0.2553
Car -1 -1 -1.5877 618.1447 170.0380 676.2736 229.4981 1.6565 1.6196 3.4849 1.0403 1.5784 21.8645 -1.5415 0.2437
Car -1 -1 1.5927 595.5253 179.9771 617.2170 199.9334 1.4555 1.6021 3.9422 -0.2780 2.0286 56.0235 1.5873 0.1890
Car -1 -1 -1.2603 321.8189 178.6636 359.6929 199.8028 1.5252 1.5953 3.8913 -20.5445 1.9853 55.1228 -1.6158 0.1773
