Pedestrian -1 -1 1.7501 384.3514 178.0341 430.2272 283.1133 1.6448 0.5845 0.8094 -3.3447 1.7327 11.7639 1.4780 0.4359
Pedestrian -1 -1 0.4321 327.4335 163.9138 412.9383 325.4425 1.7351 0.6460 0.7056 -2.7344 1.6394 8.1092 0.1156 0.2334
Pedestrian -1 -1 1.4006 848.4158 144.6213 910.3807 273.7594 1.9562 0.7685 0.8917 4.1948 1.5289 11.4321 1.7431 0.1712
Car -1 -1 -1.8990 738.3321 183.7029 989.0186 335.6274 1.4496 1.6132 4.2124 2.8650 1.6224 9.3241 -1.6109 0.9131
Car -1 -1 -1.7693 691.5908 182.1953 815.6341 266.7965 1.4645 1.6607 4.2888 2.7779 1.6887 15.1266 -1.5922 0.8327
Car -1 -1 -1.6844 655.5515 181.9739 712.2562 226.2646 1.4156 1.5634 3.8743 2.5246 1.7670 25.8137 -1.5887 0.7973
Car -1 -1 2.0779 228.6898 189.5937 304.2262 220.3873 1.3727 1.5939 4.2552 -17.4055 2.2751 36.7027 1.6376 0.5268
Car -1 -1 -1.6575 644.3843 181.2963 689.7059 217.9975 1.4417 1.6033 3.8844 2.3647 1.8298 31.1903 -1.5832 0.4892
Car -1 -1 -1.5707 623.8970 182.0277 652.6082 209.7176 1.4297 1.5270 3.3327 1.5292 1.9610 40.0680 -1.5334 0.3816
Car -1 -1 2.3807 0.0000 194.3654 97.0178 254.8877 1.4769 1.6477 4.3582 -17.8657 2.1851 21.4767 1.6928 0.3036
Car -1 -1 2.4996 98.8238 189.4076 228.8770 232.8939 1.4455 1.6087 4.1271 -17.1390 2.1364 27.8816 1.9524 0.2106
Car -1 -1 2.1791 119.5672 176.5058 258.4975 238.3241 1.8460 1.7994 4.3853 -13.8905 1.9797 24.0753 1.6603 0.1647
