Pedestrian -1 -1 1.0629 505.8483 157.5351 557.4042 257.1618 1.8148 0.5954 0.9328 -1.4447 1.3981 13.4274 0.9600 0.9167
Pedestrian -1 -1 1.0973 449.2964 158.1029 504.8878 263.9214 1.8130 0.6182 0.9461 -2.3449 1.4309 12.6728 0.9205 0.8848
Pedestrian -1 -1 1.1336 604.8195 166.1244 635.6162 226.7706 1.7355 0.5977 0.8524 0.4071 1.3257 20.7389 1.1546 0.4289
Pedestrian -1 -1 1.9141 575.9270 166.5701 597.0892 208.7161 1.7519 0.6337 0.8856 -0.7991 1.1744 29.9051 1.8894 0.3628
Pedestrian -1 -1 1.4628 551.3077 164.8337 568.1704 208.7110 1.8435 0.6301 0.8555 -1.9577 1.1868 30.1767 1.4005 0.3281
Pedestrian -1 -1 0.8695 593.9394 167.8473 615.1359 207.2871 1.7121 0.5753 0.7670 -0.0420 1.1643 31.1669 0.8699 0.1697
Pedestrian -1 -1 1.6867 285.4032 161.5809 305.1652 206.8415 1.9212 0.6922 0.7822 -13.3683 1.1196 30.4810 1.2790 0.1347
Cyclist -1 -1 -1.1146 535.8215 167.4460 560.2286 200.6190 1.8069 0.5692 1.9224 -3.1793 1.0972 39.5046 -1.1925 0.1258
Car -1 -1 -2.2677 1024.6952 182.4221 1157.7897 228.2643 1.4200 1.5561 3.9276 16.3723 1.4926 24.1006 -1.6756 0.8072
Car -1 -1 -2.0919 959.7421 180.4253 1066.2385 227.3026 1.4842 1.5812 3.5264 13.7769 1.4834 24.1502 -1.5776 0.7586
Car -1 -1 0.9308 1098.5933 182.6248 1224.0000 228.3954 1.4398 1.6041 4.0397 19.2343 1.5209 24.4615 1.5923 0.7223
Car -1 -1 -0.4749 355.6720 169.5847 598.7351 278.9651 1.6446 1.6572 3.8863 -2.2097 1.4822 12.4558 -0.6444 0.1117
