Pedestrian -1 -1 -1.9282 907.6293 147.1913 975.9581 269.7543 1.7946 0.6400 0.9624 5.1005 1.3086 10.8511 -1.4982 0.5978
Pedestrian -1 -1 1.1623 1151.6191 134.4193 1224.0000 263.4210 1.7658 0.6148 0.9364 8.4319 1.1367 10.2062 1.8393 0.5230
Pedestrian -1 -1 0.9562 969.1909 136.6762 1051.1687 265.3697 1.8497 0.6346 0.9494 6.0419 1.2215 10.6639 1.4608 0.3984
Pedestrian -1 -1 0.9788 1070.4264 137.5333 1159.7412 262.2168 1.8077 0.6245 1.0319 7.6917 1.1864 10.7668 1.5870 0.3917
Pedestrian -1 -1 1.0689 1023.2986 135.8233 1105.6522 264.9847 1.8707 0.6279 1.0193 6.9200 1.2253 10.7625 1.6288 0.3822
Pedestrian -1 -1 -1.5190 951.5121 146.1147 982.1438 221.9167 1.9058 0.6644 1.0084 9.3745 1.0429 18.3736 -1.0524 0.3495
Pedestrian -1 -1 1.5855 683.3401 164.8456 697.6426 203.9198 1.8269 0.6619 0.7684 4.0350 1.0964 33.4780 1.7061 0.1459
Pedestrian -1 -1 1.4812 711.5244 163.0569 727.7285 202.6588 1.8620 0.6851 0.8799 5.4425 1.0433 33.7014 1.6416 0.1450
Cyclist -1 -1 1.7180 484.2886 171.9145 505.9754 218.7062 1.6504 0.5228 1.7937 -4.0278 1.3491 25.8313 1.5669 0.4691
Car -1 -1 -1.1111 207.9969 191.6667 372.9315 272.9854 1.3358 1.5019 3.5613 -6.0405 1.5863 13.9325 -1.5102 0.8909
Car -1 -1 1.7903 370.8202 179.0832 448.9194 233.4209 1.5508 1.5712 3.6284 -6.0081 1.5119 22.0192 1.5292 0.7304
Car -1 -1 1.8518 429.0976 182.5656 488.1168 218.4221 1.4209 1.5172 3.5648 -6.1755 1.5156 30.0636 1.6529 0.2323
Car -1 -1 -0.5103 879.2180 166.8508 989.3767 199.1549 1.4273 1.6677 4.2854 14.9443 0.8257 32.2336 -0.0782 0.1250
