Pedestrian -1 -1 1.0109 195.5161 152.7652 286.3363 315.2893 1.8804 0.6099 0.8982 -4.5753 1.6483 8.8390 0.5448 0.7610
Pedestrian -1 -1 -0.7311 141.4281 155.5614 263.1551 336.1830 1.7917 0.6269 0.9574 -4.3839 1.6205 7.7100 -1.2340 0.6730
Pedestrian -1 -1 1.3115 1063.1935 137.1301 1115.7229 230.8378 1.8743 0.6834 0.9294 9.8834 1.1602 14.9772 1.8855 0.3878
Pedestrian -1 -1 2.3356 663.6152 169.1025 689.3934 217.4622 1.7481 0.5596 0.7820 2.4043 1.6128 26.5470 2.4243 0.2552
Pedestrian -1 -1 2.1759 681.1492 168.4488 706.8740 218.6620 1.7627 0.5711 0.7835 2.9632 1.6084 25.8094 2.2883 0.2088
Pedestrian -1 -1 3.1828 199.6286 159.8637 282.5580 295.6513 1.7665 0.5010 0.9816 -5.0482 1.5978 9.8139 2.7181 0.1721
Pedestrian -1 -1 1.5877 1205.2347 137.4654 1242.0000 230.8132 1.8250 0.6752 0.8517 12.4845 1.1335 14.6469 2.2835 0.1394
Pedestrian -1 -1 -0.4590 634.9219 168.9187 654.1503 206.0593 1.7853 0.6334 0.7290 1.6407 1.5965 35.1169 -0.4133 0.1361
Cyclist -1 -1 -1.6626 636.5729 169.7600 651.2695 206.5793 1.7514 0.5498 1.7927 1.6089 1.6046 35.2267 -1.6179 0.1584
Car -1 -1 -1.3321 415.2991 172.6829 496.6124 228.2411 1.6516 1.6641 4.0623 -4.9511 1.6468 23.5035 -1.5380 0.8613
Car -1 -1 1.9103 228.6469 182.2270 397.1813 282.6163 1.4888 1.5812 3.7855 -5.1711 1.6827 12.9743 1.5374 0.8403
Car -1 -1 1.7830 463.4618 178.8491 521.3663 218.5174 1.4391 1.5294 3.6358 -4.6307 1.6924 28.5894 1.6233 0.4678
Car -1 -1 2.2754 0.0000 190.3914 91.2636 375.0000 1.4873 1.5692 3.8449 -5.4225 1.6507 4.7040 1.4473 0.3535
