Pedestrian -1 -1 -2.4627 585.7662 152.8227 652.9195 263.6259 1.8043 0.6173 0.9730 0.1963 1.3553 12.0575 -2.4450 0.8008
Pedestrian -1 -1 1.1651 703.8618 164.8291 731.0445 216.9473 1.8041 0.6579 0.8668 3.9378 1.2632 24.9712 1.3212 0.3933
Pedestrian -1 -1 -1.1872 857.6850 153.4410 939.2234 314.1776 1.7358 0.6413 0.7439 3.3254 1.4453 8.1209 -0.8102 0.1357
Pedestrian -1 -1 2.0204 341.8340 162.5286 367.7289 208.8122 1.8237 0.6711 0.8563 -10.0397 1.1171 28.3177 1.6850 0.1051
Cyclist -1 -1 -2.4878 535.7114 155.2562 657.6681 286.1048 1.8039 0.5710 1.8446 -0.1980 1.4576 10.5208 -2.5043 0.6188
Cyclist -1 -1 -2.9174 804.1370 145.0820 984.5833 320.4517 1.8480 0.5760 1.8601 3.2739 1.4765 8.2039 -2.5491 0.6111
Car -1 -1 -2.2596 1026.8419 182.4127 1156.2635 228.3796 1.4271 1.5492 3.7936 16.3733 1.4991 24.0721 -1.6670 0.8066
Car -1 -1 0.9304 1097.1876 183.1318 1224.0000 228.0210 1.4095 1.6078 4.0958 19.2314 1.5099 24.5005 1.5911 0.6201
Car -1 -1 -2.1093 956.7474 181.1464 1066.2832 228.4058 1.4869 1.5900 3.6053 13.6988 1.5121 24.1120 -1.5968 0.6034
Car -1 -1 -1.6335 601.3593 174.7352 635.0043 203.6727 1.4427 1.5448 3.4193 0.6374 1.1567 36.9871 -1.6147 0.2904
