Pedestrian -1 -1 1.8059 231.4623 137.2952 340.3694 370.0000 1.9019 0.6262 0.9481 -2.7232 1.5684 6.0015 1.4011 0.8507
Pedestrian -1 -1 -3.2853 703.6154 160.4912 760.3239 257.7724 1.7530 0.6185 0.9485 2.2895 1.3941 13.0584 -3.1141 0.7783
Pedestrian -1 -1 1.8183 119.2376 138.2766 235.5575 370.0000 1.8476 0.5995 0.9018 -3.5253 1.5330 5.8067 1.2982 0.7368
Pedestrian -1 -1 2.5847 571.6964 158.2534 628.1540 250.1063 1.8544 0.6634 0.9805 -0.1483 1.4069 14.8118 2.5766 0.7275
Pedestrian -1 -1 2.1047 0.0000 139.3975 92.8847 370.0000 1.7974 0.5835 0.8654 -4.6384 1.5040 5.5389 1.4372 0.5789
Pedestrian -1 -1 -0.1912 541.2293 165.9061 567.6450 210.5829 1.7636 0.6322 0.9535 -2.0536 1.1890 28.3338 -0.2609 0.4941
Pedestrian -1 -1 2.2597 483.1578 166.3185 509.9274 213.3003 1.7695 0.5908 0.8812 -4.1871 1.2369 27.1550 2.1102 0.4754
Pedestrian -1 -1 2.2581 568.7007 166.9741 595.6857 211.2760 1.7780 0.6322 0.9706 -0.9532 1.2367 28.9496 2.2273 0.3184
Pedestrian -1 -1 2.3089 467.8746 165.2564 496.9384 212.6625 1.8232 0.6026 1.0091 -4.8356 1.2384 27.7747 2.1402 0.2711
Pedestrian -1 -1 2.5873 426.3016 164.0543 455.9370 212.0059 1.7793 0.6474 0.8857 -6.2304 1.1706 26.7720 2.3631 0.2401
Pedestrian -1 -1 2.1810 451.4999 164.6893 479.7910 214.1499 1.7857 0.6171 0.9021 -5.1579 1.2164 26.0590 1.9897 0.2037
Pedestrian -1 -1 1.1397 6.3247 131.8324 162.1456 370.0000 1.8332 0.5906 0.8449 -3.6864 1.5273 4.9329 0.5299 0.1727
Car -1 -1 1.9018 638.0164 172.2314 684.4902 198.1542 1.4239 1.5183 3.8168 3.2933 0.9711 40.8846 1.9833 0.1957
Car -1 -1 -2.6705 541.8931 167.5903 645.1334 212.9876 1.7911 1.7198 3.9641 -0.5093 1.2833 29.5358 -2.6859 0.1852
Car -1 -1 0.3113 0.0000 0.0000 1222.3419 370.0000 1.4762 1.5928 3.6852 2.6620 1.5072 1.4343 1.3002 0.1595
