Car -1 -1 -0.3308 739.7435 184.4489 947.0376 261.5424 1.4465 1.5774 3.6857 4.5821 1.6959 14.6426 -0.0341 0.8549
Car -1 -1 2.4365 847.4548 178.9388 1242.0000 375.0000 1.5793 1.6813 4.1144 4.4335 1.6442 6.5419 3.0104 0.7787
Car -1 -1 -0.5039 718.3506 186.4720 893.2609 252.7294 1.4352 1.5893 3.7689 4.6274 1.7867 17.3674 -0.2486 0.7469
Car -1 -1 -0.3253 682.6616 180.7432 825.6212 233.9579 1.5400 1.6610 4.0093 4.3539 1.7962 22.2969 -0.1357 0.6413
Car -1 -1 1.6934 471.4228 189.8298 513.3722 223.1155 1.4604 1.5918 3.7105 -5.7637 2.3395 35.4613 1.5329 0.6362
Car -1 -1 1.7520 441.8711 192.3933 493.6230 231.0220 1.4282 1.5122 3.5420 -5.9429 2.2961 30.2549 1.5591 0.5909
Car -1 -1 0.4657 628.5347 181.9573 677.1799 200.8584 1.4806 1.5941 3.6940 3.5140 2.2543 59.6853 0.5237 0.5593
Car -1 -1 0.6623 1033.5145 199.7791 1242.0000 375.0000 1.4678 1.6263 3.8963 3.4625 1.6382 2.5807 1.5385 0.2543
Car -1 -1 1.7816 486.9270 188.7793 529.2128 217.8377 1.4717 1.5731 3.9603 -5.7426 2.4175 40.7986 1.6421 0.2094
Car -1 -1 1.4733 589.5678 184.9978 610.3773 201.9571 1.4752 1.5618 4.0807 -0.9901 2.6541 67.9058 1.4583 0.1698
Car -1 -1 1.3223 0.0000 217.1006 90.2575 375.0000 1.5101 1.6412 4.2036 -6.4795 1.9993 6.1908 0.5357 0.1481
