Car -1 -1 0.3499 574.0148 180.7682 751.3391 248.0598 1.4230 1.5956 3.8889 1.1942 1.6279 17.1299 0.4173 0.9001
Car -1 -1 0.1420 750.9587 179.9135 839.6791 209.9992 1.4049 1.5999 4.0967 9.1863 1.7716 35.9209 0.3898 0.7072
Car -1 -1 0.3640 630.8494 176.7839 777.6479 239.7341 1.5394 1.5827 3.5809 2.4685 1.6536 19.3722 0.4880 0.6181
Car -1 -1 -1.5708 982.4082 180.3425 1145.5431 319.3616 1.5215 1.6326 3.7076 6.2137 1.6478 10.1211 -1.0339 0.4853
Car -1 -1 0.3095 660.6718 179.9158 806.1781 232.0361 1.4292 1.5977 4.0532 3.6719 1.6595 21.8600 0.4730 0.4243
Car -1 -1 -3.1063 789.2369 178.7377 862.9616 206.0040 1.4643 1.6232 3.9136 12.1612 1.8082 40.7364 -2.8186 0.3734
Car -1 -1 1.5805 975.4641 183.0164 1046.1089 243.9888 1.4634 1.5690 3.5051 10.9692 1.7705 19.8653 2.0781 0.3215
Car -1 -1 -1.7572 947.3477 181.0696 1006.8835 217.6374 1.4466 1.5983 3.9019 15.9408 1.8304 31.5773 -1.2940 0.2267
Car -1 -1 1.2926 980.4664 180.9109 1144.0273 273.9066 1.5149 1.6365 3.9138 8.6227 1.6975 14.2159 1.8279 0.2161
Car -1 -1 1.5393 971.2418 181.5569 1031.7847 232.1535 1.5045 1.6296 4.0600 13.0964 1.8254 24.3847 2.0265 0.1730
