Car -1 -1 2.0195 152.9888 194.6229 368.9063 310.6696 1.3857 1.5212 3.6081 -5.1649 1.7765 11.1167 1.5930 0.8980
Car -1 -1 1.8602 282.1109 184.7795 409.1683 263.4355 1.4539 1.5767 3.7654 -5.6845 1.7478 15.8368 1.5203 0.8245
Car -1 -1 1.7693 396.1167 181.5741 475.7641 238.0119 1.5133 1.5974 3.9310 -5.2324 1.8030 21.9504 1.5374 0.7953
Car -1 -1 1.1347 0.0000 180.7427 175.9016 262.6211 1.4319 1.5686 3.8155 -10.7019 1.6089 14.5404 0.5087 0.7840
Car -1 -1 1.1129 96.4661 178.0597 241.5936 246.3203 1.4456 1.5374 3.5471 -10.5470 1.5811 17.1238 0.5675 0.5783
Car -1 -1 1.7900 424.9486 179.4757 496.3417 226.6914 1.5713 1.6880 4.3099 -5.4832 1.8374 26.7881 1.5894 0.5563
Car -1 -1 1.0737 160.3106 177.0230 296.6755 237.0869 1.4603 1.5790 3.9431 -10.4193 1.5836 19.5340 0.5890 0.3231
Car -1 -1 0.9310 195.0593 177.0956 330.6000 228.3535 1.4506 1.6152 4.1834 -10.8423 1.5925 22.3846 0.4842 0.2799
Car -1 -1 2.4699 317.9312 177.1929 408.4629 212.2995 1.4261 1.5037 3.6114 -10.8174 1.6287 31.7076 2.1433 0.2333
Car -1 -1 1.1226 0.0000 188.0713 88.6889 291.9195 1.4295 1.5971 3.8294 -10.6795 1.7109 11.8446 0.4000 0.1650
Car -1 -1 0.9950 283.7561 176.2628 383.6517 216.6393 1.4603 1.6296 4.2131 -10.9256 1.6034 28.3129 0.6295 0.1466
