Pedestrian -1 -1 -0.6192 754.6329 169.5229 823.0168 288.7779 1.6221 0.6146 0.7166 2.4759 1.5771 10.2317 -0.3895 0.1929
Cyclist -1 -1 -1.8989 746.9551 170.3314 824.2903 296.9210 1.6815 0.5268 1.7631 2.4540 1.6483 10.4857 -1.6765 0.4519
Car -1 -1 -2.0054 863.9718 188.6286 1179.8993 364.5856 1.4192 1.5283 3.4977 4.0704 1.6310 7.9010 -1.5458 0.8652
Car -1 -1 -1.3524 445.7511 172.3793 542.6971 242.3194 1.6287 1.6428 4.0800 -2.9464 1.6180 18.8885 -1.5058 0.8419
Car -1 -1 -1.3716 365.9686 184.8398 500.4451 283.8575 1.3897 1.5211 3.6020 -2.9182 1.6261 12.3865 -1.5991 0.8341
Car -1 -1 -1.7155 685.6678 172.7616 743.4573 216.4114 1.6836 1.7436 4.3378 4.2200 1.6804 30.0021 -1.5777 0.8008
Car -1 -1 -1.8727 757.5489 184.2344 922.2567 277.9347 1.3866 1.5915 4.3518 3.9722 1.6329 13.3992 -1.5914 0.6427
Car -1 -1 -0.5249 908.2015 180.2516 1056.3113 230.0947 1.5320 1.6502 3.9819 11.9521 1.7818 23.3929 -0.0583 0.6367
Car -1 -1 -1.4193 497.2491 176.0287 561.3201 223.0186 1.5209 1.6539 4.1943 -2.8356 1.6440 25.7691 -1.5284 0.6196
Car -1 -1 -0.4847 833.8740 178.4622 934.5073 209.7250 1.3772 1.6328 4.0390 12.5508 1.6442 33.2307 -0.1269 0.4061
Car -1 -1 -1.0855 0.0000 133.8869 447.0886 375.0000 1.8501 1.7730 4.4225 -3.0037 1.6273 6.3915 -1.5100 0.3627
Car -1 -1 -1.6192 655.0847 177.1165 677.1725 196.4061 1.4072 1.5080 3.5159 4.2408 1.7442 55.1985 -1.5434 0.2127
Car -1 -1 -2.3139 1177.0524 217.2957 1242.0000 375.0000 1.4752 1.5608 3.7401 3.8328 1.7500 2.4635 -1.3685 0.1746
