Pedestrian -1 -1 1.7624 304.2885 144.2040 389.4881 341.5114 1.8869 0.6384 0.9969 -2.6838 1.5415 7.2963 1.4255 0.9278
Pedestrian -1 -1 1.7559 209.4760 148.6730 297.9410 349.2314 1.8438 0.6146 0.9289 -3.5100 1.5529 7.0227 1.3120 0.8548
Pedestrian -1 -1 -0.0779 672.0574 162.6207 719.9265 250.3248 1.7290 0.5788 0.9115 1.7813 1.3782 14.2440 0.0456 0.8413
Pedestrian -1 -1 2.8372 610.9608 157.7311 661.7670 240.2279 1.8349 0.6579 1.0092 0.6713 1.3300 16.1692 2.8797 0.7983
Pedestrian -1 -1 1.9123 71.2800 149.8732 178.7646 355.7783 1.7618 0.5613 0.8333 -4.4423 1.5015 6.5150 1.3381 0.5573
Pedestrian -1 -1 2.2328 487.1190 165.1571 513.5602 210.7153 1.7699 0.5842 0.9360 -4.1668 1.1754 28.0149 2.0886 0.4132
Pedestrian -1 -1 2.5741 432.4922 162.1379 461.7786 210.0205 1.8359 0.6662 0.9021 -6.1994 1.1334 27.6589 2.3578 0.3377
Pedestrian -1 -1 2.6547 458.8052 163.7338 487.9724 211.2452 1.7704 0.6165 0.9071 -5.0264 1.1472 26.8650 2.4737 0.2984
Pedestrian -1 -1 2.1795 576.6064 165.3755 600.4125 208.2089 1.7688 0.5979 0.8925 -0.7119 1.1457 29.7293 2.1575 0.2876
Pedestrian -1 -1 -0.1274 602.0110 164.1460 625.0051 207.6938 1.7649 0.6251 0.8709 0.3221 1.1036 29.0109 -0.1147 0.2690
Pedestrian -1 -1 2.1532 475.0000 165.5101 500.2188 210.4592 1.7844 0.6022 0.9149 -4.7680 1.1908 28.6044 1.9916 0.2588
Pedestrian -1 -1 2.4666 545.5057 163.9694 571.4775 208.1357 1.7980 0.6521 0.8544 -1.9497 1.1265 29.3077 2.4026 0.2076
Pedestrian -1 -1 1.3125 142.7982 145.2842 242.4021 370.0000 1.8358 0.5682 0.8622 -3.6961 1.5523 6.2286 0.8007 0.1499
Car -1 -1 -2.4845 539.0092 163.7500 736.0967 250.5670 1.7260 1.6938 4.3393 0.5985 1.3947 16.0923 -2.4463 0.1147
