Car -1 -1 -1.8466 758.0219 184.7477 962.4099 316.4075 1.4391 1.5795 4.0271 3.2245 1.6424 10.2785 -1.5519 0.8967
Car -1 -1 -1.8060 675.9420 179.8818 759.5936 232.4984 1.4479 1.6124 4.2398 3.2158 1.6900 22.6246 -1.6674 0.8691
Car -1 -1 -1.7332 720.4128 182.7366 825.7275 261.6722 1.4273 1.5480 3.7903 3.3020 1.6657 15.4530 -1.5275 0.8445
Car -1 -1 0.1267 398.9867 177.1674 543.5114 225.6819 1.5123 1.7301 4.4693 -4.4966 1.6601 23.6636 -0.0596 0.6816
Car -1 -1 0.4462 44.2376 178.0503 446.7573 319.6121 1.5062 1.6440 3.9545 -4.1588 1.5743 8.5691 0.0057 0.6757
Car -1 -1 0.6947 0.0000 158.9336 372.8553 375.0000 1.6647 1.6588 3.8251 -4.2098 1.5696 5.9599 0.1002 0.6630
Car -1 -1 0.4146 163.2833 182.1331 457.6971 283.8486 1.4288 1.5889 3.8979 -4.5367 1.5838 11.1544 0.0359 0.6407
Car -1 -1 -2.1406 896.0978 189.4206 1242.0000 375.0000 1.4591 1.5896 3.8098 3.2601 1.6079 4.5388 -1.5491 0.6223
Car -1 -1 -2.9871 450.4824 175.4603 563.9265 215.7604 1.5841 1.7053 4.3591 -4.1604 1.6937 29.3583 -3.1271 0.5269
Car -1 -1 -1.6307 659.7322 180.8846 696.4521 212.4544 1.3924 1.5201 3.7241 3.1849 1.7996 34.6639 -1.5404 0.4050
Car -1 -1 2.6143 0.0000 198.5550 194.0114 375.0000 1.4200 1.5853 3.9816 -3.3909 1.5711 2.1698 1.6687 0.2783
Car -1 -1 -1.4976 530.3565 178.1823 568.8005 211.4434 1.4995 1.5984 3.5387 -2.9117 1.7705 34.8730 -1.5809 0.2247
