Car -1 -1 -0.6106 847.6299 184.9573 1242.0000 336.1020 1.4540 1.6940 4.2071 5.0014 1.6071 8.0998 -0.0744 0.8969
Car -1 -1 -0.4054 750.1077 182.2704 996.6586 270.4074 1.4632 1.6171 3.8941 4.6289 1.6473 13.1296 -0.0744 0.7843
Car -1 -1 -0.5046 798.4092 182.3832 1104.8423 293.4403 1.4744 1.6017 3.8259 4.8842 1.6290 10.7081 -0.0880 0.7770
Car -1 -1 2.9282 691.4284 180.3961 812.2670 225.6250 1.4378 1.5777 3.6962 4.6218 1.6984 24.0519 3.1150 0.7467
Car -1 -1 2.2990 0.0000 202.6586 243.8651 375.0000 1.4452 1.6630 4.3828 -5.5009 1.8148 6.6987 1.6306 0.7049
Car -1 -1 2.6450 712.9489 179.2336 927.1489 256.8083 1.5555 1.6892 4.2728 4.5507 1.7086 15.9785 2.9167 0.6927
Car -1 -1 -0.3931 681.9675 181.2485 799.5480 221.7652 1.4039 1.5889 3.9772 4.7686 1.7290 26.7055 -0.2190 0.5307
Car -1 -1 1.7476 483.7011 184.7080 522.0829 212.9325 1.4219 1.4826 3.5708 -5.8781 2.1037 39.6712 1.6009 0.2298
Car -1 -1 0.4685 625.3271 177.0198 669.6319 193.5400 1.5214 1.6070 3.9255 3.5560 1.9296 68.9607 0.5194 0.2029
Car -1 -1 1.6623 501.0350 183.7068 531.5327 209.0966 1.4513 1.5397 3.7803 -5.8107 2.1543 44.7968 1.5335 0.1904
Car -1 -1 -0.2076 661.2397 177.0089 760.6016 213.1153 1.5180 1.6373 4.0441 4.3223 1.7055 31.5194 -0.0732 0.1733
