Cyclist -1 -1 -2.0078 917.1592 151.0804 1149.2056 375.0000 1.7816 0.5657 1.8829 2.7336 1.6592 5.0158 -1.5346 0.2929
Car -1 -1 -1.3633 408.1913 181.4428 535.6791 268.8176 1.4421 1.6237 4.3152 -2.6407 1.6413 14.5160 -1.5409 0.8867
Car -1 -1 -1.8094 735.4930 176.3727 843.1818 248.7635 1.6381 1.6909 4.2432 4.4327 1.7398 18.6611 -1.5806 0.8864
Car -1 -1 -1.1619 133.3188 167.4873 473.8423 375.0000 1.6385 1.6485 3.9253 -2.7647 1.5985 7.4366 -1.5073 0.8819
Car -1 -1 -0.6124 956.2018 185.5877 1129.5211 238.9718 1.5006 1.7416 4.2840 12.9641 1.9045 21.8228 -0.0830 0.8173
Car -1 -1 2.1585 26.7470 171.7414 192.2163 228.9378 1.5121 1.7734 4.5356 -14.5951 1.4830 21.3455 1.5645 0.8048
Car -1 -1 2.1007 206.1369 171.9428 297.4426 211.8697 1.5463 1.6258 3.9198 -14.7950 1.5114 29.9563 1.6453 0.5870
Car -1 -1 -1.4017 470.2596 180.0757 548.7859 238.0176 1.4742 1.6026 3.8844 -2.8419 1.7026 20.8147 -1.5365 0.5707
Car -1 -1 -1.4117 497.8648 170.6322 561.6904 224.8807 1.7825 1.6524 3.9423 -2.8183 1.7098 25.7155 -1.5204 0.5642
Car -1 -1 1.4025 666.1117 180.0063 701.2983 205.2080 1.4308 1.5349 3.6014 4.4050 1.8843 43.8603 1.5014 0.4335
Car -1 -1 2.3468 1169.9136 190.8725 1242.0000 288.4439 1.4864 1.5638 3.5624 11.7449 1.8116 12.1550 3.1022 0.3104
Car -1 -1 0.3741 913.0020 171.7290 1242.0000 375.0000 1.5855 1.6931 3.9115 3.8158 1.5830 3.9569 1.1040 0.2753
Car -1 -1 -1.5206 570.6129 176.4548 590.2767 193.7050 1.4878 1.5836 3.7510 -2.6531 1.8214 64.8957 -1.5616 0.2436
Car -1 -1 2.3739 0.0000 169.3079 43.6755 249.1155 1.5208 1.6511 3.6804 -14.6565 1.4536 15.6323 1.6292 0.2290
