Car -1 -1 -2.0648 815.2581 178.6740 1242.0000 375.0000 1.4883 1.6421 4.2598 3.3222 1.5590 6.5608 -1.6151 0.8421
Car -1 -1 -1.6321 634.9580 166.2360 707.2078 237.3906 1.7111 1.6577 3.7031 1.4852 1.5523 19.2111 -1.5569 0.7058
Car -1 -1 3.2606 0.0000 184.8959 306.6716 375.0000 1.3928 1.5519 3.7483 -4.9957 1.5319 6.7324 2.6407 0.6830
Car -1 -1 1.6928 278.0948 179.5809 331.0721 218.9085 1.4496 1.5486 3.4645 -12.2975 1.7389 29.1131 1.2961 0.3205
Car -1 -1 -1.8567 375.7008 177.8093 414.4946 200.2730 1.5346 1.6334 4.0037 -15.6542 1.9091 52.3512 -2.1462 0.3193
Car -1 -1 -1.5491 324.3352 177.4331 349.0455 200.3419 1.5756 1.5961 3.8089 -19.8834 1.9223 52.5093 -1.9097 0.2964
Car -1 -1 -1.8217 415.3080 177.4040 452.9200 199.6423 1.5303 1.6673 4.2635 -12.9507 1.8783 52.8530 -2.0612 0.2573
Car -1 -1 -1.2058 471.0889 176.1622 515.3761 201.4250 1.5129 1.5885 3.5871 -7.3673 1.7312 45.6265 -1.3654 0.2207
Car -1 -1 -1.3945 494.4850 177.6168 535.3041 206.9830 1.4809 1.5943 3.4269 -5.0902 1.7483 38.6999 -1.5248 0.1769
Car -1 -1 -0.9368 1031.0830 114.2539 1242.0000 263.3916 1.5914 1.7097 4.0388 7.5744 0.9665 9.0329 -0.2549 0.1569
Car -1 -1 0.4992 989.0858 165.7323 1117.4905 206.1401 1.4484 1.6281 3.9374 17.0284 1.1935 27.9704 1.0412 0.1233
