Pedestrian -1 -1 -0.9466 152.5070 160.8536 209.3414 246.5761 1.7413 0.6081 0.9013 -8.9247 1.3438 14.8345 -1.4768 0.7522
Pedestrian -1 -1 -0.9586 183.5141 160.5405 237.6887 245.3387 1.7125 0.5921 0.8690 -8.2503 1.3110 14.7388 -1.4579 0.7398
Pedestrian -1 -1 0.0551 515.4656 165.9105 548.0267 227.8001 1.7475 0.6044 0.8971 -2.1285 1.3371 20.2819 -0.0461 0.7202
Pedestrian -1 -1 -0.2731 541.3506 168.1322 567.6849 211.8688 1.7279 0.6092 0.9244 -2.0520 1.2408 28.3710 -0.3427 0.5471
Pedestrian -1 -1 0.5991 567.6976 167.9440 593.4404 211.8739 1.7575 0.5749 0.8749 -1.0169 1.2567 28.7599 0.5659 0.3822
Pedestrian -1 -1 -0.0510 510.8827 168.1064 533.4673 211.8541 1.7516 0.6690 0.8786 -3.3907 1.2569 28.7072 -0.1656 0.3635
Pedestrian -1 -1 -0.3219 554.1501 164.7933 589.1917 224.7394 1.7139 0.6436 0.8640 -1.0116 1.2664 20.6662 -0.3682 0.3606
Pedestrian -1 -1 1.3686 384.2556 162.6595 407.5418 215.5427 1.9156 0.6585 0.9151 -7.7700 1.2709 26.1648 1.0850 0.2618
Pedestrian -1 -1 1.7244 353.6526 162.9030 372.0487 203.7867 1.8546 0.6739 0.8716 -11.1633 1.0578 32.5561 1.3989 0.2181
Pedestrian -1 -1 1.9584 376.6191 163.5824 396.4095 204.3055 1.8897 0.6569 0.7379 -10.2738 1.1061 33.2016 1.6628 0.1859
Pedestrian -1 -1 2.0193 394.6695 165.3923 415.1917 205.4138 1.8285 0.6318 0.7943 -9.2801 1.1397 32.7450 1.7475 0.1815
Cyclist -1 -1 -1.2410 422.1133 156.2347 516.8598 312.9940 1.8146 0.5805 2.0088 -1.7521 1.5354 9.2159 -1.4209 0.8204
Cyclist -1 -1 -1.6410 560.4055 164.7943 583.8080 228.1928 1.7699 0.5496 1.9230 -1.0130 1.3330 20.7202 -1.6873 0.4309
Car -1 -1 0.8876 1119.9194 184.5492 1224.0000 218.2744 1.4278 1.6501 4.1651 26.0307 1.6274 32.5212 1.5594 0.5725
Car -1 -1 -2.1355 927.3966 182.5858 1010.4638 215.9561 1.4135 1.5456 3.8055 16.4284 1.5156 32.1565 -1.6657 0.5613
Car -1 -1 1.0954 987.7243 182.8581 1071.4449 217.5138 1.4835 1.6287 4.0201 19.4370 1.6005 32.5956 1.6303 0.5144
Car -1 -1 -2.0009 874.9785 180.1437 946.1592 215.1065 1.5088 1.6155 3.6053 13.8669 1.4949 32.3314 -1.5977 0.4936
Car -1 -1 -1.6317 606.7206 176.8053 634.3126 200.1434 1.4363 1.5511 3.5950 0.9590 1.2103 45.3355 -1.6090 0.2481
