Car -1 -1 -2.1029 903.4157 173.8450 1242.0000 375.0000 1.5390 1.6721 4.2473 4.6435 1.5525 7.4093 -1.5617 0.8700
Car -1 -1 -2.5040 542.4095 175.8887 607.9081 202.2596 1.5520 1.6425 3.8145 -2.2035 1.7473 44.6029 -2.5535 0.8533
Car -1 -1 -1.7596 738.6343 176.2927 809.9214 224.4378 1.4199 1.5429 3.7958 5.2034 1.5412 23.4676 -1.5447 0.8175
Car -1 -1 2.9203 363.9843 182.3812 443.3508 209.1128 1.4996 1.7049 4.3368 -12.4672 2.0984 43.5340 2.6426 0.7946
Car -1 -1 2.5661 0.0000 193.6848 136.8186 235.1778 1.3673 1.6118 4.3930 -21.3951 2.2570 28.4628 1.9258 0.6852
Car -1 -1 2.4917 153.0108 184.4014 263.5367 219.5079 1.4777 1.7112 4.4641 -19.0220 2.0656 34.3256 1.9887 0.6432
Car -1 -1 2.5512 259.8473 184.3614 345.9061 213.2433 1.4218 1.6033 4.1306 -16.7350 2.0853 39.4098 2.1517 0.5413
Car -1 -1 2.7334 295.8074 181.6650 374.9688 209.8497 1.5862 1.6875 4.1818 -16.7166 2.1486 43.9557 2.3716 0.2366
Car -1 -1 -1.6315 623.8157 172.9737 646.6868 192.4977 1.5183 1.5999 3.8831 1.9785 1.5287 58.0961 -1.5980 0.2276
Car -1 -1 -2.2748 1166.4756 200.6577 1242.0000 375.0000 1.4533 1.5456 3.7668 3.8175 1.6302 2.5724 -1.3495 0.1828
Car -1 -1 1.9584 459.7522 179.5889 499.6147 200.8121 1.5586 1.6542 4.0780 -10.1851 2.1069 56.5287 1.7806 0.1657
