Pedestrian -1 -1 1.1169 762.0530 150.9299 850.5633 321.3101 1.8122 0.6267 0.8957 2.2096 1.4994 8.0149 1.3777 0.8793
Pedestrian -1 -1 2.0094 464.5479 161.0862 506.8364 242.8941 1.7922 0.6176 0.9044 -2.7304 1.3685 16.0033 1.8455 0.8063
Pedestrian -1 -1 1.8564 519.9556 160.3084 559.4958 241.5163 1.8115 0.6576 0.9850 -1.5341 1.3627 16.3145 1.7662 0.7785
Pedestrian -1 -1 0.9849 808.3328 155.5641 888.9390 307.3574 1.7484 0.5570 0.8281 2.9017 1.4629 8.6126 1.3006 0.7711
Pedestrian -1 -1 -1.6795 414.3749 168.2554 452.4376 264.0081 1.6649 0.5836 0.8367 -3.1548 1.4536 12.7810 -1.9140 0.7690
Pedestrian -1 -1 2.7367 475.5190 160.2688 529.3470 244.9227 1.7811 0.6046 1.0032 -2.2736 1.3570 15.3901 2.5948 0.7622
Pedestrian -1 -1 1.0354 717.5396 155.5338 774.0703 263.3790 1.7822 0.6660 0.7385 2.3645 1.3713 12.1396 1.2247 0.5665
Pedestrian -1 -1 -3.0967 565.1482 164.7100 594.7294 220.5003 1.7811 0.5942 0.9308 -0.8354 1.2785 22.8689 -3.1310 0.4528
Pedestrian -1 -1 2.3744 321.5635 157.1701 383.2699 283.3995 1.7486 0.6161 0.5701 -3.6816 1.4271 10.1828 2.0392 0.4179
Pedestrian -1 -1 1.4997 947.3115 146.1062 1024.0780 336.9846 1.7100 0.5740 0.8315 3.5983 1.4036 6.8237 1.9679 0.3306
Pedestrian -1 -1 -1.3808 578.2491 163.9187 594.4775 200.1668 1.7918 0.6584 0.8806 -0.9442 0.9736 35.4346 -1.4054 0.1819
Pedestrian -1 -1 1.9466 594.9212 163.5417 612.8839 200.3107 1.8222 0.6242 0.8793 -0.0657 0.9832 35.5588 1.9465 0.1248
Cyclist -1 -1 2.1850 610.0928 165.1537 641.2784 202.3371 1.7875 0.5517 1.8880 1.0192 1.0512 34.9056 2.2156 0.1509
