Car -1 -1 0.5256 3.8054 196.7896 297.0103 289.5747 1.3904 1.6184 3.8722 -7.5929 1.8209 12.1089 -0.0250 0.8765
Car -1 -1 1.6977 0.0000 187.7930 57.3082 248.8953 1.5917 1.5936 3.7228 -17.9517 2.0844 21.7735 1.0141 0.3972
Car -1 -1 0.3870 697.3583 177.8237 759.4804 200.3046 1.4377 1.5998 3.8023 7.9254 1.7840 48.5514 0.5474 0.3313
Car -1 -1 1.7694 0.0000 198.3227 38.4001 274.5616 1.4565 1.5872 3.9089 -15.1226 2.1404 17.2717 1.0578 0.3030
Car -1 -1 1.8879 39.3632 189.2495 110.0382 222.9382 1.4370 1.5766 3.9820 -25.8969 2.2812 34.9933 1.2543 0.2978
Car -1 -1 -2.5667 533.1407 179.9717 603.3200 206.5445 1.4666 1.6200 3.8503 -2.4982 1.9011 42.3595 -2.6257 0.2309
Car -1 -1 1.7374 219.3104 184.0829 249.1381 202.9397 1.4228 1.5522 3.7637 -30.6515 2.3712 58.8867 1.2591 0.2142
Car -1 -1 1.5796 407.4026 181.1567 436.2545 208.0243 1.4574 1.5723 3.9333 -11.1042 1.9713 42.5317 1.3254 0.1711
Car -1 -1 0.1864 839.4095 165.4032 959.2038 206.0973 1.5971 1.7569 4.4155 12.0468 1.3051 30.2351 0.5618 0.1428
Car -1 -1 -0.7580 1153.5707 165.4319 1242.0000 336.4455 1.5221 1.6353 3.9648 8.1156 1.4564 7.3481 0.0568 0.1364
Car -1 -1 0.6930 496.1820 181.4759 539.1247 199.3204 1.4964 1.5849 3.5714 -8.1828 2.2775 63.7021 0.5654 0.1237
