Car -1 -1 -2.7735 247.9986 184.1843 427.4024 238.6200 1.4255 1.6827 4.3704 -7.5423 1.7555 20.1244 -3.1282 0.8208
Car -1 -1 3.4326 321.5544 182.8174 442.2182 226.1177 1.4382 1.5715 3.7142 -7.9266 1.7969 25.1424 3.1297 0.7861
Car -1 -1 3.1786 391.0418 175.3669 490.6819 215.8740 1.7405 1.7761 4.2475 -7.5807 1.8582 32.4337 2.9503 0.6163
Car -1 -1 -1.6677 616.8068 177.9844 656.6234 208.9445 1.4391 1.5955 4.1490 1.2530 1.7131 36.3602 -1.6341 0.5352
Car -1 -1 -1.5209 554.9302 173.7635 588.9563 206.3993 1.7205 1.7041 3.6566 -2.1005 1.7736 39.9689 -1.5735 0.5327
Car -1 -1 0.1834 349.2162 182.9482 456.3104 222.3652 1.4313 1.5551 3.7194 -7.9091 1.8314 27.6296 -0.0934 0.4012
Car -1 -1 2.8229 425.7910 179.0023 503.4236 207.0356 1.4594 1.5845 3.9143 -8.0698 1.8143 39.9436 2.6244 0.1585
Car -1 -1 -1.2182 1068.1315 171.9084 1242.0000 293.4470 1.3607 1.6370 4.1869 8.1828 1.3505 9.8540 -0.5402 0.1518
Car -1 -1 -1.5203 241.6320 174.7660 328.2430 253.4137 1.6614 1.6860 3.8728 -7.7860 1.7136 17.4517 -1.9348 0.1498
Car -1 -1 -1.6072 606.6584 169.7587 635.1644 198.3253 1.8150 1.7321 4.1927 0.6537 1.6187 47.9560 -1.5941 0.1109
Car -1 -1 1.3353 839.4109 173.0934 869.6367 191.0538 1.4501 1.5484 3.7420 20.3510 1.4711 60.2362 1.6593 0.1032
