Pedestrian -1 -1 -1.0679 387.8134 168.2734 410.0311 207.1264 1.6686 0.5922 0.8522 -9.0055 1.1450 30.8418 -1.3475 0.2786
Pedestrian -1 -1 2.2814 1150.4592 176.6823 1177.0730 213.4726 1.6863 0.5717 0.8200 25.8739 1.5128 32.7626 2.9466 0.1000
Cyclist -1 -1 -1.6444 576.4521 166.0853 599.8661 225.6295 1.7540 0.5783 1.9489 -0.5676 1.3310 21.8207 -1.6682 0.7800
Cyclist -1 -1 -1.8327 489.6616 170.8834 505.2122 197.7188 1.7401 0.5463 1.9034 -7.1320 1.1178 46.8236 -1.9812 0.1327
Car -1 -1 -2.2493 1119.5004 184.2845 1224.0000 217.6891 1.4166 1.6356 4.1910 26.0318 1.6036 32.5559 -1.5781 0.6816
Car -1 -1 -2.0012 876.0557 180.5592 946.5125 214.5496 1.4660 1.5940 3.5683 13.8880 1.4703 32.3004 -1.5972 0.6666
Car -1 -1 1.0878 987.9130 182.5984 1073.6073 216.9800 1.4705 1.6439 4.1036 19.4778 1.5748 32.5820 1.6238 0.5699
Car -1 -1 -2.1464 927.1862 182.2710 1010.0276 215.3394 1.4048 1.5561 3.7314 16.4265 1.4917 32.1752 -1.6769 0.5518
Car -1 -1 -1.6005 606.5825 175.7554 631.9886 199.0352 1.4361 1.5260 3.4321 0.8838 1.1448 45.3346 -1.5794 0.4276
Car -1 -1 -3.1554 677.2617 168.1384 789.6661 216.4012 1.8386 1.8127 4.2672 5.0518 1.3692 28.1722 -2.9783 0.2805
Car -1 -1 -1.7571 555.5207 180.1986 624.5403 230.0149 1.4083 1.5109 3.4112 -0.5677 1.4014 21.8094 -1.7810 0.1261
