Car -1 -1 1.8713 271.6847 188.1241 474.9181 329.6831 1.4961 1.5662 3.5764 -3.0202 1.7419 9.8045 1.5790 0.8987
Car -1 -1 -1.8886 735.0874 179.5564 990.9091 346.4019 1.4779 1.5855 3.6996 2.5731 1.5739 8.4135 -1.6028 0.8680
Car -1 -1 3.7362 0.0000 194.6179 240.8301 334.0110 1.4301 1.6117 3.9199 -6.8429 1.7183 8.6145 3.0797 0.8364
Car -1 -1 -1.6977 667.7530 179.4682 746.1973 241.4356 1.4265 1.5410 3.6518 2.3832 1.6162 18.8263 -1.5746 0.7901
Car -1 -1 -1.7693 703.2628 177.9046 832.2711 274.0073 1.4237 1.4885 3.4037 2.5452 1.5240 12.5708 -1.5751 0.7821
Car -1 -1 -1.6961 649.2829 175.7953 709.4551 225.7650 1.5515 1.5809 3.4459 2.2263 1.6582 24.3557 -1.6067 0.6896
Car -1 -1 -2.2029 883.3756 192.6687 1242.0000 375.0000 1.4642 1.6099 3.9617 2.7080 1.6090 3.2620 -1.5544 0.6883
Car -1 -1 3.6388 0.0000 174.9822 338.6339 284.2067 1.6083 1.7427 4.3889 -6.9351 1.6457 11.5994 3.1097 0.6310
Car -1 -1 3.3760 292.1686 181.6444 448.7873 235.8504 1.4410 1.5844 3.9475 -6.7285 1.7018 20.4334 3.0612 0.4880
Car -1 -1 -1.7049 638.2518 178.6454 688.6719 218.4054 1.4590 1.5385 3.4591 2.0309 1.7045 28.7673 -1.6358 0.3202
Car -1 -1 -1.6647 633.7629 176.8298 675.6791 211.3042 1.4830 1.5796 3.6726 1.9740 1.6773 33.3293 -1.6066 0.2452
Car -1 -1 0.2837 204.1840 180.2897 409.6663 247.1160 1.4887 1.6637 4.2590 -7.1902 1.6787 17.3533 -0.1041 0.2198
Car -1 -1 0.2756 350.0183 177.4162 477.2906 222.1967 1.6417 1.7412 4.3774 -7.4616 1.8219 27.5322 0.0129 0.2099
