Car -1 -1 -0.9878 936.4585 181.1533 1242.0000 318.2105 1.3455 1.5659 3.9742 6.0195 1.4639 8.7601 -0.4019 0.7549
Car -1 -1 -1.7058 886.1912 157.8105 993.2576 238.7751 1.5855 1.6125 3.9089 7.2108 1.2913 16.2269 -1.2948 0.7410
Car -1 -1 -2.3222 181.9491 158.2035 316.5440 210.2933 1.6743 1.7151 4.2176 -12.4061 1.2038 24.7328 -2.7830 0.6124
Car -1 -1 -1.5589 779.1118 147.5430 848.8323 217.6430 1.8029 1.7478 4.0097 5.8108 1.1523 20.7231 -1.2896 0.4735
Car -1 -1 0.3666 1058.3489 162.3641 1242.0000 375.0000 1.5076 1.6568 3.8799 5.3832 1.4682 4.8457 1.1743 0.3412
Car -1 -1 0.5999 1068.3054 189.1976 1242.0000 375.0000 1.4861 1.5989 3.6410 3.1354 1.5714 1.9142 1.5557 0.2968
Car -1 -1 -1.5810 870.1456 152.5994 924.3777 202.1755 1.6122 1.6589 4.0971 10.1263 0.9539 25.6706 -1.2094 0.2598
Car -1 -1 -2.1393 98.2485 159.3324 241.6746 217.2557 1.6171 1.7026 4.2354 -13.3850 1.2400 21.8405 -2.6839 0.2536
Car -1 -1 -2.4064 259.2452 159.1459 375.3774 205.7480 1.6620 1.7207 3.9206 -11.0725 1.1735 27.2129 -2.7897 0.1713
Car -1 -1 1.4574 881.2517 152.4609 963.4268 216.8988 1.6257 1.6455 3.8736 8.6179 1.1115 20.2901 1.8535 0.1412
