Pedestrian -1 -1 1.5960 442.2045 166.3293 473.9630 254.4599 1.8240 0.6424 0.9735 -3.2958 1.6894 15.4678 1.3887 0.7224
Pedestrian -1 -1 1.2920 402.0353 168.1559 442.4103 257.4602 1.8389 0.6031 0.9239 -4.0673 1.7425 15.4057 1.0373 0.1230
Car -1 -1 1.9162 256.9512 179.0786 438.5278 283.1683 1.6404 1.8173 4.4442 -4.8169 1.7797 13.8723 1.5872 0.7980
Car -1 -1 1.8525 412.8955 184.6607 489.1834 233.4551 1.4410 1.5250 3.6444 -5.2577 1.8661 24.0812 1.6392 0.4950
Car -1 -1 1.7331 474.5655 180.6001 521.2433 213.3074 1.4561 1.6096 4.0441 -5.4283 1.8552 35.1105 1.5803 0.4841
Car -1 -1 0.7940 0.0000 198.6136 122.5833 331.7760 1.4334 1.6124 4.0529 -8.6795 1.7868 8.9977 0.0414 0.3730
Car -1 -1 0.5268 119.4467 178.1227 226.6758 210.5172 1.4013 1.5774 3.8351 -19.5351 1.6435 32.2902 -0.0138 0.2739
Car -1 -1 0.6255 37.5133 194.3493 278.6488 273.1646 1.3822 1.5804 3.7974 -8.7731 1.8303 14.0939 0.0768 0.2588
Car -1 -1 2.0053 193.2973 183.5474 279.8631 223.8221 1.4138 1.5457 3.7944 -14.5609 1.8618 28.2734 1.5333 0.2270
Car -1 -1 1.0724 247.1993 182.1247 342.7805 227.1014 1.4127 1.5187 3.5777 -11.0194 1.7569 25.0595 0.6616 0.1876
Car -1 -1 1.8410 425.0310 182.1732 496.0758 223.3536 1.4441 1.6525 4.2902 -5.8415 1.8408 28.4906 1.6400 0.1710
Car -1 -1 -2.7237 289.3325 167.8322 359.9516 194.1327 1.7272 1.7440 4.0408 -19.1107 1.3978 48.3397 -3.0985 0.1444
Car -1 -1 1.8097 394.5733 178.3247 443.8462 209.1307 1.5326 1.6235 4.1096 -10.1989 1.8421 38.6980 1.5533 0.1116
