Car -1 -1 -1.8047 710.1437 179.3237 888.8165 303.7339 1.5219 1.6377 4.0639 2.6057 1.6399 11.0759 -1.5807 0.8582
Car -1 -1 2.7192 20.6709 194.3478 424.4863 357.8337 1.4342 1.6403 4.1248 -4.5867 1.7657 8.9970 2.2589 0.7501
Car -1 -1 -1.7590 682.2699 181.2914 787.2701 258.8125 1.4571 1.5664 3.6047 2.5503 1.6634 15.7834 -1.6027 0.7352
Car -1 -1 -1.9656 788.5069 185.1304 1242.0000 375.0000 1.4697 1.6453 4.2482 2.4304 1.5903 4.9105 -1.5309 0.7305
Car -1 -1 -1.6343 652.5849 169.3033 709.0806 224.5845 1.8595 1.7613 4.2952 2.4671 1.7404 26.4392 -1.5430 0.6719
Car -1 -1 -2.9192 448.1540 182.3808 559.6639 220.8717 1.4226 1.6372 4.0382 -4.1265 1.8071 28.1187 -3.0641 0.5540
Car -1 -1 -2.0718 392.7441 183.4558 496.8698 236.2766 1.4592 1.5793 3.7244 -5.2863 1.8200 22.6139 -2.2994 0.4624
Car -1 -1 -1.5006 631.1664 179.7959 663.0690 206.5771 1.4724 1.6246 3.8736 2.2051 1.9034 42.7348 -1.4500 0.3369
Car -1 -1 2.4085 0.0000 210.3128 42.7635 346.5426 1.4896 1.6307 4.1710 -11.3783 2.1812 11.1847 1.6265 0.2327
Car -1 -1 1.9413 350.1845 187.4352 405.9429 218.9275 1.4192 1.4901 3.4504 -11.5197 2.1811 35.9176 1.6326 0.1644
