Car -1 -1 -0.2851 711.4406 179.6375 869.8904 239.4342 1.4687 1.5874 3.7041 4.5844 1.6542 18.8063 -0.0503 0.8180
Car -1 -1 -0.6174 840.3854 182.6867 1242.0000 338.6253 1.4660 1.6182 3.9054 4.6889 1.5878 7.9052 -0.0992 0.7904
Car -1 -1 2.5461 759.9379 174.0222 1088.8667 296.2569 1.5944 1.7073 4.2770 4.5232 1.6142 10.7076 2.9350 0.7609
Car -1 -1 -0.7316 956.8206 177.0192 1242.0000 375.0000 1.5280 1.5858 3.6435 4.7403 1.5646 5.4031 -0.0389 0.6856
Car -1 -1 -0.4538 696.0276 180.2444 843.6736 231.8407 1.4260 1.6028 4.0134 4.7001 1.6601 21.5598 -0.2428 0.6389
Car -1 -1 1.7488 485.2509 185.1610 525.0822 214.0357 1.4459 1.5278 3.7364 -5.7441 2.1547 39.6369 1.6053 0.3876
Car -1 -1 1.7367 464.1512 186.2232 509.1469 218.7563 1.4059 1.5236 3.7746 -5.8988 2.0828 34.6203 1.5687 0.3798
Car -1 -1 -2.7222 624.8109 176.3278 671.5192 194.2935 1.5326 1.6344 3.7835 3.3471 1.8476 63.7514 -2.6703 0.3360
Car -1 -1 -0.5291 668.4872 177.4582 781.6210 221.5479 1.5227 1.5995 3.8513 4.2063 1.7025 26.6682 -0.3751 0.1996
Car -1 -1 1.7530 504.3828 182.5258 541.4107 208.2173 1.4742 1.5629 4.2212 -5.4338 2.1091 45.1792 1.6335 0.1415
