Pedestrian -1 -1 2.4692 1128.3910 160.6752 1227.0681 316.5863 1.7096 0.6252 0.6304 6.4028 1.5764 8.2308 3.1124 0.1549
Car -1 -1 -1.8113 674.4306 180.6810 780.5192 252.1338 1.4812 1.5959 3.8946 2.6484 1.6922 17.4081 -1.6637 0.9119
Car -1 -1 1.7355 424.7725 184.2270 509.0632 242.1920 1.4041 1.6514 4.2556 -3.9809 1.7609 20.4661 1.5452 0.8672
Car -1 -1 -1.7282 649.2849 180.6706 721.4814 230.7998 1.4424 1.6561 4.3758 2.3233 1.7237 23.6907 -1.6324 0.7694
Car -1 -1 1.5010 633.8343 173.9961 681.4227 216.8465 1.6876 1.6983 4.3642 1.9153 1.7401 30.7209 1.5620 0.6109
Car -1 -1 -0.7431 0.0000 211.5268 281.3175 375.0000 1.4106 1.6005 4.1034 -3.6050 1.7212 3.6714 -1.4838 0.5481
Car -1 -1 1.7459 502.2538 178.2108 539.1095 203.2823 1.4642 1.6087 4.0204 -5.5604 1.8143 45.0599 1.6234 0.4246
Car -1 -1 1.3387 617.0559 177.5946 664.1965 208.0673 1.5274 1.6393 4.0680 1.5588 1.7981 38.9872 1.3778 0.3399
Car -1 -1 -1.7424 605.0176 176.4215 639.6595 201.3574 1.5163 1.5989 3.7702 0.7208 1.7560 46.4273 -1.7275 0.3202
Car -1 -1 0.2661 305.8642 176.9440 432.8654 223.4308 1.5903 1.6918 4.0027 -8.5649 1.7423 25.7969 -0.0518 0.2307
