Pedestrian -1 -1 2.5080 432.1364 167.7388 474.4852 234.4898 1.7809 0.6378 0.9419 -4.3465 1.6448 19.8118 2.2942 0.7891
Car -1 -1 1.9683 176.5127 184.1367 379.7677 285.4650 1.4538 1.6979 4.3834 -5.7407 1.6925 13.0399 1.5605 0.8487
Car -1 -1 1.8201 373.6964 180.1087 455.2513 229.7012 1.4213 1.6078 3.8865 -6.2228 1.6746 23.1993 1.5604 0.7915
Car -1 -1 -0.1382 709.5602 165.1885 945.8314 252.0116 1.5959 1.7265 4.2946 4.1080 1.4554 14.4015 0.1335 0.7548
Car -1 -1 -0.6603 881.0681 153.2216 1242.0000 358.8467 1.6466 1.7100 3.9264 4.7721 1.4898 6.7590 -0.0666 0.7224
Car -1 -1 -0.8002 809.3652 169.5849 1120.8594 297.3272 1.4835 1.5916 3.8559 4.7576 1.4459 9.8016 -0.3608 0.5433
Car -1 -1 1.7119 464.5277 174.2255 505.5683 204.5273 1.5393 1.6165 4.1116 -6.7170 1.6176 38.9175 1.5418 0.4739
Car -1 -1 1.8345 420.6420 175.9035 488.9489 217.5325 1.5444 1.6383 4.2908 -6.2400 1.6777 29.2731 1.6258 0.4609
Car -1 -1 0.6192 1090.6639 147.8003 1242.0000 375.0000 1.5243 1.6469 4.0228 4.2318 1.4891 3.0736 1.5168 0.3069
Car -1 -1 2.9596 657.3397 167.7258 760.8987 206.8927 1.5932 1.6721 4.0658 4.0666 1.3849 30.2838 3.0913 0.2579
Car -1 -1 -0.4576 676.5071 168.7300 786.5416 210.2490 1.5290 1.6307 3.8773 4.6424 1.3775 27.9129 -0.2950 0.2195
Car -1 -1 -1.1112 629.1637 172.4494 685.8859 201.0370 1.4432 1.5397 3.6885 2.5410 1.4231 38.4052 -1.0461 0.2138
Car -1 -1 1.8355 474.1104 172.4312 517.1628 199.8424 1.6181 1.6054 4.1501 -7.0654 1.5935 44.7405 1.6794 0.1804
