Pedestrian -1 -1 -1.0905 892.1285 167.7953 946.4806 263.9759 1.7388 0.5843 0.9254 5.7664 1.6477 13.5629 -0.6972 0.7732
Car -1 -1 -0.8066 724.0934 175.4900 849.1772 225.3218 1.4303 1.6230 3.8181 5.5180 1.5195 22.6024 -0.5707 0.8129
Car -1 -1 2.6167 517.3837 172.6204 595.8558 205.6708 1.5406 1.5743 3.5101 -2.6295 1.5301 35.2715 2.5424 0.5833
Car -1 -1 1.8387 1151.8129 186.6316 1242.0000 270.2919 1.4695 1.5524 3.7726 12.8427 1.7880 14.9440 2.5383 0.5607
Car -1 -1 -1.6012 372.8398 176.3303 439.3644 243.0934 1.5497 1.5224 2.9226 -5.3260 1.6472 18.5374 -1.8778 0.5405
Car -1 -1 2.4106 632.5133 174.3605 732.6133 214.6284 1.4113 1.5273 3.6618 2.7159 1.4718 27.1114 2.5088 0.4329
Car -1 -1 -0.3829 496.2634 172.9092 572.8556 203.4977 1.5152 1.5514 3.6185 -3.9263 1.5185 37.2774 -0.4875 0.4257
Car -1 -1 2.3010 676.1371 175.5137 778.9802 219.9630 1.4059 1.4937 3.5542 4.0222 1.5037 24.7226 2.4597 0.3771
Car -1 -1 -1.5645 356.9606 175.4615 399.8159 213.2197 1.4851 1.6362 4.0860 -9.9292 1.6050 30.8737 -1.8735 0.3746
Car -1 -1 1.9128 0.0000 175.2753 66.9481 263.9418 1.5583 1.6341 3.8673 -12.9131 1.6156 14.8902 1.2072 0.3584
Car -1 -1 -1.5299 367.6169 175.9904 428.4106 229.7326 1.5042 1.6489 3.9274 -6.5811 1.6117 22.5421 -1.8113 0.3401
Car -1 -1 1.9376 86.9470 172.0995 192.2061 219.4480 1.5803 1.7308 4.4310 -17.1026 1.5555 26.4245 1.3676 0.2379
