Car -1 -1 -1.8750 731.0544 185.1216 941.9105 314.4164 1.4521 1.6266 4.3013 2.9955 1.6714 10.6956 -1.6102 0.9222
Car -1 -1 1.9967 259.6893 178.5362 378.7126 236.8795 1.5367 1.6872 4.2080 -8.5691 1.7238 21.5644 1.6223 0.8525
Car -1 -1 -1.7446 706.2878 180.1816 803.6913 255.8819 1.4805 1.5167 3.4905 3.0879 1.6633 16.2013 -1.5605 0.8107
Car -1 -1 -1.7630 672.0009 180.6933 748.3092 236.4807 1.4400 1.5279 3.4487 2.7643 1.6866 20.8884 -1.6341 0.7797
Car -1 -1 1.8975 352.3593 178.9410 434.8202 224.0764 1.5210 1.6585 4.2988 -8.0457 1.7682 27.0812 1.6109 0.7148
Car -1 -1 -2.2731 888.2390 177.8787 1242.0000 375.0000 1.5588 1.6594 4.0663 3.4163 1.6049 4.4677 -1.6526 0.6044
Car -1 -1 1.9114 400.1360 180.7623 462.6035 215.6590 1.4336 1.5653 3.7318 -7.9977 1.8109 32.4515 1.6712 0.4613
Car -1 -1 1.7993 434.1842 179.7962 480.0105 210.4089 1.4777 1.5315 3.6997 -7.9339 1.8572 37.5374 1.5920 0.3465
Car -1 -1 -1.7495 647.7936 176.2284 693.1194 208.3863 1.5380 1.6234 3.9479 3.0023 1.7209 36.9803 -1.6697 0.3239
Car -1 -1 -1.6051 661.5027 181.4969 711.2265 225.6363 1.4093 1.6120 4.2330 2.6384 1.7476 26.0466 -1.5060 0.3161
Car -1 -1 1.8891 453.7022 181.0538 497.1900 207.4028 1.4273 1.4959 3.4059 -7.8158 1.9251 41.9821 1.7058 0.2186
