Car -1 -1 -1.9336 793.7001 189.5959 1117.4017 375.0000 1.4321 1.5566 3.9832 3.1478 1.6559 7.6231 -1.5568 0.9292
Car -1 -1 -1.7796 673.5208 180.7849 764.2722 241.4054 1.4565 1.6125 4.2010 2.8504 1.7009 20.0484 -1.6412 0.8883
Car -1 -1 -1.7854 730.0798 183.8788 870.1454 282.2984 1.4441 1.5685 3.8340 3.1731 1.6719 12.9490 -1.5514 0.8815
Car -1 -1 0.1194 361.5582 176.8888 521.1779 233.5642 1.5540 1.7087 4.3492 -4.8392 1.6779 21.0116 -0.1048 0.8048
Car -1 -1 0.5220 0.0000 184.3798 396.5437 319.7954 1.4072 1.5851 3.9015 -4.7524 1.5564 8.4765 0.0238 0.6557
Car -1 -1 0.5067 0.0000 185.0153 378.2390 375.0000 1.4741 1.6852 4.2497 -4.3262 1.5922 5.9261 -0.1031 0.6186
Car -1 -1 -2.9534 418.6000 177.4642 545.1464 221.9406 1.5768 1.6996 4.3592 -4.7033 1.7530 26.6419 -3.1270 0.5988
Car -1 -1 -1.7236 668.9121 179.0101 729.7908 224.0797 1.5210 1.6354 4.0288 3.2104 1.7687 26.9479 -1.6070 0.4889
Car -1 -1 -1.6312 659.7221 182.0815 701.0402 217.0308 1.4057 1.5714 4.0093 3.0349 1.8428 32.1185 -1.5385 0.3891
Car -1 -1 3.2505 462.1046 178.5052 557.3448 215.4711 1.5423 1.6520 3.9295 -4.3261 1.7943 31.2507 3.1135 0.3440
Car -1 -1 -2.3923 1077.1453 201.4952 1242.0000 375.0000 1.4686 1.5970 3.8109 3.0988 1.6268 1.9925 -1.4589 0.3059
Car -1 -1 0.9173 0.0000 208.8401 216.3612 375.0000 1.4491 1.5507 3.6374 -4.0575 1.6561 3.2529 0.0623 0.2999
