Pedestrian -1 -1 -2.9337 546.1266 165.3801 578.0819 222.7218 1.7468 0.6452 0.8747 -1.3563 1.2878 21.9178 -2.9929 0.2985
Pedestrian -1 -1 -2.2224 399.6993 168.4700 427.0175 215.9041 1.7319 0.5890 0.8474 -7.1575 1.2942 26.3033 -2.4833 0.2474
Cyclist -1 -1 -1.1741 286.8449 147.8564 473.7908 370.0000 1.7714 0.5369 1.8957 -1.5374 1.5851 5.0416 -1.4514 0.5331
Cyclist -1 -1 -1.1281 543.2517 166.3214 584.5760 225.1567 1.7559 0.5534 1.8342 -1.2916 1.3343 22.0502 -1.1841 0.4499
Cyclist -1 -1 -2.0931 574.1954 169.3126 605.1763 207.6183 1.7707 0.5604 1.9829 -0.7616 1.2550 33.6728 -2.1138 0.3911
Car -1 -1 -2.2657 1118.8763 184.1769 1224.0000 217.7005 1.4218 1.6354 4.1654 26.0076 1.6035 32.5447 -1.5947 0.7116
Car -1 -1 2.5652 915.3268 175.0622 1051.8364 219.3715 1.6592 1.7601 4.4542 14.6635 1.4571 27.5487 3.0511 0.4941
Car -1 -1 -1.5724 606.9340 176.0606 631.7256 199.4309 1.4406 1.5284 3.5054 0.9148 1.1683 45.3472 -1.5507 0.3415
Car -1 -1 1.1047 989.9944 183.5748 1072.8925 219.5969 1.5316 1.5970 4.0345 19.4526 1.6833 32.4790 1.6415 0.1956
Car -1 -1 1.7838 151.1987 197.0975 522.7768 370.0000 1.4606 1.4528 3.4277 -1.4546 1.6187 4.9044 1.5141 0.1395
Car -1 -1 1.0139 551.5350 175.4503 616.3599 208.6818 1.4702 1.6160 3.1285 -1.0403 1.2483 33.0262 0.9844 0.1288
Car -1 -1 -1.4599 396.8727 168.9397 425.7736 191.0193 1.6580 1.7221 4.1243 -15.0820 0.7912 55.2576 -1.7231 0.1015
