Pedestrian -1 -1 0.6786 651.9731 161.0980 698.3937 240.0203 1.8407 0.6321 0.9197 1.6498 1.3898 17.0335 0.7751 0.8683
Pedestrian -1 -1 1.1872 445.8853 164.8282 477.4946 226.7392 1.8238 0.6285 0.9515 -4.3750 1.3637 21.3940 0.9901 0.8228
Pedestrian -1 -1 0.5769 846.1619 152.0500 956.5671 338.8618 1.8067 0.6039 0.8736 3.0237 1.5332 7.3640 0.9533 0.8058
Pedestrian -1 -1 -0.4946 1093.8304 169.2290 1159.2222 259.6541 1.6777 0.5537 0.8365 9.8600 1.4702 13.4414 0.1287 0.7903
Pedestrian -1 -1 -2.8053 744.0989 162.0165 789.0652 235.6555 1.8089 0.5899 0.9688 4.0475 1.3565 17.8697 -2.5846 0.7881
Pedestrian -1 -1 1.6898 498.9079 165.7699 524.0674 227.5157 1.7604 0.6232 0.9056 -2.7520 1.3420 20.6095 1.5608 0.6821
Pedestrian -1 -1 -3.4553 811.4519 152.3176 934.2987 349.7896 1.7890 0.6024 0.9448 2.4665 1.5354 6.7137 -3.1164 0.6416
Pedestrian -1 -1 0.9568 460.9628 164.3327 494.8011 224.6791 1.8437 0.5851 0.9828 -4.0182 1.3513 22.1500 0.7816 0.4659
Pedestrian -1 -1 1.0190 476.7849 163.1770 509.6386 221.5308 1.8435 0.6223 0.9972 -3.6584 1.2978 22.9136 0.8646 0.4088
Pedestrian -1 -1 -0.4248 400.8839 167.7504 431.5004 218.4124 1.7631 0.5530 0.9034 -6.7304 1.3209 25.1006 -0.6819 0.3989
Pedestrian -1 -1 -0.2424 409.8887 167.4478 439.0256 220.0288 1.7918 0.5570 0.8730 -6.2969 1.3486 24.5401 -0.4887 0.3982
Car -1 -1 -2.1474 926.2414 182.2120 1010.7903 215.2967 1.4034 1.5448 3.8748 16.4297 1.4876 32.2020 -1.6781 0.5929
Car -1 -1 -2.3271 1126.6345 183.7606 1224.0000 217.5705 1.4330 1.5620 3.6519 25.9723 1.5917 32.2091 -1.6518 0.5806
Car -1 -1 1.1662 991.7225 182.2041 1072.1166 217.0597 1.4899 1.6518 4.1431 19.5411 1.5752 32.5920 1.7035 0.5496
Car -1 -1 -1.6003 608.5674 176.1734 633.6932 199.2626 1.4229 1.5074 3.3855 1.0011 1.1576 45.2656 -1.5767 0.4363
Car -1 -1 -2.0665 872.7150 181.3557 948.0748 214.8358 1.4322 1.5889 3.6593 13.8127 1.4750 32.2329 -1.6637 0.4133
