Pedestrian -1 -1 -2.2170 758.6896 163.8625 816.1945 261.4669 1.6744 0.5850 0.8723 3.2072 1.3906 12.6402 -1.9728 0.8139
Pedestrian -1 -1 1.5825 272.3438 160.2186 298.7551 232.2379 1.8194 0.6108 0.8995 -8.3380 1.3086 18.3910 1.1651 0.7889
Pedestrian -1 -1 1.4830 312.6090 160.4867 341.1263 231.6656 1.8295 0.6357 0.8172 -7.3890 1.3167 18.6753 1.1139 0.7691
Pedestrian -1 -1 -0.1753 654.4680 143.5897 775.2426 370.0000 1.7846 0.6385 0.8827 0.8326 1.4977 5.8598 -0.0396 0.3504
Pedestrian -1 -1 0.9721 467.3670 167.5539 487.3689 204.4279 1.8409 0.6431 0.8280 -6.4807 1.1960 35.8139 0.7964 0.1540
Cyclist -1 -1 -0.9713 53.7031 139.0388 324.2426 370.0000 1.7642 0.5416 1.8957 -2.6874 1.5432 4.7660 -1.4552 0.6082
Cyclist -1 -1 -1.7893 657.2876 146.4309 775.9080 370.0000 1.7488 0.5626 1.8290 0.8163 1.5077 5.9716 -1.6585 0.2732
Car -1 -1 -2.2466 1029.9012 183.0708 1153.5625 228.4838 1.4078 1.5282 3.5816 16.3247 1.5032 23.9704 -1.6534 0.8114
Car -1 -1 -2.1020 959.3908 180.8110 1067.6813 227.5579 1.4770 1.5831 3.5832 13.7991 1.4900 24.1629 -1.5872 0.7215
Car -1 -1 0.9216 1099.4413 183.2464 1224.0000 228.9794 1.4373 1.5966 3.9439 19.2244 1.5414 24.4353 1.5834 0.7068
Car -1 -1 -1.6068 602.4745 174.8205 634.7798 203.4061 1.4288 1.5634 3.6756 0.6630 1.1463 37.1856 -1.5874 0.7032
Car -1 -1 2.0176 0.0000 175.9085 416.4995 370.0000 1.5111 1.5291 3.0663 -2.2863 1.4962 4.1090 1.5434 0.1986
