Car -1 -1 -1.7891 726.8032 185.9556 881.3218 291.0929 1.4432 1.6201 4.1902 3.0943 1.7095 12.5355 -1.5537 0.9002
Car -1 -1 -1.7207 700.1392 183.6085 795.9621 253.6178 1.4517 1.6337 4.3511 3.2169 1.7506 17.8287 -1.5460 0.8607
Car -1 -1 2.1027 20.5771 188.7072 146.8704 242.0732 1.4707 1.5572 3.7140 -16.6132 2.0174 22.9418 1.4812 0.8103
Car -1 -1 -1.7332 669.9925 181.9102 733.3575 227.1207 1.4166 1.5697 3.9371 3.0993 1.7610 25.4078 -1.6139 0.7851
Car -1 -1 1.9068 313.4732 183.5440 363.8453 210.0267 1.4592 1.5720 4.1010 -16.3165 2.1345 43.4886 1.5495 0.6924
Car -1 -1 2.0639 208.7033 185.9377 282.5039 221.1133 1.4650 1.5147 3.5678 -16.7157 2.1001 33.1958 1.6003 0.6744
Car -1 -1 2.0950 122.8257 185.6993 236.2754 230.0862 1.5107 1.7486 4.5272 -16.6516 2.0524 28.1368 1.5645 0.6448
Car -1 -1 1.9751 258.1095 184.4100 319.1226 215.1293 1.4811 1.5598 3.8292 -16.9518 2.1234 38.1563 1.5593 0.5170
Car -1 -1 2.3134 0.0000 194.3110 48.6963 264.4514 1.4318 1.5695 4.0128 -16.3915 2.0266 17.9729 1.5813 0.4302
Car -1 -1 -1.6959 652.7617 180.3644 695.4380 213.4553 1.4754 1.5820 3.8066 3.0140 1.8601 34.9802 -1.6112 0.3397
Car -1 -1 1.4413 662.5649 180.5900 716.6111 220.0889 1.4625 1.6430 4.3423 3.1612 1.8055 29.7636 1.5454 0.1835
