Pedestrian -1 -1 -1.9509 429.0085 160.3011 473.5814 248.1184 1.7853 0.6094 0.9598 -3.2966 1.3763 14.9373 -2.1618 0.8309
Pedestrian -1 -1 1.1485 734.5377 164.8694 765.0963 222.8634 1.8283 0.6839 0.8250 4.6253 1.3371 22.7627 1.3479 0.5682
Pedestrian -1 -1 0.2829 290.2823 161.3129 325.9623 218.2084 1.7302 0.6022 0.8824 -9.1972 1.1483 21.8437 -0.1085 0.2862
Pedestrian -1 -1 -0.0038 305.7193 160.4992 345.6555 231.0164 1.7316 0.6360 0.9213 -7.0740 1.2420 17.8210 -0.3737 0.2178
Cyclist -1 -1 -1.4290 309.5819 160.0845 345.0501 234.5487 1.7903 0.5623 1.9340 -7.0831 1.3011 18.0000 -1.7960 0.4398
Cyclist -1 -1 -1.4902 296.8084 162.0089 321.2635 220.7018 1.7450 0.5444 1.8610 -9.2200 1.1968 21.9852 -1.8803 0.4057
Car -1 -1 -2.2917 1024.8804 182.5066 1156.9409 228.4390 1.4244 1.5452 3.8273 16.3635 1.5000 24.0924 -1.6996 0.8338
Car -1 -1 0.9370 1100.1836 183.0032 1224.0000 228.5606 1.4298 1.6041 3.9979 19.2455 1.5250 24.4280 1.5995 0.6365
Car -1 -1 -2.0933 957.1086 181.8139 1065.8276 228.9122 1.4805 1.5927 3.6340 13.7163 1.5303 24.1470 -1.5809 0.5776
Car -1 -1 -1.5998 603.3953 175.5289 634.6074 203.5090 1.3977 1.5313 3.5333 0.6834 1.1508 37.0877 -1.5798 0.5650
Car -1 -1 -1.2478 285.2853 166.7988 388.7549 231.5293 1.5785 1.5785 3.3697 -7.0925 1.2460 18.9430 -1.5987 0.1090
