Cyclist -1 -1 -1.8126 702.7648 163.7791 746.7786 245.2802 1.7293 0.5403 1.8361 2.5075 1.5371 16.2458 -1.6631 0.6855
Car -1 -1 -1.9749 830.4771 180.6688 1063.1842 315.4556 1.4533 1.5258 3.3616 4.1862 1.5766 9.6590 -1.5780 0.9031
Car -1 -1 -1.2181 279.0105 158.7092 487.8272 307.4476 1.8193 1.6745 3.9030 -3.1821 1.6467 10.8300 -1.4982 0.8501
Car -1 -1 2.2145 9.4780 176.1205 158.2892 232.4145 1.4677 1.5671 3.6799 -15.0888 1.5711 20.8836 1.5948 0.7875
Car -1 -1 -1.8242 761.8038 178.9451 893.6432 263.6483 1.4131 1.5455 3.6288 4.0453 1.5482 14.1269 -1.5517 0.7586
Car -1 -1 2.1681 147.0411 174.2231 266.2022 216.0313 1.4562 1.7588 4.4518 -15.2861 1.5132 27.5781 1.6658 0.6489
Car -1 -1 -1.7428 724.6426 172.7752 810.0078 235.0902 1.5250 1.6001 3.7555 4.1043 1.5234 19.5566 -1.5397 0.6202
Car -1 -1 -1.3168 416.8469 158.5925 542.2341 248.2483 1.8904 1.8521 4.7242 -3.0420 1.5901 17.6435 -1.4857 0.5535
Car -1 -1 -1.3980 485.1479 175.7995 552.0435 224.1782 1.4595 1.5808 3.6820 -2.9862 1.5650 23.8712 -1.5217 0.5439
Car -1 -1 -1.7405 695.0998 173.3776 762.3972 219.3791 1.4643 1.6218 3.9871 3.9804 1.4842 25.0152 -1.5851 0.4644
Car -1 -1 -1.4128 512.2429 171.0218 566.9576 212.2929 1.6134 1.6669 4.0437 -2.9209 1.5422 30.2743 -1.5087 0.4431
Car -1 -1 -0.8113 0.0000 180.9263 341.7337 375.0000 1.5671 1.6551 3.9845 -2.9639 1.6273 3.3040 -1.5036 0.3807
Car -1 -1 2.7782 810.3318 170.7654 908.5283 200.2747 1.3927 1.5947 4.1989 11.9859 1.2945 34.9228 3.1058 0.3463
Car -1 -1 -1.5926 671.0833 167.4056 703.0714 197.2730 1.6217 1.7154 4.2321 4.3350 1.3262 41.3537 -1.4893 0.3205
