Car -1 -1 1.9724 185.7906 186.7353 397.1645 302.4509 1.4736 1.6329 3.9682 -4.9103 1.7366 11.6566 1.5811 0.8710
Car -1 -1 1.8713 313.1410 180.8739 446.9663 258.4017 1.5065 1.6855 4.3645 -5.1565 1.7163 16.6557 1.5750 0.8099
Car -1 -1 2.2240 0.0000 203.5598 175.9571 375.0000 1.4306 1.6146 4.0922 -5.4606 1.7677 5.8091 1.4923 0.7223
Car -1 -1 1.2040 19.9656 184.2542 196.5644 264.6835 1.3981 1.6080 4.1977 -10.4852 1.6633 14.9114 0.5994 0.6555
Car -1 -1 1.2088 133.9920 177.3469 263.2029 246.3671 1.5191 1.5895 3.6792 -10.3054 1.6421 17.8971 0.6925 0.3350
Car -1 -1 1.9687 381.8151 179.9953 455.0241 216.8367 1.4936 1.6459 4.2441 -8.5234 1.8359 32.3265 1.7125 0.2673
Car -1 -1 1.0939 0.0000 182.2694 119.6223 290.7814 1.5317 1.6391 3.9623 -10.3265 1.7080 11.9603 0.3926 0.2274
Car -1 -1 -0.6417 214.6024 179.3363 345.9525 231.5638 1.4166 1.4839 3.4087 -9.9424 1.6302 21.8777 -1.0641 0.2035
Car -1 -1 -2.6628 197.8425 164.9967 304.0390 198.4237 1.5237 1.6528 4.1565 -16.7803 1.1659 33.7548 -3.1211 0.1936
Car -1 -1 1.8247 423.8732 176.0336 475.4386 211.0939 1.6739 1.6305 3.9213 -8.1462 1.8452 36.7967 1.6079 0.1915
