Pedestrian -1 -1 1.1392 275.9109 158.4975 330.9483 262.1065 1.7808 0.5728 0.9372 -5.4566 1.4043 12.6755 0.7436 0.8024
Pedestrian -1 -1 1.2306 317.4262 158.4858 365.5918 258.5109 1.8031 0.5680 0.9502 -5.0033 1.4079 13.2880 0.8801 0.6314
Pedestrian -1 -1 1.2799 363.3659 161.0678 406.7951 254.5149 1.7779 0.5767 0.9488 -4.4061 1.4098 14.0017 0.9833 0.6126
Pedestrian -1 -1 1.3869 288.8288 157.6687 320.7528 230.7040 1.8745 0.6208 0.9387 -7.9853 1.2901 18.7048 0.9914 0.5675
Pedestrian -1 -1 1.4390 317.7013 157.3294 347.0481 229.8198 1.9051 0.6289 0.9263 -7.4204 1.2977 19.1334 1.0765 0.5671
Pedestrian -1 -1 2.1409 341.1102 158.5933 388.8077 246.3692 1.7871 0.5453 0.9094 -5.0882 1.3427 14.8985 1.8201 0.1055
Car -1 -1 2.4828 1005.6625 183.7085 1203.9110 239.6100 1.4477 1.6809 4.3259 13.5604 1.5416 19.3720 3.0873 0.8998
Car -1 -1 -1.5753 602.7936 174.3104 634.3045 203.2549 1.4465 1.5750 3.6770 0.6913 1.1386 37.1812 -1.5551 0.6812
Car -1 -1 -2.1304 958.7914 179.4402 1067.0306 226.7039 1.4964 1.5723 3.4822 13.7790 1.4644 24.1551 -1.6161 0.5175
Car -1 -1 0.7467 1102.7288 183.1384 1224.0000 231.6238 1.4903 1.5736 3.7846 19.1258 1.5886 23.9354 1.4159 0.1857
