Pedestrian -1 -1 1.5929 190.4341 173.8568 238.4350 296.1858 1.7511 0.6092 0.8332 -5.9826 1.7672 10.8437 1.0985 0.4336
Pedestrian -1 -1 1.9117 695.4636 172.3215 719.7173 223.3413 1.7386 0.6130 0.7770 3.3502 1.7208 25.0704 2.0423 0.4052
Pedestrian -1 -1 1.9917 713.9387 171.6306 739.9552 224.0950 1.7512 0.6068 0.7912 3.9422 1.7107 24.5778 2.1481 0.2030
Pedestrian -1 -1 0.7134 106.4336 171.9239 147.9371 234.4211 1.8002 0.5601 0.8513 -14.1696 1.7737 21.1123 0.1279 0.1301
Cyclist -1 -1 3.3074 147.0803 174.4038 287.5426 293.6790 1.7014 0.5441 1.7879 -5.9044 1.7262 10.8452 2.8186 0.1988
Car -1 -1 1.7888 444.2069 185.7396 532.8931 247.7148 1.4268 1.5614 3.7034 -3.1841 1.8054 19.2877 1.6266 0.8524
Car -1 -1 -0.6611 953.3959 174.5763 1242.0000 375.0000 1.5210 1.6486 3.8528 5.2755 1.5385 6.3248 0.0108 0.7746
Car -1 -1 2.5314 822.0580 165.8324 1200.6318 318.6810 1.7123 1.7088 3.9857 4.9085 1.6340 9.1931 3.0076 0.7139
Car -1 -1 -0.4150 759.9052 170.9287 996.3347 259.6530 1.6909 1.7504 4.1922 5.3258 1.6545 14.7805 -0.0764 0.7072
Car -1 -1 -2.8526 348.4526 181.6035 479.4177 229.9196 1.4782 1.6602 3.7586 -6.2994 1.7715 23.2719 -3.1146 0.2817
