Car -1 -1 -2.0050 813.1313 175.7811 1170.3025 375.0000 1.5043 1.6125 3.7649 3.3977 1.5424 7.3975 -1.5905 0.8873
Car -1 -1 -1.7606 729.7561 181.6042 862.3550 279.9021 1.4427 1.5462 3.5642 3.0624 1.6193 12.7212 -1.5306 0.8861
Car -1 -1 -1.6963 693.6246 177.6748 764.3064 229.3696 1.4312 1.6216 4.2099 3.5595 1.5961 22.4976 -1.5421 0.7692
Car -1 -1 -1.7973 710.7756 174.4746 810.6456 246.5683 1.5966 1.6122 3.6042 3.5650 1.6413 17.8871 -1.6046 0.7243
Car -1 -1 -1.6314 675.6024 176.9774 725.8221 218.9798 1.4871 1.6628 4.2104 3.4176 1.6605 28.1163 -1.5123 0.6340
Car -1 -1 -1.6304 662.0161 176.5046 700.9880 210.8362 1.4885 1.5735 3.5776 3.2299 1.6675 33.4826 -1.5356 0.6136
Car -1 -1 -1.4701 597.5366 174.2684 626.3650 197.4059 1.5126 1.6114 3.6854 0.1386 1.6134 49.3172 -1.4677 0.4513
Car -1 -1 -2.2910 1104.3875 196.7043 1242.0000 375.0000 1.4563 1.5773 3.6752 3.0593 1.5878 2.0045 -1.3661 0.3399
Car -1 -1 -1.6445 642.3320 173.0921 666.4692 192.7827 1.4987 1.6043 3.9848 3.4475 1.5185 56.9663 -1.5847 0.2390
Car -1 -1 1.5418 657.6924 174.1293 691.1599 204.4459 1.5500 1.6735 4.2846 3.4190 1.6236 39.2573 1.6275 0.2052
