Pedestrian -1 -1 -1.8319 815.5510 158.1614 847.4246 221.6176 1.7354 0.6399 0.8790 6.2943 1.1261 19.7849 -1.5267 0.6249
Pedestrian -1 -1 1.8400 845.3183 157.3642 876.7795 221.2995 1.7451 0.6390 0.8133 7.1446 1.1152 19.8107 2.1828 0.5525
Pedestrian -1 -1 2.1498 390.4838 169.7943 428.4766 234.5839 1.7332 0.6226 0.8848 -5.3998 1.4484 19.4263 1.8847 0.1762
Cyclist -1 -1 -3.4769 829.2382 156.2237 898.6680 220.9515 1.7892 0.5271 1.7511 7.2097 1.1197 19.8117 -3.1313 0.1161
Car -1 -1 -1.0415 221.2258 192.9323 401.9561 282.1907 1.3627 1.5148 3.4723 -5.2910 1.6275 13.1325 -1.4145 0.9141
Car -1 -1 2.3647 0.0000 216.3757 99.4581 370.0000 1.4188 1.5435 3.9480 -5.8055 1.7782 5.0480 1.5420 0.2586
Car -1 -1 -1.6155 567.8157 178.6892 588.7365 196.0195 1.4257 1.6079 3.9070 -2.2847 1.2780 60.1746 -1.6516 0.1918
Car -1 -1 1.5074 534.4011 177.2717 555.7853 195.4194 1.5013 1.5900 3.7571 -5.1314 1.2355 60.4611 1.4248 0.1340
Car -1 -1 -0.3576 1155.6920 145.5163 1224.0000 262.4556 1.4888 1.6387 4.0130 10.9117 1.0451 10.5779 0.4301 0.1323
Car -1 -1 2.3002 615.5603 213.0175 1224.0000 370.0000 1.4594 1.5322 3.7282 2.0068 1.6736 3.2830 2.8095 0.1020
