Pedestrian -1 -1 2.3166 301.9834 167.5770 397.2124 318.6022 1.7777 0.6541 0.9478 -3.3029 1.7160 9.0549 1.9752 0.6742
Pedestrian -1 -1 2.6251 257.0525 172.9958 341.7990 320.5567 1.8031 0.5605 0.8388 -4.0567 1.8054 9.3183 2.2240 0.1975
Car -1 -1 2.0723 0.0000 178.2375 314.5082 375.0000 1.6799 1.7579 4.3604 -4.7801 1.7525 7.4535 1.5176 0.8114
Car -1 -1 1.8753 343.1881 194.4622 447.2424 261.1652 1.3807 1.4735 3.4637 -5.2285 1.9669 17.8125 1.5930 0.8058
Car -1 -1 1.7450 442.2928 185.1405 501.3251 227.9274 1.5073 1.6063 4.1314 -5.4516 2.0315 28.6839 1.5583 0.7549
Car -1 -1 0.7329 0.0000 183.9897 130.3675 226.1567 1.4278 1.6139 3.8687 -19.6927 1.8432 25.9173 0.0880 0.5702
Car -1 -1 1.7370 384.1215 190.0653 457.1707 243.0603 1.4105 1.5739 3.8343 -5.8420 1.9940 22.4640 1.4848 0.5583
Car -1 -1 0.9883 229.5361 184.3702 339.7695 232.9686 1.4422 1.5629 3.6656 -10.8162 1.8491 23.8296 0.5660 0.3441
Car -1 -1 3.3182 348.5911 169.3619 404.6791 189.6788 1.5804 1.6795 3.9996 -18.4906 1.3091 57.2235 3.0068 0.1548
Car -1 -1 0.4136 234.9328 168.9185 318.1563 197.9395 1.6498 1.6986 4.0470 -19.3483 1.4265 41.8996 -0.0168 0.1522
Car -1 -1 3.5682 134.8538 186.1409 299.9178 239.3529 1.4483 1.5979 3.9166 -11.3808 1.8528 21.0205 3.0769 0.1301
