Car -1 -1 2.0715 91.3184 194.6273 348.8502 329.8471 1.4195 1.5288 3.5884 -5.1324 1.7760 9.9784 1.6066 0.9054
Car -1 -1 1.8433 258.2183 186.7613 398.7404 271.6893 1.4207 1.6139 4.0584 -5.6395 1.7475 14.8428 1.4855 0.8077
Car -1 -1 1.8244 379.8896 183.5226 473.3885 241.3479 1.4502 1.6328 4.0884 -5.2280 1.7901 20.9035 1.5817 0.8071
Car -1 -1 1.2177 0.0000 179.8365 138.3654 269.7523 1.4267 1.5777 3.8656 -10.6410 1.5731 13.3989 0.5561 0.6696
Car -1 -1 1.8136 418.0880 179.2349 495.4052 228.0253 1.5601 1.6957 4.3775 -5.4234 1.8088 25.8677 1.6084 0.5673
Car -1 -1 1.1968 64.5016 177.3215 211.5021 251.9370 1.4701 1.5502 3.5827 -10.6165 1.5804 16.0860 0.6209 0.5545
Car -1 -1 1.1351 130.1813 176.3259 273.7147 240.3501 1.4634 1.6155 4.1563 -10.6011 1.5621 18.5593 0.6221 0.4634
Car -1 -1 1.0505 185.0541 176.4306 313.8210 230.7964 1.4441 1.5950 4.0240 -10.6716 1.5583 21.1777 0.5884 0.3708
Car -1 -1 2.4424 306.6813 177.1885 400.3873 213.9459 1.4315 1.5045 3.6065 -10.8030 1.6266 30.4880 2.1042 0.2494
Car -1 -1 1.0091 272.3022 173.4431 375.7771 215.4177 1.4637 1.6203 4.2118 -10.8306 1.4877 27.1092 0.6321 0.1548
