Car -1 -1 1.9556 290.5250 194.6218 432.0639 275.2697 1.3970 1.5270 3.7948 -5.2088 1.9233 15.4873 1.6356 0.8739
Car -1 -1 2.0943 24.8262 197.8442 342.0672 346.1744 1.4262 1.6678 4.3533 -5.4235 1.8451 9.8793 1.6030 0.8612
Car -1 -1 -0.5994 798.6255 182.0444 1016.6527 264.2470 1.4178 1.6058 3.6154 5.6212 1.6101 13.8891 -0.2230 0.8294
Car -1 -1 -0.3707 747.9753 178.5416 940.3118 249.4495 1.5086 1.6346 3.8383 5.1991 1.6462 16.4514 -0.0706 0.8219
Car -1 -1 1.7944 422.3190 187.9825 492.6241 233.6317 1.3900 1.5642 3.9453 -5.2920 1.9620 25.2721 1.5894 0.8143
Car -1 -1 -0.1241 668.1770 174.4504 755.9489 209.6638 1.6866 1.7350 4.0904 4.9338 1.7676 35.5302 0.0122 0.7274
Car -1 -1 1.7703 458.4772 185.5779 511.7995 221.8645 1.3906 1.5328 3.7456 -5.3157 1.9689 30.8729 1.6007 0.5146
Car -1 -1 -0.2174 658.0490 177.3290 727.0143 204.1572 1.5259 1.6051 3.7629 4.7836 1.7952 42.3652 -0.1062 0.4076
Car -1 -1 2.7806 680.6259 182.5172 816.9878 229.6847 1.4509 1.5778 4.1255 4.4947 1.7853 23.7998 2.9642 0.2896
Car -1 -1 2.3502 1005.0344 146.4921 1242.0000 375.0000 1.6642 1.7217 4.1075 5.4135 1.5012 5.3929 3.1100 0.2855
Car -1 -1 1.7119 495.4862 182.5504 532.2659 210.8684 1.4725 1.5395 3.7931 -5.4124 2.0457 40.7236 1.5802 0.2462
Car -1 -1 2.6829 709.6524 181.5293 858.7244 235.3262 1.4512 1.5925 3.9380 5.0085 1.7198 21.0789 2.9122 0.2372
