Pedestrian -1 -1 -2.5089 231.0658 159.9757 320.3847 290.2392 1.8546 0.6606 1.0065 -4.9959 1.6716 10.6955 -2.9370 0.8146
Pedestrian -1 -1 1.3773 290.5361 168.5324 334.1732 268.8939 1.8111 0.6078 0.8440 -5.6427 1.7334 13.5373 0.9888 0.7131
Pedestrian -1 -1 0.7313 139.5166 165.8715 223.4266 290.0851 1.8727 0.6334 0.9495 -6.7421 1.7678 11.2812 0.2026 0.6589
Pedestrian -1 -1 1.2747 311.4961 169.8851 355.5753 261.6809 1.8010 0.6051 0.8934 -5.6864 1.7431 14.6920 0.9108 0.3334
Pedestrian -1 -1 0.8191 212.6166 166.8467 276.2856 274.8280 1.8368 0.5732 0.8514 -6.4759 1.7349 12.6873 0.3551 0.3118
Pedestrian -1 -1 -1.3477 1015.5268 145.0646 1075.9701 279.9505 1.7329 0.5582 0.7420 5.8264 1.3762 9.7286 -0.8219 0.1783
Pedestrian -1 -1 2.4421 270.2888 164.5876 339.5014 280.3286 1.8078 0.5204 0.9238 -5.0282 1.6790 11.7968 2.0466 0.1019
Cyclist -1 -1 -3.1625 971.2129 139.0559 1128.6494 279.5253 1.7727 0.5465 1.7776 5.8448 1.3465 9.7715 -2.6371 0.5636
Car -1 -1 1.8332 438.4643 180.2184 477.5116 204.3535 1.4562 1.5596 3.6963 -9.7950 1.9512 46.5725 1.6267 0.2767
Car -1 -1 -0.3141 1171.2555 167.7221 1242.0000 217.0018 1.3939 1.5221 3.7945 19.5278 1.2491 21.8585 0.4081 0.1535
