Car -1 -1 -1.7803 706.5384 171.2106 873.4662 294.0579 1.5144 1.5892 3.6084 2.4076 1.4945 10.7002 -1.5660 0.8622
Car -1 -1 2.8179 342.6472 178.4258 511.8543 232.7544 1.4045 1.6572 4.4673 -5.2926 1.5813 20.9418 2.5728 0.7672
Car -1 -1 -1.6456 642.8735 162.7859 701.9707 220.6902 1.7979 1.6793 3.7565 1.9790 1.4857 24.2833 -1.5660 0.7487
Car -1 -1 0.8682 196.1542 188.8794 452.5309 300.9093 1.3474 1.5227 3.6475 -4.3030 1.6183 10.6459 0.4920 0.6914
Car -1 -1 1.0715 0.0000 200.7403 267.4157 375.0000 1.4402 1.5402 3.6430 -4.0715 1.6521 4.1552 0.3279 0.3582
Car -1 -1 -1.8316 688.2420 166.8183 752.9855 206.3039 1.5756 1.6940 4.2159 4.6192 1.3351 30.9798 -1.6855 0.3364
Car -1 -1 0.8507 0.0000 192.0141 279.6495 344.5893 1.4033 1.5198 3.4600 -5.7644 1.6492 8.0837 0.2464 0.2103
Car -1 -1 -1.6563 612.7585 170.3412 642.7916 194.7964 1.5245 1.6080 4.0400 1.0870 1.3682 47.0442 -1.6338 0.1730
Car -1 -1 1.9026 378.4336 183.2384 424.8520 209.7097 1.4884 1.5903 3.7151 -12.6674 2.1487 43.9520 1.6232 0.1671
Car -1 -1 2.2744 0.0000 195.9871 175.6986 274.0914 1.3817 1.4991 3.6944 -11.5231 1.9493 15.7898 1.6518 0.1510
