Car -1 -1 -1.8365 730.9771 182.0751 939.5732 324.1994 1.4481 1.5643 3.6837 2.6260 1.5926 9.4327 -1.5743 0.7975
Car -1 -1 1.9207 343.8717 180.8556 406.4306 219.7375 1.6932 1.6025 3.8011 -11.0715 2.0936 34.1418 1.6089 0.6761
Car -1 -1 -2.4750 0.0000 197.0199 392.7628 375.0000 1.3937 1.6248 3.9819 -3.9911 1.6138 5.6108 -3.0716 0.6636
Car -1 -1 -2.0767 825.2988 86.3690 1242.0000 375.0000 1.6973 1.7484 4.3791 2.5937 1.4846 3.9948 -1.5347 0.5822
Car -1 -1 -1.8573 647.0268 178.7920 738.9358 237.9819 1.4672 1.5850 3.5330 2.1675 1.6488 20.1405 -1.7524 0.4788
Car -1 -1 1.1433 160.5480 180.7925 429.0563 313.8257 1.4191 1.6693 4.5555 -4.6225 1.5538 10.0810 0.7227 0.4089
Car -1 -1 0.9096 404.0718 180.3689 541.6030 233.3815 1.3987 1.6400 4.5001 -4.2594 1.6472 21.7264 0.7177 0.3695
Car -1 -1 2.4704 0.0000 180.4287 91.9766 340.0426 1.4438 1.5699 3.7527 -8.5740 1.5559 8.6757 1.7063 0.2734
Car -1 -1 -2.4517 500.6131 178.6695 575.1672 206.0471 1.4078 1.5824 3.9716 -4.0174 1.7416 39.6091 -2.5526 0.2214
Car -1 -1 -1.5653 640.2248 176.4491 666.6165 201.6734 1.5190 1.6084 3.7766 2.7383 1.7578 45.9344 -1.5066 0.2095
Car -1 -1 2.4427 0.0000 189.8891 113.7997 285.9379 1.4062 1.5257 3.7698 -11.4263 1.7664 13.2527 1.7411 0.2052
Car -1 -1 0.7612 483.3829 178.6680 563.6968 212.2722 1.4611 1.5426 3.6675 -4.1015 1.7466 33.6764 0.6404 0.2005
