Pedestrian -1 -1 1.9585 666.7068 172.1876 684.4015 210.5069 1.7302 0.5819 0.7121 2.9633 1.7004 33.0254 2.0466 0.2033
Pedestrian -1 -1 2.1239 680.6388 171.5087 700.8500 211.1837 1.7556 0.6054 0.7386 3.5878 1.6965 32.4029 2.2326 0.1759
Pedestrian -1 -1 1.4294 356.8490 175.6006 386.7314 245.6131 1.7552 0.6238 0.8216 -6.2056 1.8285 18.6326 1.1116 0.1433
Car -1 -1 -0.4237 766.2482 176.2134 983.7850 257.8512 1.5126 1.6388 3.7413 5.1508 1.5847 14.4272 -0.0880 0.8612
Car -1 -1 1.7873 483.6097 181.7251 546.6384 225.0156 1.4630 1.5818 3.7119 -3.5274 1.8200 27.0855 1.6584 0.7323
Car -1 -1 2.8623 697.2195 170.0380 843.2465 227.4251 1.7268 1.7515 4.1638 4.9275 1.6424 22.7258 3.0725 0.6746
Car -1 -1 2.6859 717.2335 174.1234 904.6774 246.8743 1.6015 1.6649 3.9595 4.6638 1.6341 17.1224 2.9467 0.5913
Car -1 -1 -1.3277 374.4102 184.0272 445.1849 234.4190 1.4560 1.4672 3.1361 -6.3875 1.8392 23.1335 -1.5947 0.2472
Car -1 -1 2.2827 961.6581 134.0753 1242.0000 375.0000 1.7039 1.7197 3.9803 4.5500 1.5165 4.5583 3.0347 0.2435
Car -1 -1 -0.9645 936.9717 179.4050 1242.0000 361.2238 1.4665 1.5865 3.8790 5.3973 1.5462 7.3280 -0.3495 0.1828
