Pedestrian -1 -1 -1.1427 944.8093 159.3928 1007.0146 273.0522 1.6360 0.6009 0.7061 5.4448 1.4426 10.8394 -0.6888 0.2842
Cyclist -1 -1 -2.3427 918.1061 159.4073 1038.5054 281.9200 1.6898 0.5254 1.7493 5.4305 1.5047 10.8624 -1.8907 0.5274
Car -1 -1 -1.8848 330.1435 173.4109 488.1545 275.8879 1.7299 1.7604 4.3923 -4.2376 1.7432 14.5151 -2.1647 0.8320
Car -1 -1 2.5400 987.3444 155.9772 1163.1353 212.9591 1.6907 1.7559 4.3635 14.2827 1.1903 22.3693 3.1021 0.5092
Car -1 -1 -0.8199 0.0000 200.8914 276.5443 375.0000 1.4874 1.7142 4.2767 -3.6864 1.7192 3.8020 -1.5554 0.3454
Car -1 -1 2.6804 901.0322 164.2065 1048.5519 207.0437 1.4575 1.6459 4.3564 12.7020 1.1636 25.3742 3.1396 0.2790
Car -1 -1 2.2940 1168.8381 150.4338 1242.0000 198.1681 1.4543 1.6108 3.9946 20.3031 0.7716 23.0408 3.0100 0.2307
Car -1 -1 -1.0425 689.6837 166.2569 737.7374 188.7329 1.5373 1.6287 3.9389 7.3941 1.0864 51.3973 -0.9007 0.1409
Car -1 -1 1.7825 665.3666 169.7817 698.6572 191.0430 1.5280 1.6343 4.2420 5.4158 1.3075 54.1216 1.8814 0.1290
Car -1 -1 3.4488 239.6597 175.6464 290.3704 192.4007 1.5877 1.6276 4.1294 -33.3649 1.8625 69.8242 3.0043 0.1210
Car -1 -1 0.5859 219.3909 187.6876 311.3551 216.9812 1.3735 1.5641 3.9276 -17.1775 2.1346 35.9481 0.1427 0.1157
Car -1 -1 0.9092 254.1165 183.9431 325.7096 211.8418 1.4313 1.5955 3.8468 -17.7514 2.0698 39.9092 0.4929 0.1130
