Car -1 -1 -1.7137 666.2848 183.1659 757.3439 250.7114 1.4030 1.5813 4.2065 2.3236 1.6873 17.7462 -1.5866 0.9112
Car -1 -1 0.3983 17.6348 191.7243 362.3324 295.4566 1.3978 1.6627 4.3054 -6.2978 1.7176 11.1577 -0.1059 0.8983
Car -1 -1 -1.9832 755.5201 188.8026 1149.6003 375.0000 1.4336 1.5812 4.0562 2.6193 1.6294 6.7693 -1.6300 0.8858
Car -1 -1 -1.7029 642.0563 181.3703 707.5168 231.9848 1.4494 1.5774 3.8984 1.9615 1.7484 23.3138 -1.6209 0.8458
Car -1 -1 3.4002 217.6396 184.0869 406.2909 250.7107 1.4397 1.6239 3.8115 -6.9287 1.7206 16.9812 3.0177 0.7955
Car -1 -1 -1.6692 628.3170 180.1109 677.4086 220.9427 1.4612 1.5517 3.6913 1.5810 1.7657 28.3629 -1.6148 0.7232
Car -1 -1 3.2225 354.1989 182.5171 460.1317 222.6873 1.4678 1.6281 3.8477 -7.8530 1.8599 28.0840 2.9518 0.6724
Car -1 -1 1.6316 516.6029 179.8987 547.0638 206.1308 1.4477 1.5708 3.7490 -4.6251 1.8841 42.7512 1.5240 0.4961
Car -1 -1 3.3158 372.3683 177.1754 479.5526 216.6189 1.6305 1.7046 4.2369 -7.8862 1.8228 31.0479 3.0687 0.3930
Car -1 -1 0.6615 302.7237 184.9270 466.7779 240.1875 1.3780 1.6226 4.2860 -6.3431 1.7411 20.1654 0.3600 0.2948
Car -1 -1 -2.2749 0.0000 0.0000 1242.0000 375.0000 1.4611 1.5845 3.7531 2.7123 1.6185 1.7637 -1.3550 0.2896
Car -1 -1 -1.6684 611.1923 177.1715 649.8481 206.9995 1.4977 1.6729 4.2037 1.0189 1.7444 39.0079 -1.6430 0.2070
