Car -1 -1 1.9495 147.3079 191.0449 405.1791 339.8691 1.4480 1.6218 3.9848 -4.0980 1.7389 9.5152 1.5521 0.8787
Car -1 -1 -1.4172 474.9650 181.5377 544.2101 230.9840 1.4475 1.6367 4.3071 -3.2899 1.7635 24.0502 -1.5524 0.8725
Car -1 -1 1.7931 351.4544 187.7576 479.5688 277.3719 1.4409 1.5851 3.8641 -3.7068 1.7751 14.2033 1.5415 0.8356
Car -1 -1 -1.6819 648.9973 179.0130 702.3833 219.7855 1.4532 1.6188 4.1828 2.4726 1.7146 28.4640 -1.5968 0.7204
Car -1 -1 -1.5015 635.4895 176.7912 663.8621 201.2435 1.5143 1.6065 3.7191 2.6018 1.7831 47.2522 -1.4473 0.5281
Car -1 -1 -1.9383 812.3514 183.9855 1223.6522 375.0000 1.4778 1.5865 3.7357 2.9205 1.6036 6.2223 -1.5187 0.2108
Car -1 -1 1.6733 516.8718 177.1879 554.6812 206.8160 1.5644 1.6950 4.3644 -4.1870 1.8237 40.9169 1.5715 0.1521
Car -1 -1 1.6025 515.4366 180.5481 551.0029 212.1690 1.4295 1.6231 4.1586 -3.7940 1.8343 35.7884 1.4972 0.1395
Car -1 -1 -1.3690 622.9012 174.5663 651.0456 193.4170 1.4663 1.5538 3.8041 2.1962 1.6104 58.5229 -1.3320 0.1033
Car -1 -1 -3.6490 926.6591 148.9825 1158.5896 226.9035 1.7587 1.7923 4.4450 10.1241 1.2202 17.2146 -3.1252 0.1025
