Pedestrian -1 -1 2.0619 451.1665 175.9812 505.2570 276.9493 1.6450 0.5688 0.8544 -2.1505 1.5303 12.0090 1.8905 0.8476
Pedestrian -1 -1 3.2546 428.2772 170.8422 482.2995 267.5146 1.7424 0.6352 0.9129 -2.7636 1.5227 13.0948 3.0527 0.7901
Pedestrian -1 -1 1.3143 977.7843 153.6395 1024.0126 239.9913 1.7597 0.6257 0.9338 8.3512 1.1606 14.9318 1.8166 0.7882
Pedestrian -1 -1 3.0077 478.3574 169.3090 524.0850 251.8694 1.8079 0.6275 0.9436 -2.3323 1.5071 15.9079 2.8663 0.7492
Pedestrian -1 -1 0.4768 356.4250 162.7355 449.3742 312.9330 1.8134 0.6153 0.9543 -2.5626 1.5689 8.9305 0.2076 0.7459
Pedestrian -1 -1 -2.3494 314.4514 162.8220 411.4926 331.9905 1.8498 0.5872 0.9258 -2.8295 1.6294 8.1975 -2.6691 0.4026
Pedestrian -1 -1 3.1925 500.9657 172.6987 530.4119 231.7536 1.8307 0.5927 0.8902 -2.7662 1.5094 22.2406 3.0720 0.3107
Pedestrian -1 -1 0.6103 143.4802 182.0594 187.7806 254.5961 1.7046 0.5623 0.7072 -10.4922 1.6813 16.9138 0.0649 0.2591
Pedestrian -1 -1 3.1830 501.5588 173.1682 529.1476 233.1818 1.8054 0.5848 0.8125 -2.6976 1.5078 21.5894 3.0619 0.1611
Pedestrian -1 -1 1.0387 307.8453 163.9511 421.7480 370.0000 1.6954 0.6015 0.7171 -1.9938 1.5532 5.7552 0.7223 0.1488
Car -1 -1 -1.5865 559.3423 191.8232 672.8889 300.5505 1.3966 1.5021 3.3327 0.1208 1.5544 11.0131 -1.5748 0.7349
Car -1 -1 -1.8083 792.6063 175.5693 829.3085 198.7620 1.4536 1.5262 3.4098 13.5112 0.9824 46.0487 -1.5231 0.3353
Car -1 -1 -1.5790 570.1224 184.8732 633.1928 241.8033 1.4591 1.6278 3.7532 -0.0873 1.5154 20.1184 -1.5818 0.2881
Car -1 -1 -2.2024 1035.6562 131.4362 1226.0000 243.9392 1.8820 1.8653 4.5967 10.9274 1.0190 14.1361 -1.5537 0.2545
Car -1 -1 -0.1115 606.4392 174.4008 659.3812 192.2326 1.4377 1.6526 4.1787 2.4570 0.7369 57.9695 -0.0677 0.1575
Car -1 -1 1.4172 574.0294 183.0424 611.6688 210.0973 1.4583 1.5711 3.7858 -0.6199 1.4560 40.1031 1.4035 0.1382
