Car -1 -1 -1.8510 741.2593 186.3865 995.8887 356.6537 1.4378 1.5700 3.9789 2.6057 1.6333 8.4041 -1.5616 0.9189
Car -1 -1 3.5297 102.0400 185.2691 364.3912 270.7609 1.4701 1.6581 4.0874 -7.0159 1.7228 13.6776 3.0632 0.8932
Car -1 -1 -1.7491 688.2802 178.6256 812.8873 272.0375 1.4804 1.5890 3.7279 2.4248 1.6039 13.5314 -1.5766 0.8582
Car -1 -1 1.7775 432.8744 181.0118 524.0981 249.4017 1.4889 1.5293 3.4892 -3.2025 1.7116 17.8954 1.6022 0.8504
Car -1 -1 -1.6830 650.1682 178.8819 710.5142 226.6568 1.4374 1.5702 3.7096 2.2228 1.6543 24.0493 -1.5927 0.6870
Car -1 -1 3.4716 183.0780 175.3649 403.6625 252.2492 1.6547 1.7168 4.3258 -7.1832 1.7164 16.6063 3.0686 0.6581
Car -1 -1 -1.7035 666.8521 177.5051 748.1808 243.2164 1.4513 1.5228 3.4255 2.2740 1.5781 17.8964 -1.5800 0.6361
Car -1 -1 -1.6772 635.8762 176.1660 684.6152 215.8849 1.5174 1.6021 3.7095 1.9697 1.6630 29.7629 -1.6124 0.5529
Car -1 -1 -2.3950 0.0000 199.3569 166.4055 362.0233 1.4541 1.5642 3.9253 -7.1078 1.7592 7.4989 -3.1360 0.5081
Car -1 -1 0.3311 292.5599 177.0341 450.0259 230.4031 1.5988 1.7427 4.3664 -7.4528 1.7357 22.6614 0.0163 0.4972
Car -1 -1 -2.2374 929.4734 198.5015 1242.0000 375.0000 1.4633 1.6028 3.8877 2.6701 1.6289 2.6525 -1.5035 0.4207
Car -1 -1 2.5968 0.0000 224.7092 163.2525 375.0000 1.3853 1.5468 4.0840 -4.7020 1.8149 3.8250 1.7432 0.3344
