Car -1 -1 -1.3390 386.3063 178.4779 529.7072 273.7939 1.4512 1.6235 4.2376 -2.6644 1.5727 13.3846 -1.5326 0.8724
Car -1 -1 -1.8554 736.6193 173.8819 862.0352 252.1201 1.6570 1.7295 4.3661 4.3722 1.6855 17.5567 -1.6161 0.8503
Car -1 -1 2.2209 0.0000 168.1163 174.5826 227.6672 1.4844 1.8059 4.5971 -14.6471 1.3667 20.3089 1.6021 0.8118
Car -1 -1 -0.6382 970.6099 185.5793 1150.7545 241.4990 1.4881 1.7191 4.2045 12.8151 1.8724 20.7224 -0.0913 0.7940
Car -1 -1 -1.1007 2.6521 166.7141 453.8715 375.0000 1.6141 1.6498 3.9338 -2.7813 1.5782 6.2754 -1.5035 0.7810
Car -1 -1 -1.4134 463.1439 177.5172 543.5863 239.1558 1.4901 1.5845 3.7401 -2.8422 1.6293 19.6060 -1.5562 0.5978
Car -1 -1 2.1535 187.4508 167.9457 285.4767 207.0705 1.4562 1.6413 3.8129 -14.8507 1.2739 28.8386 1.6815 0.5847
Car -1 -1 -1.4096 527.6808 173.9355 577.0963 211.8102 1.6071 1.6171 3.9976 -2.5922 1.6597 32.7899 -1.4884 0.5310
Car -1 -1 1.4403 669.2182 177.6008 704.4571 203.0470 1.4199 1.5744 3.9476 4.4980 1.7163 42.9985 1.5433 0.4146
Car -1 -1 -1.4499 492.1763 170.8608 555.3193 225.6581 1.7187 1.6610 4.0373 -2.9036 1.6566 24.6503 -1.5666 0.3521
Car -1 -1 0.5476 938.7203 184.8375 1242.0000 375.0000 1.5386 1.6368 3.7655 3.4744 1.6282 3.3371 1.3092 0.3503
