Car -1 -1 -1.8514 762.0889 178.3769 982.4321 324.3616 1.5448 1.6329 3.9601 3.1980 1.6354 9.7840 -1.5455 0.9044
Car -1 -1 -1.6925 706.4390 171.0503 785.5300 229.3604 1.4139 1.5773 4.1053 3.5291 1.3705 19.5851 -1.5175 0.8453
Car -1 -1 -1.7322 734.0765 176.9289 844.3420 258.1113 1.4167 1.5518 3.5850 3.4386 1.5100 14.6124 -1.5064 0.7648
Car -1 -1 -1.4912 617.2643 157.5097 680.4156 215.3491 1.7652 1.7827 4.3578 1.3523 1.2973 24.2963 -1.4368 0.7239
Car -1 -1 1.4423 697.4598 165.7024 763.7356 213.5007 1.4471 1.6137 4.1769 3.8619 1.2310 23.9536 1.5997 0.4473
Car -1 -1 -1.6971 688.4355 159.9551 738.5687 199.0012 1.6009 1.6477 4.1303 4.4286 1.0724 31.6551 -1.5598 0.3180
Car -1 -1 2.0622 203.6602 159.6681 312.2502 207.0554 1.6226 1.7499 4.4142 -13.0300 1.1715 26.9482 1.6155 0.1769
Car -1 -1 3.7260 0.0000 157.0717 50.5330 218.8322 1.4673 1.6514 4.1290 -17.0171 1.0927 18.2800 2.9836 0.1634
Car -1 -1 -0.8765 116.2424 155.5959 254.4254 212.7145 1.6211 1.6820 3.7542 -13.1079 1.1316 22.4677 -1.3997 0.1627
Car -1 -1 -1.1876 669.0227 159.3372 719.4139 187.7003 1.7000 1.6897 4.2639 5.3327 0.8902 45.5205 -1.0719 0.1090
