Car -1 -1 -1.7433 680.5703 183.7317 791.7776 264.7093 1.4088 1.5561 4.0896 2.4443 1.6687 15.1600 -1.5875 0.9067
Car -1 -1 2.9481 171.3805 190.6325 407.1926 286.6026 1.4182 1.5585 3.6459 -5.7483 1.7792 12.9577 2.5376 0.8040
Car -1 -1 2.9972 235.6364 181.5691 450.2098 262.8637 1.5533 1.6903 4.2437 -5.9011 1.7670 15.9101 2.6469 0.7607
Car -1 -1 -1.7082 653.5692 178.8262 712.2204 222.7447 1.4632 1.5950 3.9933 2.5660 1.7007 26.6167 -1.6138 0.7602
Car -1 -1 -0.4198 445.6611 181.0078 539.3715 214.0760 1.4543 1.6600 4.0950 -5.6195 1.8645 34.4431 -0.5808 0.6711
Car -1 -1 2.9556 304.4340 183.5684 475.4747 246.8555 1.4398 1.6101 3.9915 -5.6976 1.7407 18.6014 2.6617 0.5076
Car -1 -1 2.7325 475.4875 180.9999 550.3503 208.4662 1.4248 1.5627 3.8132 -5.4095 1.8961 40.0616 2.5987 0.4816
Car -1 -1 -1.7091 639.6067 178.7213 678.6844 208.5206 1.4846 1.5794 3.6814 2.5438 1.8141 38.5837 -1.6443 0.4742
Car -1 -1 -1.6543 675.1979 180.4156 740.6517 236.7335 1.4571 1.5551 3.7232 2.7266 1.6981 21.0665 -1.5282 0.3864
Car -1 -1 2.7225 493.6328 177.9941 560.5993 203.5445 1.5437 1.6382 3.9116 -5.2998 1.8837 45.9747 2.6079 0.3132
Car -1 -1 -1.7138 627.6990 176.0902 659.1192 199.6532 1.5294 1.6141 3.7788 2.2152 1.7598 49.3269 -1.6697 0.1887
