Car -1 -1 -1.8478 666.1498 179.8092 810.5797 273.0162 1.4194 1.5499 3.8692 2.1323 1.5674 13.3005 -1.6933 0.9377
Car -1 -1 -1.6837 633.3666 175.0286 715.0535 240.7969 1.4765 1.5929 3.9096 1.4718 1.5380 18.3085 -1.6056 0.8185
Car -1 -1 3.1640 0.0000 160.3756 325.8548 326.9785 1.7296 1.7009 3.8881 -5.8894 1.6004 9.2092 2.6077 0.7006
Car -1 -1 -1.8015 609.3930 174.6166 685.9431 224.2422 1.4837 1.6197 4.0374 1.1029 1.5476 23.8555 -1.7565 0.6194
Car -1 -1 -2.3098 949.4014 202.6333 1242.0000 375.0000 1.4156 1.5380 3.7407 3.2408 1.6353 3.4254 -1.5951 0.6003
Car -1 -1 2.9402 121.2817 173.3569 405.4698 281.4297 1.5271 1.6490 4.0513 -5.7491 1.5371 12.0782 2.5040 0.4909
Car -1 -1 2.7850 221.1773 172.9039 434.0475 247.3998 1.5517 1.6904 4.3901 -6.6281 1.5534 17.1139 2.4203 0.3886
Car -1 -1 2.8050 315.4637 177.6484 451.7194 228.3292 1.4479 1.5299 3.7970 -7.1167 1.6106 22.6858 2.5039 0.2787
Car -1 -1 2.6250 0.0000 210.4900 157.2106 375.0000 1.4063 1.5698 4.1148 -4.1615 1.6709 2.9179 1.7090 0.2626
Car -1 -1 -1.6855 540.0975 167.2172 584.5344 203.7573 1.7252 1.7352 4.3452 -2.5015 1.4594 36.3577 -1.7541 0.1807
Car -1 -1 -1.3448 443.1570 173.1209 476.8095 194.5173 1.5682 1.6394 4.0705 -11.4115 1.5896 54.9833 -1.5488 0.1713
