Car -1 -1 -0.4116 766.6138 180.8106 1106.4796 293.2207 1.4459 1.6275 4.0952 4.4020 1.5687 10.2474 -0.0172 0.8529
Car -1 -1 1.7756 378.4289 181.1793 498.2908 270.8097 1.5691 1.6337 3.8401 -3.4407 1.7640 14.9235 1.5520 0.8432
Car -1 -1 2.7323 709.3455 162.5074 978.3597 268.5388 1.7555 1.7467 4.2936 4.0650 1.5846 13.0572 3.0268 0.6738
Car -1 -1 -0.1689 678.4510 175.0061 796.7815 217.8810 1.4839 1.6106 3.9545 4.4636 1.5637 25.8561 -0.0005 0.5571
Car -1 -1 1.6723 481.4097 173.9460 538.7573 227.4220 1.7321 1.6073 3.9378 -3.4889 1.7740 25.4445 1.5368 0.5167
Car -1 -1 1.6891 515.7112 177.6183 559.9893 212.5611 1.5461 1.6312 4.1670 -3.4349 1.7888 34.5953 1.5903 0.3588
Car -1 -1 2.8574 668.4295 176.1942 776.4696 215.5298 1.4755 1.6351 3.8838 4.3294 1.6119 28.3143 3.0070 0.3578
Car -1 -1 -0.4016 734.0676 173.2763 924.0997 250.9423 1.5884 1.6237 3.6326 4.6672 1.5986 15.7889 -0.1201 0.2724
Car -1 -1 2.6285 0.0000 0.0000 1242.0000 375.0000 1.6657 1.7455 4.3699 -3.3519 1.4175 1.8111 1.6151 0.1342
Car -1 -1 2.0378 526.5603 180.6223 580.4290 205.8753 1.4194 1.6101 4.1002 -3.4281 1.9184 44.1103 1.9602 0.1291
Car -1 -1 1.8279 636.7800 181.2934 683.6052 210.0454 1.3892 1.5275 3.9351 2.6740 1.8611 38.2063 1.8967 0.1146
