Cyclist -1 -1 1.9013 537.7025 174.7448 565.0158 218.5589 1.7550 0.5511 1.8846 -2.4611 1.8365 29.9646 1.8195 0.4112
Car -1 -1 -1.7824 712.4567 168.6073 912.7265 319.8734 1.7090 1.7308 4.3668 2.5480 1.6614 10.3510 -1.5489 0.8546
Car -1 -1 -2.1585 839.6472 189.1297 1242.0000 375.0000 1.4519 1.6208 4.1309 2.6387 1.5842 3.7723 -1.5851 0.7419
Car -1 -1 -0.3336 323.0471 171.1076 495.7866 241.3980 1.7516 1.7556 4.2529 -5.5244 1.7084 19.9047 -0.6015 0.6943
Car -1 -1 -1.6496 678.8005 182.4039 745.7184 241.4059 1.4347 1.5267 3.4287 2.6863 1.7212 19.8617 -1.5180 0.6248
Car -1 -1 -0.4779 466.0247 179.9340 550.7831 212.7722 1.4514 1.5843 3.6784 -4.8494 1.8055 34.3367 -0.6177 0.5956
Car -1 -1 3.2185 0.0000 150.1408 291.2076 375.0000 1.7956 1.7527 4.1120 -5.3605 1.6460 6.6260 2.5576 0.5912
Car -1 -1 2.8438 396.8134 181.6478 519.7317 224.7905 1.4054 1.6027 4.0179 -5.4586 1.7412 25.8551 2.6372 0.5452
Car -1 -1 3.0238 0.0000 182.0087 386.5411 329.2913 1.4809 1.6642 4.2687 -5.3655 1.6252 9.4140 2.5174 0.4460
Car -1 -1 2.7046 472.2086 180.2674 551.0282 207.8029 1.4099 1.5590 4.0055 -5.4145 1.8352 39.6183 2.5692 0.2490
