Pedestrian -1 -1 -0.1216 1151.0977 145.7138 1224.0000 370.0000 1.8116 0.6488 0.6555 5.0647 1.5383 6.0311 0.5530 0.2950
Pedestrian -1 -1 1.5553 335.7242 162.1919 351.6086 205.1351 1.9015 0.6607 0.7953 -11.7746 1.0923 31.7921 1.2057 0.2418
Pedestrian -1 -1 -1.2219 859.1442 165.6215 924.2679 296.3428 1.6350 0.5814 0.7493 3.7337 1.4506 9.3117 -0.8505 0.2068
Pedestrian -1 -1 1.5854 316.8209 161.0855 332.9946 204.0800 1.8858 0.6559 0.7765 -12.4891 1.0357 31.4864 1.2131 0.1512
Pedestrian -1 -1 -0.2084 303.6855 162.4409 342.2237 226.4682 1.7229 0.6123 0.8833 -7.8239 1.2385 19.5196 -0.5821 0.1489
Pedestrian -1 -1 1.7222 190.8198 158.6567 211.2858 204.4541 1.9188 0.6659 0.6262 -17.1749 1.0051 30.0301 1.2091 0.1084
Cyclist -1 -1 -2.9479 822.6168 160.4353 969.6258 299.2604 1.7086 0.5322 1.7390 3.7944 1.4634 9.3892 -2.5738 0.3886
Cyclist -1 -1 -1.5102 313.5672 161.8331 340.1028 227.4573 1.7403 0.5639 1.9363 -7.7891 1.2468 19.7533 -1.8785 0.3858
Cyclist -1 -1 1.4529 1166.4523 143.1788 1224.0000 370.0000 1.7818 0.5705 1.8322 5.0777 1.5232 5.8522 2.1427 0.1267
Car -1 -1 -2.2233 1030.0209 182.6824 1152.6416 227.8959 1.4046 1.5220 3.6177 16.3225 1.4859 23.9898 -1.6305 0.7837
Car -1 -1 -2.0814 961.9903 181.5236 1067.7649 227.6502 1.4528 1.5725 3.5286 13.8187 1.4918 24.1112 -1.5652 0.7161
Car -1 -1 -1.6078 602.5643 174.8388 634.9302 203.4246 1.4285 1.5626 3.6807 0.6691 1.1470 37.1815 -1.5882 0.7115
Car -1 -1 0.8711 1093.9088 180.6505 1224.0000 226.9462 1.4780 1.6234 4.1762 19.3711 1.4853 24.6999 1.5314 0.4407
Car -1 -1 0.2264 755.6392 182.1733 1061.3307 314.9130 1.4417 1.4203 3.4769 3.8527 1.4691 9.2914 0.6092 0.1486
