Pedestrian -1 -1 -0.4117 1165.9608 161.3667 1224.0000 328.7435 1.6462 0.5557 0.7127 6.3126 1.4598 7.3149 0.2806 0.5607
Pedestrian -1 -1 1.8840 257.5845 159.2650 284.8106 213.0319 1.8010 0.6141 0.8223 -11.4121 1.0913 24.1243 1.4491 0.4893
Pedestrian -1 -1 1.0964 287.5847 161.2813 313.2953 211.6950 1.7752 0.5863 0.7162 -10.9476 1.1000 25.3463 0.6952 0.3697
Pedestrian -1 -1 1.6304 318.1012 161.2436 338.0786 211.4368 1.7856 0.6274 0.7501 -10.0491 1.1021 25.6007 1.2625 0.3557
Cyclist -1 -1 -0.8528 212.4381 159.2286 263.4966 211.1082 1.7915 0.5213 1.8680 -13.1748 1.0585 25.3806 -1.3246 0.5831
Cyclist -1 -1 -2.0701 514.8394 164.9235 553.6222 216.3969 1.7695 0.5429 1.8816 -2.5708 1.2356 25.2319 -2.1686 0.4131
Cyclist -1 -1 -2.0264 612.4399 166.3249 654.6942 220.5376 1.7356 0.5697 2.0431 0.9028 1.2834 23.6808 -1.9870 0.3614
Car -1 -1 -2.2580 1026.9755 182.0857 1155.1743 227.2542 1.4042 1.5268 3.7714 16.3520 1.4640 24.0613 -1.6657 0.8504
Car -1 -1 -2.0914 959.9161 180.8633 1066.4521 227.3548 1.4690 1.5789 3.5294 13.7732 1.4838 24.1327 -1.5769 0.7604
Car -1 -1 0.9481 1097.7123 182.3835 1224.0000 227.2724 1.4094 1.5837 4.1833 19.2346 1.4819 24.4929 1.6090 0.5482
Car -1 -1 -1.6475 600.9869 174.7540 635.6988 203.5425 1.4369 1.5532 3.4868 0.6457 1.1515 37.0703 -1.6285 0.4576
Car -1 -1 -2.1604 595.0236 173.6484 681.6199 222.0147 1.5038 1.5095 2.9317 1.0310 1.2924 23.6238 -2.1156 0.1518
