Car -1 -1 -1.4640 921.3444 149.7298 1016.7462 229.8103 1.7481 1.7168 4.1337 8.9718 1.2437 17.9539 -1.0075 0.6697
Car -1 -1 -0.9377 1070.2043 172.0027 1242.0000 291.0428 1.4099 1.5538 3.7799 8.3800 1.4001 9.7517 -0.2430 0.6265
Car -1 -1 -2.3364 424.5939 166.7222 524.0900 207.0445 1.5541 1.6515 4.0788 -5.6541 1.3181 29.6618 -2.5235 0.4999
Car -1 -1 -1.6490 1053.4507 149.7835 1162.1809 230.8227 1.6328 1.6879 4.1788 11.3549 1.1684 16.7713 -1.0623 0.4610
Car -1 -1 -2.4996 472.0402 159.5974 569.7290 201.9590 1.7733 1.7242 4.0711 -4.0052 1.2187 31.9579 -2.6236 0.3852
Car -1 -1 -1.0743 643.2592 159.4739 707.3482 193.9922 1.6148 1.6328 3.6254 3.2415 0.9892 35.7132 -0.9848 0.3653
Car -1 -1 0.4966 1072.4379 189.6593 1242.0000 375.0000 1.4651 1.6219 3.9154 4.5655 1.5977 3.5899 1.3613 0.2973
Car -1 -1 0.4574 1153.5953 150.5174 1242.0000 375.0000 1.5304 1.6547 3.7363 7.0529 1.4037 6.1236 1.2894 0.1876
Car -1 -1 -0.9658 561.9846 159.7099 633.9778 197.2478 1.6804 1.6103 3.6856 -0.5557 1.0923 34.2765 -0.9823 0.1704
Car -1 -1 1.3305 0.0000 191.0903 126.0582 375.0000 1.3889 1.5692 3.8791 -5.6615 1.5759 5.6729 0.5696 0.1664
Car -1 -1 2.5298 284.7307 171.1370 430.0412 235.4521 1.6488 1.5748 3.6347 -7.0986 1.6051 20.4275 2.1989 0.1525
