Pedestrian -1 -1 3.6262 112.0581 174.8729 164.3345 247.9548 1.6532 0.5455 0.8535 -10.9246 1.7010 16.6456 3.0525 0.7101
Pedestrian -1 -1 -1.5780 378.8463 170.2241 401.3383 230.1577 1.7103 0.6168 0.7707 -6.4637 1.6356 21.0466 -1.8729 0.2534
Car -1 -1 0.1775 303.1843 175.7645 427.5132 218.0221 1.5881 1.7621 4.4013 -9.5933 1.7081 28.4676 -0.1451 0.8060
Car -1 -1 0.5355 0.0000 182.6324 107.3813 226.0558 1.5329 1.6065 3.6041 -21.2206 1.9124 26.9542 -0.1268 0.7257
Car -1 -1 -1.1261 518.7427 172.4919 570.9723 200.3161 1.6039 1.6165 3.9348 -3.9237 1.5834 43.7165 -1.2155 0.6940
Car -1 -1 -0.3850 715.9553 165.2830 829.1776 207.4311 1.7032 1.7428 4.3109 6.7640 1.3977 30.3756 -0.1684 0.6477
Car -1 -1 2.6646 823.6317 168.3563 922.8864 198.3812 1.4231 1.6508 4.2836 12.8038 1.2103 35.2957 3.0096 0.4244
Car -1 -1 2.5276 876.1019 162.2082 938.8152 186.4750 1.6140 1.6503 3.6766 20.2382 0.9063 49.2021 2.9155 0.1727
Car -1 -1 2.1253 478.0057 171.6641 525.1318 195.6444 1.7317 1.6896 3.9253 -8.1300 1.6461 54.2384 1.9769 0.1224
Car -1 -1 2.4179 943.4086 161.7812 1011.9888 186.1698 1.6532 1.7177 4.1688 25.5731 0.9030 50.2651 2.8860 0.1097
