Car -1 -1 -1.9422 811.9537 187.3194 1150.6816 375.0000 1.4360 1.5588 3.6260 3.1697 1.6156 7.1023 -1.5390 0.8929
Car -1 -1 -1.7267 691.4312 178.4141 764.9743 230.1806 1.4327 1.5973 4.1656 3.5341 1.6225 22.4990 -1.5737 0.8858
Car -1 -1 -1.8887 752.7281 176.3798 921.1162 285.9018 1.5657 1.5975 3.6358 3.6022 1.6351 12.2796 -1.6108 0.8317
Car -1 -1 -1.7573 718.9853 179.1331 825.2643 251.1624 1.4436 1.6281 4.1460 3.5969 1.6093 16.9099 -1.5521 0.8036
Car -1 -1 -1.7014 673.7131 177.3725 725.9610 217.8086 1.4452 1.5440 3.5066 3.3735 1.6316 27.9425 -1.5832 0.6829
Car -1 -1 -1.5214 600.7753 174.8126 628.1765 198.9262 1.5731 1.6806 4.2020 0.3168 1.7139 49.5622 -1.5155 0.6257
Car -1 -1 -1.6796 646.0319 174.6470 674.0447 196.3256 1.4749 1.5736 3.8216 3.4964 1.6077 51.3496 -1.6124 0.2831
Car -1 -1 1.8419 448.0544 180.3662 476.7173 197.2963 1.4983 1.6295 3.9770 -13.8323 2.2249 67.7061 1.6408 0.1791
Car -1 -1 -1.6745 662.8466 175.1842 708.8782 210.4930 1.5260 1.6759 4.2953 3.4268 1.6418 33.6147 -1.5743 0.1772
Car -1 -1 -2.4311 0.0000 0.0000 1242.0000 375.0000 1.4813 1.5967 3.6618 3.0266 1.6436 1.7206 -1.4493 0.1184
