Car -1 -1 1.7985 321.9244 181.8510 477.6578 288.5200 1.4575 1.6227 3.9443 -3.3903 1.6349 12.1961 1.5321 0.8581
Car -1 -1 -0.3567 696.0549 178.1560 838.3604 228.1691 1.5496 1.7221 4.2453 5.0812 1.7333 23.7687 -0.1494 0.7235
Car -1 -1 1.6703 460.3873 181.9878 519.4982 229.4168 1.4079 1.5707 3.8307 -3.9806 1.7386 24.1322 1.5080 0.7200
Car -1 -1 -0.5116 790.4647 187.0535 1022.0349 271.3677 1.4476 1.6032 3.8079 5.5300 1.7404 13.7987 -0.1387 0.7051
Car -1 -1 -0.4404 833.0446 195.1880 1130.9044 295.0686 1.3450 1.5599 3.6780 5.3846 1.7063 10.8634 0.0080 0.5942
Car -1 -1 2.5046 748.3545 183.6761 947.8552 256.7527 1.4639 1.6195 4.1441 5.3197 1.7305 16.3106 2.8137 0.5430
Car -1 -1 2.8541 710.8315 183.6674 854.7844 234.4371 1.3841 1.5643 3.7712 4.9037 1.7118 20.9456 3.0802 0.5291
Car -1 -1 -0.2338 669.2742 178.5098 763.8942 214.5065 1.4759 1.5770 3.7333 4.4743 1.7255 30.8372 -0.0917 0.4723
Car -1 -1 -0.9493 1036.9882 196.9148 1242.0000 375.0000 1.4842 1.5547 3.5022 5.6456 1.7261 6.0890 -0.2265 0.3601
Car -1 -1 -1.5272 602.1902 179.6631 627.2462 201.5766 1.4458 1.5995 3.9647 0.3376 1.9454 50.8779 -1.5211 0.3194
Car -1 -1 -0.6826 663.2684 177.9607 746.2816 212.1437 1.5054 1.5808 3.7044 4.4330 1.7574 33.9116 -0.5543 0.1509
