Car -1 -1 2.5676 744.7041 179.0185 1043.5610 285.9942 1.5311 1.6945 4.3274 4.5079 1.6431 11.7680 2.9241 0.8091
Car -1 -1 -0.5920 811.6769 185.7675 1181.4619 319.1322 1.4291 1.6062 3.8415 4.6181 1.6089 8.9792 -0.1312 0.8051
Car -1 -1 2.9114 710.1970 178.4326 860.1420 234.8881 1.4701 1.6130 3.7123 4.6662 1.6296 19.7578 3.1393 0.7921
Car -1 -1 2.5029 903.7333 179.2084 1242.0000 373.8663 1.4931 1.6053 3.7931 4.7866 1.5576 6.4297 3.1203 0.7338
Car -1 -1 -0.3521 694.8160 181.3123 833.6354 228.9834 1.3894 1.5581 3.9298 4.7104 1.6656 22.4659 -0.1488 0.5981
Car -1 -1 -0.3456 669.6834 176.6620 779.5319 218.5940 1.5207 1.6151 3.8174 4.2984 1.6725 27.5343 -0.1930 0.5796
Car -1 -1 1.7045 489.0995 184.4102 524.9681 211.7390 1.4109 1.5233 3.6861 -5.7916 2.0921 40.6589 1.5634 0.4334
Car -1 -1 1.6999 470.8169 185.2559 510.3388 216.8499 1.4167 1.4859 3.4342 -5.8599 2.0565 35.4598 1.5368 0.3478
Car -1 -1 0.5170 1051.0446 189.3457 1242.0000 375.0000 1.4647 1.6147 3.9468 3.7905 1.5736 2.6751 1.4220 0.3095
Car -1 -1 -2.7035 626.3004 175.9930 671.8993 193.3244 1.5057 1.6109 3.7649 3.4890 1.7952 64.8597 -2.6504 0.2758
Car -1 -1 1.6942 404.3101 183.4139 463.0587 223.8274 1.4035 1.7080 4.5355 -6.9438 1.8573 28.6317 1.4579 0.1909
