Car -1 -1 -1.8326 709.3618 189.1059 863.4786 289.0099 1.4370 1.6094 4.2316 2.9614 1.7838 13.2271 -1.6183 0.9224
Car -1 -1 -2.1262 800.4961 182.8278 1242.0000 375.0000 1.5766 1.6756 4.1434 3.4287 1.7052 7.1185 -1.6947 0.8848
Car -1 -1 1.9576 301.8403 181.9642 399.5287 232.3414 1.4845 1.6481 4.0349 -8.5585 1.8146 24.0575 1.6188 0.8486
Car -1 -1 -1.7175 689.1956 183.0266 770.7476 246.4291 1.4580 1.5659 3.6197 3.0068 1.7517 18.9880 -1.5638 0.7500
Car -1 -1 -1.7125 667.5021 184.3132 729.9332 233.9501 1.4404 1.5251 3.3913 2.7648 1.8404 23.4432 -1.5974 0.7343
Car -1 -1 1.9081 377.4860 183.6040 449.6522 222.9898 1.4363 1.5704 4.1180 -7.9944 1.9088 29.5753 1.6459 0.6963
Car -1 -1 2.3074 0.0000 190.7985 151.4435 333.9996 1.4762 1.6504 4.3219 -8.7789 1.7842 10.1749 1.6083 0.6775
Car -1 -1 1.8656 416.1969 183.8292 472.5058 215.9753 1.4036 1.5547 4.0162 -7.9902 1.9671 34.9648 1.6421 0.3518
Car -1 -1 -1.6086 657.7911 184.2611 702.7861 225.2189 1.4409 1.5985 3.8251 2.6657 1.9216 28.4224 -1.5168 0.2830
Car -1 -1 -1.7199 646.2617 181.2821 686.0211 210.7754 1.4852 1.6078 3.7697 2.9785 1.9683 39.3811 -1.6455 0.2362
Car -1 -1 1.8727 444.6232 182.5785 492.4565 211.7577 1.4922 1.5355 3.8664 -7.8637 2.0619 40.2378 1.6804 0.2188
