Car -1 -1 -2.0150 693.4532 196.8392 1135.3607 375.0000 1.4076 1.5296 3.7708 1.8581 1.6668 5.8045 -1.7216 0.8581
Car -1 -1 1.6992 356.0125 187.5720 428.7468 246.4401 1.4623 1.5405 3.6210 -6.2208 1.9257 20.7856 1.4113 0.7576
Car -1 -1 -0.4159 622.1270 188.2922 752.7007 237.4543 1.4701 1.6201 3.9720 2.4970 2.0099 23.8255 -0.3136 0.4664
Car -1 -1 -0.3928 686.9754 188.4109 875.5138 262.0966 1.4887 1.5846 3.7866 3.7224 1.8610 16.1443 -0.1713 0.4625
Car -1 -1 1.7234 403.4229 187.3253 449.4071 222.7894 1.4371 1.4938 3.4673 -8.2521 2.1253 32.4980 1.4761 0.4157
Car -1 -1 2.5462 677.3537 184.0352 932.7932 280.5630 1.5162 1.6755 4.3278 3.5059 1.7446 13.1975 2.7992 0.3859
Car -1 -1 1.4610 556.3292 183.2674 591.8201 212.7309 1.5511 1.6069 3.9499 -2.1471 2.1808 41.5291 1.4091 0.3714
Car -1 -1 -1.6234 578.5500 184.3413 617.0851 219.1293 1.4924 1.6160 3.7074 -0.6629 2.0664 34.1193 -1.6434 0.3466
Car -1 -1 -0.5927 778.5472 195.0773 1052.1895 308.7627 1.4311 1.5021 3.4761 4.3697 1.7924 10.6126 -0.2130 0.3419
Car -1 -1 2.8969 582.4434 185.0467 681.6446 221.5427 1.4526 1.6019 3.9507 0.8734 1.9927 30.7301 2.9243 0.2923
Car -1 -1 1.5089 506.3472 185.9464 528.6490 205.1392 1.4585 1.5843 4.0193 -7.7244 2.5834 59.8481 1.3807 0.2692
Car -1 -1 1.4795 542.3320 185.6702 572.2581 210.7404 1.4745 1.5606 4.0796 -3.4865 2.3436 46.7649 1.4050 0.2329
Car -1 -1 1.9399 604.6732 185.0160 686.3292 229.5061 1.4410 1.6008 4.2929 1.3730 1.9334 26.9032 1.9895 0.2225
Car -1 -1 2.8050 636.7875 189.0815 784.1496 243.8415 1.4371 1.5727 3.9043 2.8103 1.9313 20.7919 2.9365 0.2023
