Pedestrian -1 -1 2.0894 297.9838 164.4043 342.0151 239.8194 1.8447 0.6584 0.9179 -7.3310 1.6384 18.1469 1.7101 0.2320
Car -1 -1 -3.4162 694.4957 171.3391 1033.8318 282.5565 1.4917 1.7042 4.3914 3.4636 1.4717 10.5972 -3.1094 0.9205
Car -1 -1 0.7044 0.0000 173.7716 436.0949 375.0000 1.5372 1.6888 4.2973 -3.8056 1.5462 5.7015 0.1366 0.7751
Car -1 -1 -3.2485 698.7048 169.5557 896.2634 238.6695 1.5532 1.7176 4.4064 4.3122 1.4794 17.3536 -3.0096 0.7716
Car -1 -1 -1.0380 664.0251 171.2030 757.8478 216.3457 1.5267 1.6195 3.9707 3.7264 1.4713 26.4585 -0.9002 0.7535
Car -1 -1 -0.9450 588.4736 172.8769 682.5945 217.2399 1.5227 1.6106 3.7236 0.9661 1.5239 26.7285 -0.9099 0.6784
Car -1 -1 -3.6110 931.2848 165.4320 1158.4352 236.0991 1.5540 1.7277 4.2237 9.9496 1.3911 16.8444 -3.0856 0.5812
Car -1 -1 -2.6203 242.6847 179.0577 373.4464 224.7047 1.4978 1.6799 3.8675 -10.4744 1.7229 25.0484 -3.0130 0.3185
Car -1 -1 2.3803 1154.7969 166.6760 1242.0000 232.6198 1.3968 1.5912 4.1198 14.7734 1.2663 16.1362 3.1123 0.2697
Car -1 -1 -1.6287 1106.9690 159.4263 1169.7191 205.2164 1.4772 1.5339 3.4878 18.2978 1.0444 25.1584 -1.0057 0.2294
Car -1 -1 -1.1908 933.3978 161.9054 1023.6745 205.3430 1.4477 1.5813 3.8687 13.2381 1.0831 25.9173 -0.7234 0.1767
