Pedestrian -1 -1 0.9671 665.5739 149.2663 734.1830 272.4790 1.8679 0.6207 1.0088 1.4570 1.3961 11.3047 1.0936 0.9010
Pedestrian -1 -1 0.9627 755.4676 147.1897 858.5649 330.5918 1.8176 0.6363 0.9254 2.0828 1.4891 7.5454 1.2232 0.8876
Pedestrian -1 -1 0.9647 625.4133 150.9821 699.2214 284.2328 1.8592 0.6226 1.0052 0.7864 1.4490 10.4512 1.0394 0.8354
Pedestrian -1 -1 1.1928 574.6375 152.1749 642.4052 290.7017 1.8628 0.6260 1.0361 -0.0146 1.4836 10.0999 1.1932 0.8352
Pedestrian -1 -1 1.2260 828.9229 153.3820 887.2707 269.4609 1.8287 0.6344 0.8713 4.0813 1.4031 11.5732 1.5582 0.7606
Pedestrian -1 -1 -0.0873 327.8006 162.4639 360.0621 218.8270 1.7395 0.6121 0.9068 -8.2640 1.1844 22.2856 -0.4358 0.3353
Pedestrian -1 -1 -0.4917 619.9080 165.8044 652.7901 218.5328 1.7390 0.6410 0.9110 1.0238 1.2559 23.7995 -0.4475 0.2662
Pedestrian -1 -1 1.7416 491.9549 165.4526 510.2143 209.8868 1.8477 0.6568 0.6588 -4.3885 1.2235 29.7343 1.5983 0.1191
Pedestrian -1 -1 0.4074 632.8653 147.5637 696.4884 261.6490 1.8915 0.5826 0.9408 0.9868 1.3471 12.1953 0.4880 0.1171
Cyclist -1 -1 -2.0927 614.5823 164.8212 658.4521 219.3194 1.7665 0.5761 1.9660 1.0140 1.2598 23.9179 -2.0491 0.2946
Cyclist -1 -1 1.7170 490.7178 166.2641 510.2966 210.5933 1.8010 0.5471 1.8401 -4.3907 1.2241 29.6422 1.5733 0.1535
Car -1 -1 -2.2751 1025.8829 182.5838 1157.0065 228.3820 1.4187 1.5407 3.8308 16.3635 1.4970 24.0668 -1.6826 0.8254
Car -1 -1 -2.0914 959.9126 180.4523 1067.0717 227.3348 1.4833 1.5866 3.5551 13.7905 1.4834 24.1475 -1.5766 0.7043
Car -1 -1 0.9180 1101.7107 183.2378 1224.0000 228.8820 1.4307 1.5618 3.8407 19.1751 1.5338 24.3155 1.5809 0.6722
