Pedestrian -1 -1 -2.2106 435.3365 169.4596 461.3644 218.5172 1.7217 0.5611 0.7662 -5.8216 1.6029 25.7825 -2.4310 0.2102
Car -1 -1 -1.9158 729.2942 184.2369 967.8294 326.2331 1.4459 1.6088 4.2073 2.8648 1.6356 9.8453 -1.6418 0.8434
Car -1 -1 3.6671 0.0000 181.9864 278.4055 350.0092 1.4674 1.6407 3.9334 -5.8224 1.5755 7.4627 3.0216 0.7502
Car -1 -1 -2.2156 862.7882 196.5084 1242.0000 375.0000 1.4326 1.5605 3.8642 3.1669 1.6515 4.6746 -1.6502 0.7257
Car -1 -1 3.4514 232.8160 177.3994 415.3953 240.4794 1.4677 1.6183 3.8881 -7.0028 1.5863 17.8422 3.0819 0.6898
Car -1 -1 3.5745 0.0000 165.4160 321.9644 297.5923 1.6810 1.7000 3.9209 -6.4201 1.5867 10.2440 3.0260 0.6648
Car -1 -1 3.5031 105.9261 177.2815 358.3250 269.0520 1.5098 1.6164 3.6822 -6.6672 1.5958 12.9621 3.0360 0.5947
Car -1 -1 3.4334 308.0008 173.0855 445.4153 225.1939 1.6240 1.6674 3.9182 -7.5162 1.6321 23.3580 3.1249 0.4985
Car -1 -1 3.4248 268.1718 176.4864 425.4813 232.3684 1.5139 1.6524 3.9145 -7.4630 1.6228 20.6107 3.0810 0.3917
Car -1 -1 1.4222 509.5272 168.9732 546.2529 197.7730 1.7091 1.6813 4.0954 -5.1999 1.4792 45.0132 1.3075 0.3190
Car -1 -1 3.3021 335.3355 174.1627 465.9784 219.5413 1.5784 1.7009 4.3478 -7.5635 1.6284 26.2585 3.0239 0.2805
Car -1 -1 -1.6229 601.6465 172.5672 633.2561 198.8064 1.4916 1.6567 4.3504 0.3661 1.4757 43.2235 -1.6149 0.1856
Car -1 -1 -1.7069 609.2380 166.3900 656.0472 205.6166 1.8348 1.7382 4.3970 1.0250 1.5328 36.0271 -1.6792 0.1749
