Car -1 -1 -3.4017 723.5026 180.5634 921.6693 249.8465 1.4696 1.6406 4.0077 4.6473 1.6535 16.3329 -3.1301 0.7992
Car -1 -1 2.6349 770.4924 167.2259 1238.4178 331.1949 1.6453 1.7373 4.4201 4.1929 1.5892 8.2159 3.0913 0.7971
Car -1 -1 1.6992 465.9371 177.7934 538.5899 241.4399 1.6700 1.6184 3.8559 -3.1109 1.8286 21.1721 1.5544 0.7960
Car -1 -1 1.6653 520.0928 175.1710 565.6943 216.2332 1.6763 1.6283 3.9088 -2.9208 1.7845 31.6295 1.5734 0.5418
Car -1 -1 2.8149 692.7108 169.2782 869.9874 239.8284 1.7646 1.7538 4.2324 4.4167 1.6755 19.1362 3.0376 0.5020
Car -1 -1 1.7083 544.4748 177.7293 581.3602 206.2169 1.5048 1.5705 3.8282 -2.6469 1.7938 40.7504 1.6434 0.4073
Car -1 -1 -3.1797 673.8041 173.5146 772.8082 209.0043 1.5164 1.6320 4.2200 4.9195 1.5469 31.9140 -3.0287 0.3184
Car -1 -1 2.3797 0.0000 193.8704 260.6755 375.0000 1.5004 1.5874 3.6688 -3.0986 1.6351 2.7650 1.5846 0.2736
Car -1 -1 2.0027 555.7759 177.6943 600.9583 200.8544 1.5441 1.6189 4.1520 -2.2254 1.9032 51.2603 1.9591 0.2172
Car -1 -1 2.6736 658.2358 174.6264 747.2406 205.9179 1.5395 1.6584 4.2577 4.7354 1.6348 37.1612 2.7989 0.1351
