Pedestrian -1 -1 2.2452 616.0132 176.5553 633.7014 208.4765 1.6004 0.5512 0.7539 0.7207 1.7917 36.7471 2.2641 0.1347
Car -1 -1 -1.9621 788.0018 189.2252 1242.0000 375.0000 1.4267 1.5870 4.1484 2.4615 1.5915 5.1495 -1.5395 0.8244
Car -1 -1 2.0099 229.4729 190.7875 330.2009 238.6615 1.4553 1.6432 4.0829 -11.5842 2.1413 25.5259 1.5874 0.8225
Car -1 -1 -1.7672 722.7899 189.8008 897.2925 323.7236 1.4066 1.5168 3.5822 2.4593 1.6812 9.8559 -1.5310 0.7594
Car -1 -1 -2.8751 395.9575 184.5054 544.1358 232.9211 1.3966 1.6382 4.2054 -4.2976 1.7723 22.2618 -3.0642 0.6338
Car -1 -1 -1.6695 662.5716 167.7336 741.1074 239.7649 1.8409 1.7645 4.3008 2.4576 1.7104 20.6027 -1.5533 0.6257
Car -1 -1 -1.6617 651.7069 180.8118 706.4979 225.5303 1.4551 1.6004 3.9302 2.3854 1.7655 26.1415 -1.5724 0.5613
Car -1 -1 -1.9651 320.9618 187.1954 452.7871 261.9853 1.4658 1.5905 3.8119 -5.3526 1.8406 16.8658 -2.2686 0.5215
Car -1 -1 2.9617 0.0000 193.7268 236.5264 375.0000 1.5401 1.6525 4.0911 -4.2425 1.7010 3.3621 2.0997 0.2789
Car -1 -1 -1.9362 620.0082 179.3220 674.2022 210.9146 1.4956 1.5874 3.5638 1.8057 1.8441 36.8910 -1.8883 0.1749
Car -1 -1 0.7905 486.7904 180.1568 563.4504 209.3597 1.4219 1.6068 4.0675 -4.5376 1.8258 37.9710 0.6718 0.1653
