Car -1 -1 -1.7473 701.6360 184.5277 810.7109 261.1336 1.4593 1.6547 4.3164 3.1433 1.7628 16.5659 -1.5640 0.8513
Car -1 -1 -1.6946 683.8041 183.2303 759.0765 239.6862 1.4762 1.6852 4.3683 3.2173 1.8227 21.8722 -1.5513 0.7973
Car -1 -1 2.3081 0.0000 195.3719 128.5348 249.9566 1.3552 1.5238 3.7126 -16.4441 2.0835 21.4081 1.6589 0.7653
Car -1 -1 2.0012 193.9881 189.6121 278.3672 226.5181 1.4235 1.6197 4.4287 -16.5482 2.2219 32.1139 1.5284 0.6450
Car -1 -1 -1.6928 663.1453 182.5891 714.5948 222.2629 1.4574 1.6015 3.8957 3.1062 1.8813 29.4272 -1.5894 0.5643
Car -1 -1 1.9352 338.4000 185.0807 386.0670 208.6760 1.4105 1.5943 4.1146 -16.2329 2.2490 47.3753 1.6064 0.4575
Car -1 -1 2.0139 254.6324 188.3775 318.0938 219.2304 1.4344 1.5491 3.7005 -16.6845 2.2773 37.2915 1.5956 0.4327
Car -1 -1 1.9492 290.2262 185.0740 345.5296 213.1545 1.4956 1.5973 4.0918 -17.0652 2.2463 42.2579 1.5672 0.2234
Car -1 -1 1.4723 649.7771 180.8287 686.7568 210.4053 1.4689 1.5836 4.0678 3.0609 1.9228 38.9869 1.5494 0.2068
Car -1 -1 2.2081 97.3094 189.6234 218.4534 236.3545 1.4951 1.6316 4.1713 -16.6508 2.1676 26.7700 1.6559 0.1823
Car -1 -1 -1.7128 653.2565 182.2992 698.1661 215.8466 1.4687 1.6080 3.7964 3.0567 1.9477 34.6190 -1.6261 0.1216
