Pedestrian -1 -1 -1.5089 714.0395 154.4164 756.4948 266.2256 1.8252 0.6608 0.9883 2.1967 1.4011 12.0955 -1.3321 0.8426
Pedestrian -1 -1 0.4842 1091.2762 139.1805 1224.0000 364.2286 1.8961 0.6418 0.9554 5.1338 1.5497 6.5212 1.1293 0.8382
Pedestrian -1 -1 0.4519 1051.4653 136.3399 1215.2483 370.0000 1.8936 0.6477 0.9384 4.4349 1.5532 6.0393 1.0622 0.8060
Pedestrian -1 -1 -1.6728 766.7971 167.2938 797.2658 240.0984 1.6509 0.6012 0.8434 4.0804 1.3531 16.4871 -1.4330 0.7821
Pedestrian -1 -1 0.7960 567.8135 155.0141 625.9420 255.3816 1.8339 0.5754 0.9945 -0.2038 1.3699 13.4690 0.7831 0.7404
Pedestrian -1 -1 -1.9912 513.5234 158.1693 565.3774 266.3835 1.7952 0.5618 0.9378 -1.1925 1.4264 12.2709 -2.0838 0.7316
Pedestrian -1 -1 -2.3464 548.4151 153.9407 609.5474 259.6782 1.8433 0.5871 0.9897 -0.5231 1.3819 12.8739 -2.3842 0.6614
Car -1 -1 -2.0745 961.8831 180.2667 1066.7377 227.0812 1.4826 1.5872 3.4902 13.8191 1.4767 24.1414 -1.5587 0.7345
Car -1 -1 0.9146 1106.3772 182.8986 1224.0000 229.6456 1.4662 1.5538 3.6041 19.1562 1.5559 24.1657 1.5800 0.6060
Car -1 -1 -2.2075 527.5950 175.1797 634.0223 221.4153 1.4575 1.6135 3.9642 -0.9404 1.2913 24.3359 -2.2438 0.3549
Car -1 -1 0.7621 1050.4568 185.8179 1210.1437 236.1379 1.4288 1.6228 4.1076 16.6227 1.6174 22.6955 1.3891 0.2824
