Pedestrian -1 -1 1.3301 690.9169 172.8018 719.5819 235.4318 1.7157 0.6015 0.8749 2.6157 1.7146 20.2319 1.4560 0.8466
Car -1 -1 -2.0023 768.4624 193.2955 954.2147 298.0707 1.3549 1.4961 3.4675 3.8662 1.7424 11.8487 -1.6953 0.9251
Car -1 -1 -1.1929 182.3619 184.0502 445.5645 351.6044 1.4690 1.5336 3.5025 -3.1576 1.6261 8.3297 -1.5458 0.8856
Car -1 -1 -1.8003 735.6923 188.2371 844.3735 262.8373 1.4091 1.5209 3.6788 3.8608 1.7947 16.2257 -1.5718 0.8234
Car -1 -1 -1.4880 509.2821 180.2261 551.2050 214.6215 1.4330 1.5860 3.7735 -3.6084 1.7878 32.7821 -1.5973 0.8000
Car -1 -1 2.1849 14.0949 173.6562 162.7835 228.2402 1.4811 1.6274 3.9134 -15.4543 1.5077 21.5915 1.5694 0.7003
Car -1 -1 2.1598 211.6776 175.7821 294.2920 210.9587 1.4308 1.5374 3.5032 -15.5297 1.5664 31.4901 1.7048 0.4615
Car -1 -1 -1.4974 537.7585 177.0831 568.9850 203.7953 1.5476 1.6301 3.9956 -3.4771 1.8202 44.4362 -1.5755 0.4016
Car -1 -1 -0.7102 0.0000 191.7516 245.7221 375.0000 1.5021 1.5843 3.5603 -2.8765 1.6073 2.2198 -1.5664 0.3457
Car -1 -1 1.7360 664.8605 178.8908 708.7728 209.2337 1.5128 1.6990 4.2506 4.1879 1.8598 39.1512 1.8413 0.2837
Car -1 -1 -1.7670 718.1528 185.3198 805.1516 242.6354 1.3995 1.6178 4.0587 4.1454 1.7896 20.5276 -1.5714 0.1985
