Cyclist -1 -1 -1.8888 788.5678 163.1652 892.1103 334.9272 1.7707 0.5650 1.8151 2.5480 1.6712 8.3521 -1.6039 0.6016
Car -1 -1 -1.1957 180.8575 192.2621 461.9385 367.4152 1.3652 1.5068 3.6385 -2.8575 1.6271 7.8757 -1.5342 0.8819
Car -1 -1 -1.3327 396.6156 173.4875 527.3970 268.8884 1.6121 1.6239 3.8377 -2.7879 1.6266 14.1703 -1.5243 0.8800
Car -1 -1 -1.7821 701.7598 173.7301 776.7367 225.8093 1.6766 1.7122 4.2765 4.4099 1.7106 25.4722 -1.6133 0.8577
Car -1 -1 -0.5245 875.6369 181.3974 995.9718 220.0076 1.4517 1.6716 4.0668 12.8399 1.8037 28.6400 -0.1074 0.8402
Car -1 -1 2.0683 179.9638 172.1519 287.9844 215.3237 1.5485 1.7768 4.5217 -14.5513 1.5237 28.1588 1.5949 0.8286
Car -1 -1 -0.6175 981.8327 181.1684 1188.4446 245.8932 1.5869 1.7563 4.3211 12.3032 1.8166 18.9219 -0.0487 0.7736
Car -1 -1 -1.4369 480.7349 178.0260 555.2831 234.1543 1.4630 1.6247 4.2095 -2.6554 1.6313 21.3072 -1.5600 0.7702
Car -1 -1 -2.0175 856.0427 189.9167 1175.0085 353.9759 1.4046 1.5807 3.9599 4.3261 1.6547 8.5722 -1.5649 0.6703
Car -1 -1 2.0138 285.1450 174.2981 350.1733 205.2502 1.4882 1.6059 3.7711 -14.8659 1.5660 36.7999 1.6321 0.6538
Car -1 -1 2.2246 70.4225 175.4621 195.3591 226.7699 1.4629 1.5184 3.3339 -14.7640 1.5507 22.4652 1.6484 0.5386
Car -1 -1 -1.4422 506.5551 179.8341 561.1671 221.0856 1.4355 1.5974 3.9152 -2.8984 1.7235 27.7521 -1.5459 0.3104
Car -1 -1 1.8106 341.0600 174.9068 382.8535 201.0725 1.4801 1.5339 3.6215 -14.7552 1.6081 42.9790 1.4815 0.2798
