Pedestrian -1 -1 1.0792 539.3564 169.6900 569.0730 229.8350 1.7030 0.5687 0.7577 -1.5093 1.3985 20.4876 1.0085 0.7584
Pedestrian -1 -1 -1.6779 248.9099 163.6038 273.0912 222.8629 1.7817 0.6005 0.6951 -10.5982 1.2753 21.7073 -2.1245 0.2126
Pedestrian -1 -1 2.9065 504.5016 170.8701 520.2974 200.9065 1.7813 0.6079 0.8199 -5.5550 1.2116 42.3565 2.7787 0.1643
Pedestrian -1 -1 -0.7137 210.9156 162.9064 246.0804 222.2017 1.7790 0.6089 0.7314 -11.5631 1.2527 21.6599 -1.1962 0.1411
Cyclist -1 -1 -1.4248 571.4529 168.9565 589.7458 209.1347 1.7592 0.5489 1.9404 -1.1096 1.2552 31.9476 -1.4575 0.5790
Car -1 -1 0.8868 1118.8909 184.2240 1224.0000 217.5803 1.4149 1.6477 4.1871 26.0176 1.5989 32.5595 1.5577 0.7219
Car -1 -1 1.0597 985.9974 182.8672 1073.2017 217.1038 1.4655 1.6416 4.0783 19.4363 1.5830 32.6021 1.5945 0.5943
Car -1 -1 -2.1562 926.7684 182.3645 1010.2384 215.4866 1.4063 1.5575 3.7368 16.4236 1.4978 32.1795 -1.6867 0.5489
Car -1 -1 -1.9828 876.0950 180.9405 945.9838 215.6054 1.4926 1.5930 3.6316 13.8778 1.5153 32.3064 -1.5791 0.4448
Car -1 -1 -1.5584 606.8680 175.8694 631.6281 199.4073 1.4478 1.5237 3.3826 0.9308 1.1644 45.2026 -1.5363 0.4376
