Car -1 -1 1.9059 133.3222 175.9477 419.7351 364.9424 1.6184 1.6297 3.9424 -3.4712 1.6628 8.2530 1.5183 0.8113
Car -1 -1 1.7646 421.4494 170.2620 516.6425 245.1310 1.7342 1.6562 4.0621 -3.5777 1.6745 18.7474 1.5779 0.6728
Car -1 -1 2.7834 695.4707 166.7048 849.9115 232.3090 1.6586 1.6585 3.6856 4.2511 1.5035 19.3267 2.9960 0.6284
Car -1 -1 2.5595 831.3446 134.4282 1242.0000 369.7806 1.7861 1.6968 3.7441 4.0483 1.4948 6.3939 3.1025 0.5612
Car -1 -1 1.7337 491.6460 174.6484 548.7766 220.1848 1.6283 1.5891 3.8257 -3.4401 1.7029 27.8957 1.6115 0.4746
Car -1 -1 2.6834 660.9100 171.2610 785.2806 218.6240 1.5079 1.5908 3.8326 3.7501 1.4576 24.3075 2.8341 0.4269
Car -1 -1 -2.3252 1016.2738 188.8545 1242.0000 375.0000 1.4485 1.5533 3.6625 3.1214 1.5483 2.6035 -1.5042 0.4207
Car -1 -1 -0.2000 648.9292 171.4501 748.4177 207.5266 1.5493 1.6526 4.1263 3.8446 1.4894 31.9764 -0.0820 0.3923
Car -1 -1 -0.6245 818.3207 158.4878 1179.2362 306.1487 1.6242 1.6527 3.7547 4.6935 1.4665 9.0486 -0.1600 0.3572
Car -1 -1 -3.2169 639.7490 171.3307 729.4915 205.0136 1.5631 1.6491 4.1319 3.4601 1.4928 34.3553 -3.1179 0.3105
Car -1 -1 -0.4025 677.1667 174.2266 813.3223 225.6944 1.4674 1.5762 3.7264 4.0092 1.5115 21.8135 -0.2238 0.2929
Car -1 -1 2.0537 510.2911 178.4267 570.3718 208.5066 1.4414 1.5405 3.7259 -3.5826 1.7457 37.3360 1.9582 0.2183
Car -1 -1 -1.3460 459.1259 176.8482 528.2234 228.1143 1.5314 1.5349 3.2214 -3.7550 1.6709 23.4680 -1.5035 0.1968
