Car -1 -1 -1.7914 687.7795 182.8067 801.1693 266.8411 1.4966 1.5612 3.4043 2.6151 1.7279 15.0003 -1.6232 0.9141
Car -1 -1 -0.1126 72.3178 182.5547 392.6026 299.8458 1.4443 1.6557 4.0691 -5.6461 1.6167 10.9858 -0.5781 0.8364
Car -1 -1 2.8909 262.8291 183.7412 464.5411 254.4627 1.4000 1.6050 4.1353 -5.6654 1.6785 16.6319 2.5669 0.8007
Car -1 -1 -1.6760 645.4838 175.2322 705.5990 225.3124 1.6512 1.7031 4.2362 2.2421 1.7448 26.1264 -1.5921 0.7854
Car -1 -1 -1.6956 665.9441 180.9167 741.3329 241.0294 1.4691 1.5816 3.7721 2.4537 1.7144 20.0287 -1.5763 0.6919
Car -1 -1 2.7966 352.1524 175.7238 502.7119 235.1049 1.6638 1.7133 4.1726 -5.6344 1.7602 22.2683 2.5510 0.6707
Car -1 -1 -2.2083 875.2827 197.4865 1242.0000 375.0000 1.4555 1.5994 3.9145 2.5961 1.6297 3.1240 -1.5612 0.5290
Car -1 -1 2.6734 474.0844 179.6272 544.1454 206.4356 1.4490 1.5428 3.6967 -5.8221 1.8551 41.5369 2.5346 0.3400
Car -1 -1 -0.4658 448.6301 177.4022 538.1521 211.8880 1.5912 1.6595 4.0522 -5.7663 1.8279 35.6388 -0.6255 0.3032
Car -1 -1 -0.5293 507.6530 178.9732 566.8597 201.7672 1.5057 1.6078 3.8266 -5.0899 1.9485 50.3896 -0.6299 0.1493
