Pedestrian -1 -1 0.6978 301.8656 161.9610 367.6438 280.1722 1.8640 0.6011 0.8075 -4.5451 1.6926 11.7919 0.3367 0.6875
Pedestrian -1 -1 -0.8535 278.4483 167.2678 356.7685 291.2762 1.7400 0.6244 0.9138 -4.3547 1.6620 10.6558 -1.2335 0.6086
Pedestrian -1 -1 1.4331 258.5041 161.8026 311.7804 287.3781 1.8316 0.6460 0.7598 -5.0189 1.6707 11.0143 1.0140 0.5097
Pedestrian -1 -1 2.2194 659.9308 173.8519 682.9818 216.6564 1.7151 0.5629 0.8096 2.4660 1.7569 29.4205 2.3015 0.3191
Pedestrian -1 -1 -1.2931 677.2852 173.8178 695.2386 215.0453 1.6183 0.5351 0.7277 3.0026 1.6577 28.7775 -1.1908 0.2455
Pedestrian -1 -1 -3.0561 636.2570 171.0056 651.6302 207.0686 1.7819 0.6423 0.7157 1.6594 1.6909 36.0136 -3.0110 0.1441
Pedestrian -1 -1 -1.3041 1180.0845 128.1336 1242.0000 316.2310 1.7855 0.5521 0.9138 6.2436 1.3613 7.3362 -0.6190 0.1167
Cyclist -1 -1 -1.4311 633.6215 171.8087 649.6403 207.3898 1.7385 0.5633 1.7845 1.5576 1.6878 36.1799 -1.3890 0.1581
Car -1 -1 -1.3450 438.6690 175.5172 508.2001 224.3404 1.6358 1.6504 3.9429 -4.9468 1.7410 26.3952 -1.5290 0.8288
Car -1 -1 1.8518 312.7704 184.6563 432.5219 261.6008 1.4404 1.5309 3.6388 -5.1313 1.7311 15.9076 1.5440 0.8039
Car -1 -1 2.2128 0.0000 188.1177 254.9356 375.0000 1.5250 1.5950 3.7670 -5.6209 1.7291 7.7205 1.5994 0.7639
Car -1 -1 1.7852 478.1184 178.9732 531.9850 215.6890 1.4801 1.5831 3.6964 -4.5729 1.7647 31.6165 1.6422 0.5536
Car -1 -1 -0.0092 996.2440 133.2071 1242.0000 342.1483 1.6842 1.7042 4.2276 6.6594 1.3650 7.8033 0.6784 0.1875
