Pedestrian -1 -1 1.7128 331.8293 161.8938 358.2148 225.9294 1.8168 0.5945 0.9071 -7.5859 1.2905 20.5599 1.3661 0.6159
Pedestrian -1 -1 -0.1176 254.2352 166.2171 289.4243 226.5826 1.6570 0.5842 0.8351 -9.4013 1.2665 19.8711 -0.5515 0.3224
Pedestrian -1 -1 0.4163 209.2334 165.8870 251.9471 232.1333 1.6723 0.5688 0.8076 -9.6427 1.3050 18.1527 -0.0629 0.2279
Pedestrian -1 -1 -1.4562 680.1360 165.1463 697.0239 207.1726 1.7882 0.6310 0.8691 3.5983 1.1364 30.5748 -1.3385 0.1865
Cyclist -1 -1 -1.6245 262.9150 165.8488 287.4659 227.9676 1.6809 0.5448 1.7814 -9.3975 1.2861 20.0431 -2.0550 0.3526
Cyclist -1 -1 -1.2818 230.4612 160.8891 263.7372 213.5875 1.7296 0.5271 1.7506 -12.2140 1.0875 24.1089 -1.7435 0.3451
Cyclist -1 -1 -1.0740 206.3983 167.2011 263.3871 233.9031 1.6409 0.5396 1.7216 -9.5607 1.3153 18.2553 -1.5474 0.1855
Car -1 -1 -2.2536 1026.1007 182.4275 1157.1064 228.3212 1.4234 1.5493 3.8866 16.3861 1.4961 24.0980 -1.6610 0.8369
Car -1 -1 -2.0938 959.5999 181.0030 1065.9055 227.6102 1.4737 1.5722 3.5249 13.7737 1.4936 24.1580 -1.5798 0.7221
Car -1 -1 -1.5988 603.4568 174.6670 635.1745 203.3036 1.4311 1.5615 3.5698 0.6995 1.1410 37.1202 -1.5784 0.6232
Car -1 -1 0.9393 1098.0691 182.3438 1224.0000 227.8342 1.4333 1.6172 4.0669 19.2413 1.5040 24.4946 1.6004 0.6098
Car -1 -1 1.3973 233.1296 176.9486 315.6397 232.3152 1.4021 1.4632 3.9148 -9.4231 1.3137 19.9247 0.9635 0.1232
