Car -1 -1 -1.6908 694.8730 178.9011 786.1887 249.8219 1.4057 1.5538 4.0048 2.8397 1.5629 16.6807 -1.5259 0.8408
Car -1 -1 -1.9226 789.1396 183.2895 1169.7024 375.0000 1.5309 1.6343 3.9999 2.8825 1.6586 6.7796 -1.5375 0.8338
Car -1 -1 -1.8045 738.6376 184.6606 895.5876 293.0713 1.4131 1.5401 3.6650 3.0915 1.6344 11.6508 -1.5525 0.8081
Car -1 -1 -1.5353 596.2626 164.6619 651.5480 219.5834 1.6998 1.7154 4.2287 0.4995 1.4466 24.4865 -1.5158 0.7674
Car -1 -1 -1.6810 670.0547 170.4722 720.9709 210.0060 1.4665 1.5697 3.9095 3.2927 1.3785 28.7196 -1.5685 0.5897
Car -1 -1 2.1363 120.7137 165.8139 244.1329 214.7634 1.4515 1.6765 3.7225 -13.6895 1.2431 23.2850 1.6097 0.4203
Car -1 -1 2.2687 0.0000 164.5107 156.7209 229.0134 1.5401 1.6163 3.4240 -13.9430 1.3412 18.9896 1.6420 0.4052
Car -1 -1 -1.6427 685.7476 175.7162 749.4487 228.5555 1.4088 1.5652 3.7966 3.0578 1.5017 21.3921 -1.5034 0.3432
Car -1 -1 -1.5292 652.2812 165.1185 682.9927 194.1146 1.6349 1.6535 4.0625 3.4259 1.1991 42.7957 -1.4502 0.2678
Car -1 -1 2.3349 0.0000 205.1811 355.9772 375.0000 1.4509 1.5211 3.8591 -2.6194 1.6686 2.8702 1.6398 0.1479
