Car -1 -1 -1.7650 634.0826 178.2219 689.4515 215.4595 1.4378 1.5869 3.9246 2.0760 1.6803 30.4946 -1.6983 0.8708
Car -1 -1 -1.7786 688.7629 180.4075 769.4451 235.1415 1.3869 1.5272 3.6363 3.2627 1.6229 20.6497 -1.6249 0.8609
Car -1 -1 3.2272 0.0000 182.2119 338.0688 375.0000 1.4894 1.6626 4.2977 -5.0384 1.6016 6.8114 2.6086 0.7838
Car -1 -1 2.9440 256.1447 180.2884 472.4352 259.5793 1.4664 1.6371 4.1357 -5.2500 1.6434 15.4068 2.6203 0.6488
Car -1 -1 -1.7097 617.1046 176.2842 660.7709 209.3784 1.5160 1.6073 3.8927 1.3290 1.6946 35.4858 -1.6732 0.6248
Car -1 -1 2.9632 154.4247 185.2567 436.3637 287.6810 1.4170 1.6515 4.1739 -5.3097 1.6596 12.2576 2.5618 0.6104
Car -1 -1 2.7701 383.5791 175.2774 509.3718 222.5376 1.5832 1.6686 4.1327 -5.9429 1.6778 26.2041 2.5488 0.5823
Car -1 -1 -0.3330 353.9986 178.0009 503.4311 235.3219 1.4826 1.5990 3.8454 -5.2064 1.6428 20.6876 -0.5770 0.5228
Car -1 -1 -1.9228 739.2569 135.2546 1045.4817 345.5626 1.9243 1.8277 4.6025 2.9647 1.5806 8.9375 -1.6135 0.5181
Car -1 -1 2.6388 0.0000 212.7074 206.5491 375.0000 1.4077 1.5483 3.9836 -3.9392 1.6943 3.0739 1.7727 0.3155
Car -1 -1 -2.3013 0.0000 0.0000 1242.0000 375.0000 1.4834 1.6046 3.8247 2.6645 1.5662 1.5469 -1.3366 0.1891
