Pedestrian -1 -1 0.8496 365.6003 181.4256 412.1434 270.6939 1.6033 0.5462 0.6339 -4.1667 1.7679 13.4316 0.5536 0.1723
Car -1 -1 -1.7236 664.4903 179.5250 749.4673 244.6986 1.4511 1.5624 3.6028 2.3013 1.6372 18.2600 -1.6011 0.8986
Car -1 -1 -1.9305 740.0179 178.9367 1041.8284 355.2144 1.4920 1.6575 4.3627 2.8011 1.5826 8.4792 -1.6230 0.8713
Car -1 -1 2.9331 196.8275 190.2722 415.4054 284.3535 1.4376 1.5278 3.4571 -5.5702 1.7961 13.2249 2.5410 0.7826
Car -1 -1 -1.7048 640.5784 179.9090 707.5045 229.5116 1.4293 1.5965 4.1831 1.9479 1.6806 23.5257 -1.6240 0.7819
Car -1 -1 2.7491 438.2882 182.2262 519.8755 212.0692 1.3800 1.5436 3.7028 -6.5595 1.8701 36.0504 2.5699 0.7284
Car -1 -1 2.8407 334.6576 184.7566 487.9085 236.4406 1.3794 1.5951 4.1991 -6.0261 1.7706 21.8847 2.5746 0.6416
Car -1 -1 2.8512 245.8828 185.4432 457.4510 263.7890 1.4910 1.6476 4.1896 -5.7812 1.8078 16.2360 2.5136 0.5918
Car -1 -1 -1.6231 611.9983 175.5490 642.7589 202.9203 1.5168 1.5974 3.7050 0.9441 1.6819 42.2268 -1.6014 0.5774
Car -1 -1 2.7416 462.2764 178.5216 531.8273 203.2198 1.4619 1.6259 3.9916 -7.0982 1.8313 45.2473 2.5864 0.2700
