Pedestrian -1 -1 2.5601 95.2404 200.0407 184.4727 343.4904 1.5011 0.5541 0.6433 -5.3293 1.8225 8.1090 1.9932 0.1516
Car -1 -1 -0.3056 722.5344 176.4140 901.2885 244.3965 1.4835 1.5906 3.6738 4.5399 1.5707 16.7127 -0.0456 0.8267
Car -1 -1 2.4779 908.6104 184.0213 1242.0000 375.0000 1.4387 1.5974 3.7464 4.4868 1.5394 5.6489 3.1233 0.7832
Car -1 -1 2.4916 788.8898 170.6282 1208.9882 328.1728 1.6130 1.7095 4.3055 4.4678 1.5906 8.6246 2.9548 0.7618
Car -1 -1 -0.4206 705.8301 177.7843 868.3979 234.1673 1.4115 1.5946 3.9425 4.6719 1.5525 19.4153 -0.1887 0.6844
Car -1 -1 -0.2296 676.3171 173.0615 812.0670 222.5391 1.5972 1.6992 4.2050 4.3975 1.6048 24.2570 -0.0531 0.5745
Car -1 -1 1.6722 456.6491 185.0202 498.7804 221.0553 1.4638 1.5053 3.5539 -5.9225 2.0409 32.3736 1.4922 0.5670
Car -1 -1 -2.6947 625.2848 174.5850 674.6224 192.4431 1.4787 1.6125 3.8985 3.3869 1.6310 61.7050 -2.6405 0.4452
Car -1 -1 0.6549 1094.3547 187.4991 1242.0000 375.0000 1.4927 1.5694 3.7893 3.5285 1.5787 2.3114 1.5883 0.1943
Car -1 -1 1.6948 479.7321 183.9629 518.6597 214.8826 1.4708 1.5490 3.7794 -5.7602 2.0795 37.6019 1.5433 0.1534
Car -1 -1 1.8263 496.3922 182.7624 539.7165 208.7522 1.4137 1.5567 4.1920 -5.4650 2.0357 43.0861 1.7005 0.1448
Car -1 -1 1.3690 364.3791 186.7883 442.4763 234.4264 1.4194 1.7466 4.5566 -7.3863 1.9560 25.3374 1.0876 0.1327
