Car -1 -1 -1.7378 681.7871 177.8872 776.4821 245.7776 1.4230 1.5704 3.9325 2.6950 1.5585 17.3936 -1.5875 0.8540
Car -1 -1 -1.9955 789.7645 193.6970 1242.0000 375.0000 1.3961 1.5424 3.9553 2.5125 1.6048 5.2310 -1.5708 0.8533
Car -1 -1 -1.7933 728.7998 185.3872 916.6436 316.9250 1.3998 1.5494 3.9188 2.6473 1.6089 10.0328 -1.5438 0.8512
Car -1 -1 -1.5231 574.0328 169.5815 634.5224 228.1951 1.6545 1.6854 4.2228 -0.1376 1.5624 22.5079 -1.5299 0.8402
Car -1 -1 2.2161 0.0000 184.8730 138.7319 250.7772 1.4480 1.6232 4.0366 -14.3277 1.7921 18.6097 1.5668 0.8057
Car -1 -1 -1.6126 646.2858 171.7261 687.8426 209.8386 1.5498 1.6190 3.8128 2.3769 1.5043 31.2705 -1.5380 0.7063
Car -1 -1 1.8902 353.0440 175.2169 401.0732 202.2505 1.5531 1.6306 3.8800 -14.0901 1.7031 43.7379 1.5800 0.6220
Car -1 -1 1.9769 307.6426 178.3042 366.0691 208.5289 1.4841 1.5402 3.6856 -14.3424 1.7856 37.9803 1.6178 0.5299
Car -1 -1 -1.7188 672.4355 174.3825 742.2166 228.7387 1.5078 1.5691 3.5042 2.8215 1.5583 21.8813 -1.5930 0.5234
Car -1 -1 2.0500 185.5216 180.9884 280.6684 223.1948 1.4606 1.5931 3.9225 -14.3790 1.7953 27.6890 1.5747 0.4946
Car -1 -1 -1.7091 683.2390 163.1945 714.0939 187.4995 1.7424 1.7217 4.1151 6.5406 1.0503 53.7970 -1.5890 0.2910
Car -1 -1 2.0690 400.4576 173.4854 445.5864 194.5500 1.4977 1.5914 3.8477 -13.8345 1.5466 53.4809 1.8168 0.2542
