Pedestrian -1 -1 2.5845 637.7903 176.2699 668.7368 232.5956 1.6023 0.5268 0.7298 1.2098 1.7040 20.9791 2.6404 0.2235
Car -1 -1 -1.8360 711.6199 182.0982 888.4920 302.7143 1.4623 1.5844 3.6389 2.5934 1.6257 10.8768 -1.6092 0.8079
Car -1 -1 -2.5454 0.0000 197.4855 429.4349 375.0000 1.4028 1.5954 3.8786 -3.9492 1.6732 6.9308 -3.0477 0.7821
Car -1 -1 1.8707 352.6978 183.5854 410.9152 219.1857 1.5979 1.6218 4.0020 -11.2153 2.1575 35.5948 1.5671 0.6323
Car -1 -1 -1.9941 779.6503 115.6912 1242.0000 375.0000 1.7889 1.7856 4.4351 2.6160 1.5378 5.3940 -1.5649 0.5090
Car -1 -1 -1.7555 649.9261 180.2532 724.2265 236.1089 1.4868 1.5669 3.4224 2.1602 1.7253 21.4461 -1.6574 0.4337
Car -1 -1 2.2176 0.0000 197.3294 174.9363 315.8191 1.4022 1.5071 3.5162 -8.5132 1.8361 11.0208 1.5713 0.4250
Car -1 -1 1.0319 424.2033 181.9269 540.4774 234.6503 1.4681 1.6854 4.2671 -4.1993 1.7848 22.9940 0.8526 0.4168
Car -1 -1 1.0909 207.7947 187.1783 437.7013 301.1916 1.4071 1.6010 4.1711 -4.6944 1.6719 11.3579 0.7065 0.3219
Car -1 -1 0.7850 486.1531 182.7193 564.3393 214.4158 1.4164 1.5559 3.7862 -4.1957 1.9215 35.1319 0.6665 0.2963
Car -1 -1 -2.4122 500.9463 178.5208 574.8771 205.4171 1.4346 1.6160 4.1804 -4.1765 1.7730 41.1581 -2.5131 0.1862
