Car -1 -1 1.8088 420.7549 187.9639 539.6606 273.8340 1.4689 1.5764 3.6271 -2.5794 1.8195 14.8584 1.6389 0.8940
Car -1 -1 -1.6849 721.9606 188.7235 841.7327 291.1483 1.4089 1.5304 3.3377 2.7089 1.7158 12.1962 -1.4727 0.8777
Car -1 -1 -1.5508 588.4319 185.3253 667.7927 260.8929 1.4551 1.5971 3.5511 0.3866 1.7684 16.2950 -1.5286 0.8117
Car -1 -1 0.1911 200.7599 192.3455 309.6448 231.9027 1.4476 1.5751 3.6730 -14.1387 2.2608 28.8542 -0.2613 0.8008
Car -1 -1 1.7181 558.0125 180.7898 603.8503 216.6498 1.5403 1.6202 3.6946 -1.3440 1.9332 33.7637 1.6780 0.7584
Car -1 -1 -2.0254 822.3625 204.7788 1242.0000 375.0000 1.4234 1.6302 4.3046 2.4818 1.7018 4.0853 -1.5125 0.6990
Car -1 -1 -1.4275 622.0319 177.9394 688.3137 232.4179 1.6579 1.6814 4.1287 1.5777 1.8468 24.5569 -1.3649 0.6989
Car -1 -1 -1.6459 701.7457 184.4668 792.0463 261.4828 1.4723 1.6702 4.2107 2.9687 1.7753 16.6243 -1.4733 0.6288
Car -1 -1 3.3650 0.0000 195.7086 86.3150 227.3599 1.5059 1.5686 3.7767 -30.1163 2.7593 38.0373 2.6985 0.3386
Car -1 -1 1.4546 770.9788 174.6182 805.3969 200.8635 1.5055 1.5904 3.6429 10.6766 1.6170 43.5486 1.6930 0.2474
Car -1 -1 -1.0733 134.3768 193.2647 215.0129 230.6335 1.4733 1.5712 3.5487 -19.3803 2.4363 32.2215 -1.6114 0.1361
