Pedestrian -1 -1 -2.2617 260.2902 167.3859 340.0109 312.4593 1.7148 0.5887 0.7164 -3.8946 1.6505 8.9522 -2.6620 0.4857
Car -1 -1 -1.7803 721.0714 180.8098 861.7707 281.0487 1.4902 1.5922 3.9408 3.0291 1.6560 13.0189 -1.5578 0.9088
Car -1 -1 -1.6802 672.3966 178.7846 740.4481 230.4623 1.4230 1.6025 4.3709 2.8664 1.6269 22.5668 -1.5563 0.8390
Car -1 -1 -2.6779 434.9942 177.2037 537.3065 215.7206 1.4823 1.6152 3.7844 -5.0701 1.6677 29.3839 -2.8478 0.7516
Car -1 -1 3.2576 0.0000 158.1657 287.8213 375.0000 1.6895 1.7258 4.1887 -5.2396 1.6008 6.2203 2.5783 0.7418
Car -1 -1 2.8727 399.5500 179.6263 526.2094 226.4366 1.4221 1.5962 3.8347 -4.9162 1.6621 23.9536 2.6719 0.5129
Car -1 -1 -1.6954 656.6509 178.3737 713.8210 219.5730 1.4453 1.6564 4.3735 2.8029 1.6776 28.1091 -1.5977 0.3797
Car -1 -1 3.8181 0.0000 206.6347 165.7454 375.0000 1.4555 1.6090 3.8370 -4.8067 1.6860 3.7474 2.9441 0.2711
Car -1 -1 3.0551 0.0000 178.4701 352.9399 341.4353 1.4940 1.5995 4.0210 -5.3986 1.5754 8.5749 2.5067 0.2110
Car -1 -1 -1.7981 638.3342 176.5421 683.3145 206.0327 1.4811 1.5790 3.8052 2.6382 1.6897 38.7407 -1.7311 0.2088
Car -1 -1 1.4037 620.9391 175.3881 652.0182 196.6473 1.4687 1.5994 4.0376 1.8564 1.6607 52.4553 1.4385 0.1143
