Pedestrian -1 -1 1.2256 429.2592 157.1101 471.7177 243.2401 1.8759 0.6318 1.0217 -3.5442 1.3681 15.9951 1.0136 0.8303
Pedestrian -1 -1 1.2461 390.5224 157.4189 433.6158 247.2709 1.8622 0.5982 1.0424 -4.2109 1.3854 15.2481 0.9838 0.7885
Pedestrian -1 -1 0.8549 1103.1377 141.0949 1224.0000 342.9485 1.8388 0.6423 0.9032 5.4723 1.4815 6.9078 1.5044 0.7804
Pedestrian -1 -1 -1.7907 353.4438 157.7689 394.7138 250.2609 1.8578 0.6089 1.0611 -4.8880 1.4028 14.8082 -2.1014 0.7376
Pedestrian -1 -1 2.4500 801.6740 131.6579 959.3990 370.0000 1.8779 0.6609 0.9480 2.0844 1.5303 5.5231 2.7942 0.5838
Pedestrian -1 -1 2.7192 111.2309 148.7744 214.0068 342.7584 1.7717 0.6904 0.6310 -4.3725 1.4836 6.9085 2.1773 0.1619
Pedestrian -1 -1 2.6736 644.8917 166.5539 664.9670 203.8119 1.8496 0.6009 0.8238 2.4935 1.1587 35.5320 2.7448 0.1507
Pedestrian -1 -1 3.0244 631.7887 168.3945 649.2702 205.6580 1.8041 0.5962 0.7886 1.7174 1.2194 34.5492 3.0753 0.1488
Cyclist -1 -1 2.0238 60.8611 145.7841 229.5055 362.5134 1.7893 0.5628 1.8573 -4.3530 1.5044 6.7835 1.4761 0.6244
Car -1 -1 -2.0944 959.6253 180.6269 1066.4147 227.1635 1.4730 1.5776 3.5411 13.7836 1.4791 24.1614 -1.5801 0.7283
Car -1 -1 -2.2483 1026.7329 182.9858 1152.7858 228.7214 1.4201 1.5443 3.6898 16.3124 1.5129 24.0604 -1.6572 0.6572
Car -1 -1 -1.5784 601.9810 175.9090 632.4355 203.6404 1.3860 1.5223 3.5943 0.6146 1.1580 37.1391 -1.5602 0.6182
Car -1 -1 1.1033 1119.7616 181.9770 1224.0000 229.4240 1.4814 1.5468 3.6754 19.3681 1.5375 24.1483 1.7743 0.3801
