Car -1 -1 2.0065 235.4313 197.7113 410.2352 294.4702 1.4176 1.5433 3.7900 -5.2095 1.9507 13.5149 1.6445 0.8812
Car -1 -1 -0.6613 825.6313 182.9933 1085.4893 279.7501 1.4064 1.5911 3.6997 5.6032 1.5914 11.9372 -0.2327 0.8555
Car -1 -1 2.1712 0.0000 205.5984 286.9549 375.0000 1.4361 1.6773 4.3354 -5.4270 1.8941 7.9029 1.5846 0.8549
Car -1 -1 1.8221 401.2079 190.2572 481.2457 240.6116 1.3895 1.5710 3.9390 -5.3815 1.9991 23.2711 1.5967 0.8415
Car -1 -1 -0.3764 765.5229 177.7879 987.3374 260.3429 1.5357 1.6541 3.8192 5.1633 1.6410 14.4306 -0.0401 0.8174
Car -1 -1 -0.1110 670.7284 175.7277 764.4279 211.7293 1.6208 1.7247 4.1381 4.9042 1.7586 33.5588 0.0323 0.7726
Car -1 -1 2.8053 719.8594 182.5827 893.6399 242.7306 1.4700 1.6341 4.0857 5.0354 1.7388 18.9273 3.0607 0.5669
Car -1 -1 1.8159 442.5517 186.9914 503.4126 226.3299 1.3947 1.5200 3.7695 -5.4516 1.9990 28.8908 1.6305 0.5539
Car -1 -1 2.8065 687.5009 183.0978 828.8589 235.0065 1.4560 1.6094 3.8518 4.3634 1.7799 21.7226 3.0013 0.5095
Car -1 -1 0.8457 1147.6525 187.6466 1242.0000 375.0000 1.5021 1.5917 3.7130 3.8755 1.5985 2.7114 1.7555 0.2566
Car -1 -1 -0.2614 655.5497 178.2201 734.8561 205.9504 1.4942 1.6491 4.1246 4.7104 1.8035 40.4245 -0.1468 0.2243
Car -1 -1 1.7662 486.2568 184.2396 531.7923 213.3810 1.4109 1.6122 4.3633 -5.4120 2.0601 38.8924 1.6284 0.2209
