Pedestrian -1 -1 1.9274 1197.1740 134.4742 1242.0000 288.6840 1.8224 0.5683 0.7982 7.7742 1.3692 8.9683 2.6251 0.1664
Car -1 -1 -1.7728 686.0403 177.0433 821.7833 267.4283 1.4754 1.6798 4.4258 2.5791 1.5713 14.2173 -1.5979 0.9254
Car -1 -1 3.5664 0.0000 171.9142 334.0960 312.5555 1.8386 1.7989 4.4719 -6.6617 1.8267 10.6017 3.0163 0.8230
Car -1 -1 -1.6889 668.9478 176.7384 749.0065 239.1911 1.4936 1.6314 4.1509 2.5248 1.6107 19.5936 -1.5634 0.7466
Car -1 -1 -2.7428 258.4033 185.6663 432.9876 244.3120 1.4158 1.5953 3.9432 -6.8202 1.7645 18.7123 -3.0883 0.7045
Car -1 -1 0.5631 195.2435 186.6002 400.2256 257.8771 1.4431 1.6022 3.9731 -6.9704 1.7722 16.1429 0.1609 0.5872
Car -1 -1 -1.4932 585.4745 174.2467 627.8218 213.5325 1.6963 1.6779 3.5153 -0.1437 1.7640 33.0944 -1.4981 0.4763
Car -1 -1 -2.5864 118.0611 192.0279 373.7588 278.9675 1.4259 1.6120 3.9508 -6.6404 1.8054 13.2677 -3.0430 0.4278
Car -1 -1 -1.6433 653.7804 175.8035 700.4136 215.1268 1.4960 1.6133 3.8731 2.6564 1.6257 29.6886 -1.5556 0.3896
Car -1 -1 3.2558 427.6533 181.9429 510.4377 211.3203 1.3908 1.5718 3.8621 -6.9526 1.8522 35.6663 3.0642 0.3520
Car -1 -1 1.9830 51.3637 185.3004 115.0289 211.9424 1.5186 1.6711 4.2452 -33.1403 2.3423 45.4801 1.3559 0.1351
Car -1 -1 -1.6775 661.4492 164.7150 722.2059 221.3941 1.8533 1.7018 3.9310 2.7716 1.5875 25.5559 -1.5714 0.1341
Car -1 -1 3.9075 0.0000 223.1973 58.0525 375.0000 1.4290 1.5839 3.8769 -7.0266 1.8964 5.7108 3.0423 0.1323
