Pedestrian -1 -1 1.9516 672.5044 172.9981 691.1279 213.5026 1.7171 0.5806 0.6981 3.0503 1.7237 31.0311 2.0480 0.2690
Pedestrian -1 -1 2.0430 689.3674 171.6148 710.7083 213.3917 1.7403 0.6090 0.7821 3.7735 1.6890 30.5485 2.1641 0.1970
Pedestrian -1 -1 1.3279 333.4018 176.0643 368.9666 252.6875 1.7140 0.6025 0.7888 -6.0356 1.7907 16.6739 0.9851 0.1103
Cyclist -1 -1 0.0534 303.8466 177.2569 387.6862 253.4402 1.7081 0.5631 1.8012 -6.1598 1.8140 16.7664 -0.2941 0.1427
Car -1 -1 -0.4536 792.1005 174.3805 1047.9786 271.1852 1.5416 1.6400 3.7229 5.1819 1.5703 12.4631 -0.0688 0.8649
Car -1 -1 1.7755 478.3977 182.2255 546.9724 228.2269 1.4297 1.6065 3.9413 -3.3626 1.7847 25.2715 1.6439 0.7897
Car -1 -1 2.8887 707.7350 170.5594 863.9088 232.0192 1.6905 1.7275 4.0548 4.9231 1.6278 20.7563 3.1176 0.6309
Car -1 -1 2.6600 735.2523 173.9574 946.9459 257.9928 1.6208 1.6700 3.9011 4.7267 1.6461 15.1245 2.9565 0.6206
Car -1 -1 -0.7117 1061.5149 186.5435 1242.0000 375.0000 1.4334 1.5569 3.8337 5.5068 1.5468 4.9998 0.0924 0.2966
Car -1 -1 1.1938 1117.5692 179.2057 1242.0000 375.0000 1.4996 1.5743 3.5410 2.6273 1.5348 2.0203 2.0406 0.1461
