Pedestrian -1 -1 -1.5855 769.4127 162.1346 784.3716 204.3432 1.8187 0.6242 0.5555 7.2248 1.3572 31.4236 -1.3620 0.1535
Car -1 -1 -2.7823 345.6327 188.5960 472.7319 232.2551 1.4478 1.6464 4.0320 -7.1271 2.0296 25.6482 -3.0512 0.9183
Car -1 -1 -1.9928 817.7465 178.5009 1210.8500 375.0000 1.5024 1.5748 3.5394 3.1088 1.5676 6.5073 -1.5658 0.8640
Car -1 -1 -1.5119 608.8125 176.0612 645.7262 209.3167 1.5746 1.6432 4.0465 0.8896 1.7471 36.6466 -1.4884 0.8083
Car -1 -1 -1.7594 726.2863 180.5064 865.1048 288.5634 1.4849 1.5278 3.4210 2.8429 1.6299 11.8982 -1.5315 0.7756
Car -1 -1 -2.8971 420.5010 181.0446 520.2955 217.3086 1.5847 1.7353 4.1791 -6.3636 1.9703 32.9516 -3.0869 0.7684
Car -1 -1 -1.6458 680.4492 168.7382 734.2036 219.6403 1.7263 1.6525 3.6194 3.4376 1.5870 26.3177 -1.5180 0.6353
Car -1 -1 -1.6073 670.6544 177.3361 706.2186 209.0278 1.4328 1.5663 3.8243 3.7329 1.6636 35.1336 -1.5029 0.4086
Car -1 -1 -2.7873 477.1159 181.3641 542.0272 207.3696 1.4858 1.5809 3.5128 -6.0182 2.0084 43.1225 -2.9256 0.2342
Car -1 -1 -1.3628 525.7021 179.6964 561.0922 203.6409 1.4384 1.5631 3.5387 -4.2599 1.8949 46.2470 -1.4546 0.1380
Car -1 -1 0.0021 449.3457 181.6899 527.4934 211.2899 1.4829 1.6462 3.9683 -6.4146 1.9621 37.9614 -0.1646 0.1205
