Pedestrian -1 -1 0.0216 215.7741 159.7307 260.3926 241.9489 1.7725 0.6056 0.8626 -8.1745 1.3264 15.6980 -0.4483 0.5921
Pedestrian -1 -1 1.2616 393.0148 163.8920 418.7889 218.2576 1.8961 0.6316 0.9386 -7.1349 1.3184 25.2205 0.9910 0.5853
Pedestrian -1 -1 -2.2567 531.2218 166.6202 560.5725 220.0395 1.7956 0.5998 0.8533 -2.0607 1.3306 24.2762 -2.3385 0.2984
Pedestrian -1 -1 -1.6103 380.8058 167.0384 397.5942 211.6205 1.7380 0.6065 0.8612 -8.5947 1.2147 28.0641 -1.9025 0.2925
Pedestrian -1 -1 -0.3190 562.2619 166.4030 591.5435 216.8979 1.7332 0.6522 0.8621 -1.0141 1.2509 24.7209 -0.3578 0.2582
Pedestrian -1 -1 1.9260 352.9357 162.3593 375.2484 205.4043 1.8845 0.6601 0.9143 -10.7186 1.0918 31.4164 1.6021 0.1583
Cyclist -1 -1 -1.2571 506.1935 160.4912 568.6652 264.6116 1.7917 0.5750 1.9747 -1.2644 1.4490 13.1880 -1.3486 0.7742
Cyclist -1 -1 -1.7540 564.1992 166.2070 590.1976 219.2891 1.7908 0.5681 1.9402 -1.0220 1.3102 24.8573 -1.7928 0.3897
Car -1 -1 -1.9733 878.7056 181.5437 946.5834 215.2879 1.4485 1.5621 3.5308 13.9187 1.5001 32.2218 -1.5676 0.7086
Car -1 -1 -2.2341 1119.4062 184.8991 1224.0000 218.4325 1.4189 1.6398 4.1904 26.0137 1.6361 32.5651 -1.5634 0.6025
Car -1 -1 -2.1278 928.6805 182.4331 1009.1710 215.8847 1.4214 1.5273 3.6737 16.4327 1.5159 32.1525 -1.6578 0.5933
Car -1 -1 1.0414 984.0444 182.3807 1074.1440 216.7472 1.4730 1.6583 4.1834 19.4193 1.5668 32.6235 1.5755 0.5341
Car -1 -1 -1.6274 606.3254 176.3866 633.1005 199.6740 1.4351 1.5193 3.5052 0.9095 1.1830 45.3452 -1.6058 0.3700
