Car -1 -1 0.3538 464.9898 180.5913 660.2866 256.1238 1.4176 1.5853 3.7624 -1.0110 1.5937 15.0967 0.2871 0.8706
Car -1 -1 -1.6974 879.6655 185.6500 963.6493 246.8779 1.4196 1.5725 3.9053 8.3371 1.8063 19.6914 -1.3031 0.7970
Car -1 -1 -1.7776 900.5321 186.2080 1048.3627 281.4899 1.4733 1.6462 4.1478 6.7862 1.7734 13.9823 -1.3349 0.7845
Car -1 -1 -1.6481 943.7560 178.7336 1144.1733 355.2412 1.6246 1.6560 3.8729 4.9983 1.7145 8.8844 -1.1508 0.7189
Car -1 -1 0.3458 521.6132 173.9593 691.5342 244.7185 1.5797 1.6055 3.8132 -0.1178 1.6090 17.5385 0.3382 0.6282
Car -1 -1 0.1252 659.5930 181.5062 752.3575 213.1914 1.4341 1.6277 4.2557 4.5936 1.8664 34.7015 0.2551 0.6128
Car -1 -1 0.1139 691.2595 178.6723 774.8925 207.7696 1.5337 1.7098 4.4117 6.8059 1.8684 40.0329 0.2805 0.4543
Car -1 -1 0.3645 558.9745 181.5913 720.2772 237.4670 1.4016 1.6220 4.2001 0.7718 1.6650 20.1539 0.4014 0.4518
Car -1 -1 -1.7493 856.5981 183.5435 912.9894 220.0542 1.4196 1.5805 3.9949 11.8331 1.9162 31.3909 -1.3925 0.3925
Car -1 -1 -1.6889 873.1848 184.7947 939.2608 232.8111 1.4314 1.5995 3.9229 9.9814 1.8746 24.6534 -1.3090 0.2432
Car -1 -1 0.2806 582.7052 184.2621 714.3517 232.8475 1.3910 1.5369 3.8522 1.1724 1.7708 22.6424 0.3309 0.2115
Car -1 -1 1.1215 1031.7369 2.1115 1242.0000 375.0000 1.8880 1.7808 4.2211 3.7295 1.5334 3.7744 1.8621 0.1778
