Pedestrian -1 -1 -2.0970 745.2073 160.1752 786.3209 235.7845 1.7227 0.5815 0.8680 3.7285 1.2612 16.6060 -1.8784 0.6283
Pedestrian -1 -1 1.2973 622.0536 164.6997 646.7707 219.4567 1.8517 0.6192 0.9489 0.9813 1.3189 24.4383 1.3386 0.6003
Pedestrian -1 -1 1.0394 639.4374 166.4423 664.4428 218.1375 1.7886 0.5943 0.7232 1.6230 1.3038 24.9151 1.1053 0.5613
Pedestrian -1 -1 2.1871 472.6555 165.4882 505.6696 224.3405 1.7653 0.5922 0.8964 -3.5877 1.3165 21.7357 2.0276 0.5004
Pedestrian -1 -1 1.0149 491.6414 166.7197 520.9208 223.3506 1.7928 0.5794 0.8477 -3.2302 1.3581 22.8897 0.8784 0.4256
Pedestrian -1 -1 -0.8164 552.0406 166.6134 584.4988 219.5112 1.7706 0.6500 0.9305 -1.2844 1.3073 24.2261 -0.8669 0.3647
Pedestrian -1 -1 1.7730 519.1077 166.1797 539.0845 210.8194 1.8272 0.6602 0.8913 -3.1744 1.2425 29.4116 1.6683 0.2866
Pedestrian -1 -1 0.9658 555.2732 165.3008 579.6617 211.4480 1.8825 0.6103 0.8972 -1.5850 1.2639 29.3791 0.9143 0.1776
Car -1 -1 1.7600 648.0038 169.5288 683.6081 192.1632 1.4586 1.6285 4.2336 4.1600 0.7529 47.8169 1.8479 0.1345
Car -1 -1 -0.4828 0.0000 172.5701 88.8074 236.4230 1.4038 1.5701 3.8719 -15.4558 1.2311 17.6284 -1.1918 0.1196
