Pedestrian -1 -1 1.9562 297.5814 164.1528 339.3789 240.6633 1.8752 0.6691 0.9415 -7.3710 1.6623 18.1540 1.5751 0.4992
Car -1 -1 -3.0318 462.1029 175.0613 705.0556 264.6610 1.5310 1.7013 4.2437 -0.4748 1.5754 13.3808 -3.0677 0.9180
Car -1 -1 2.7091 735.5437 163.7982 1057.2330 287.5846 1.5549 1.6526 3.8256 3.7846 1.4415 10.0416 3.0590 0.8591
Car -1 -1 -3.2313 697.4833 171.6107 895.7359 239.6027 1.5239 1.7298 4.4126 4.3004 1.4964 17.3515 -2.9930 0.7693
Car -1 -1 -3.6167 944.6331 165.5181 1169.2914 235.5708 1.5409 1.7033 4.1465 10.2364 1.3799 16.8483 -3.0789 0.6160
Car -1 -1 -1.0353 664.5318 171.2188 758.1661 215.4290 1.4949 1.6047 3.9646 3.7393 1.4400 26.4454 -0.8969 0.5992
Car -1 -1 -2.6660 251.0130 177.9811 379.3563 226.1311 1.5951 1.7050 3.7803 -10.2570 1.7813 25.1388 -3.0501 0.3313
Car -1 -1 -0.6643 1159.5487 165.9639 1242.0000 234.2572 1.4093 1.6164 4.2416 14.8207 1.2674 15.8571 0.0779 0.2656
Car -1 -1 -1.1861 934.3500 162.1231 1024.4365 205.0891 1.4333 1.5686 3.8438 13.2704 1.0757 25.9222 -0.7178 0.2247
Car -1 -1 -1.6587 1104.3553 158.0601 1171.0120 204.6989 1.5050 1.5440 3.5025 18.2852 1.0280 25.1807 -1.0364 0.1956
