Pedestrian -1 -1 1.2833 542.4933 136.5830 591.3944 247.1920 1.9055 0.6323 0.9585 -0.7415 1.1506 12.7331 1.2286 0.8575
Pedestrian -1 -1 1.2438 577.0281 132.8240 626.5214 243.6835 1.9632 0.6335 0.9768 -0.1157 1.1206 13.0815 1.2372 0.7527
Pedestrian -1 -1 1.5105 471.9153 143.7336 499.6856 222.4221 1.8741 0.6225 0.8375 -2.9641 1.0001 17.3123 1.3460 0.5432
Pedestrian -1 -1 1.4104 507.7271 143.5865 537.8710 221.4986 1.8660 0.6257 0.7422 -2.0638 0.9835 17.3709 1.2963 0.4697
Pedestrian -1 -1 1.6202 1169.3544 116.7527 1224.0000 331.6735 1.7922 0.6406 0.8604 5.5239 1.2623 6.4249 2.3080 0.4242
Pedestrian -1 -1 1.5228 447.7968 144.4924 471.3698 213.8992 1.8900 0.6063 0.8546 -4.1007 0.9111 19.7368 1.3233 0.3417
Pedestrian -1 -1 2.0338 805.0950 141.8962 904.9417 346.3648 1.7331 0.6666 0.5949 2.2231 1.4076 6.4340 2.3536 0.2467
Pedestrian -1 -1 1.9709 874.5659 137.1116 970.7405 329.0637 1.7861 0.6832 0.6479 3.1145 1.3841 7.0447 2.3727 0.2432
Pedestrian -1 -1 1.5752 385.7701 148.6830 406.8836 208.8333 1.8483 0.6249 0.7446 -6.5704 0.8722 22.1651 1.2929 0.1718
Pedestrian -1 -1 1.3231 472.5506 143.0603 500.1615 211.2394 1.8870 0.5983 0.7880 -3.4036 0.8524 20.0452 1.1596 0.1187
Cyclist -1 -1 0.6942 847.1310 123.2790 1043.2626 330.5691 1.8052 0.5276 1.8364 3.2657 1.3086 7.0922 1.1110 0.3355
Cyclist -1 -1 0.9147 775.8947 138.9929 965.5340 368.2465 1.7303 0.5284 1.8354 2.2068 1.4187 6.2852 1.2389 0.3229
Car -1 -1 0.9723 681.1376 177.6228 1224.0000 370.0000 1.4899 1.5445 3.7903 1.9274 1.4785 5.2409 1.3077 0.1777
