Pedestrian -1 -1 0.7342 291.3416 169.0452 356.1651 280.8303 1.7396 0.5911 0.7782 -4.5809 1.5630 11.4125 0.3638 0.8269
Pedestrian -1 -1 1.1291 978.3514 133.9045 1061.1733 271.1620 1.8472 0.6543 0.9575 5.7988 1.2218 10.0112 1.6422 0.7415
Pedestrian -1 -1 1.4803 856.2132 159.6503 877.8164 210.2694 1.8093 0.6513 0.9592 9.5331 1.0656 25.8154 1.8318 0.5815
Pedestrian -1 -1 1.2780 830.4476 159.6016 855.7410 210.7106 1.8432 0.6235 0.9727 8.7180 1.0911 25.9898 1.5997 0.4171
Pedestrian -1 -1 1.5041 821.2325 162.6332 841.6699 214.6837 1.7562 0.6159 0.7644 7.7478 1.1549 24.2961 1.8108 0.3634
Pedestrian -1 -1 1.5444 841.9374 158.6846 863.0895 212.8484 1.8170 0.6581 0.8143 8.4376 1.0867 24.2017 1.8775 0.2806
Cyclist -1 -1 -0.9152 265.7190 173.0259 337.8290 250.3494 1.6878 0.5098 1.8439 -7.0262 1.5263 16.3852 -1.3115 0.2395
Car -1 -1 2.4728 626.2310 175.7577 687.2813 200.7098 1.4681 1.5647 3.5077 3.1745 1.1904 43.2243 2.5473 0.4384
Car -1 -1 -0.6913 0.0000 203.9489 123.4467 370.0000 1.4338 1.5771 3.9629 -5.4801 1.6591 4.7163 -1.5169 0.3613
Car -1 -1 -1.4120 536.4523 178.2540 567.8035 199.6434 1.5106 1.6752 4.0464 -3.8400 1.3533 52.0183 -1.4836 0.1503
Car -1 -1 -1.3961 496.7719 178.4294 527.2664 199.4307 1.4871 1.6061 3.6386 -6.7825 1.3418 51.9156 -1.5236 0.1124
