Pedestrian -1 -1 0.4848 1047.7372 166.7179 1119.0447 269.2133 1.7815 0.6080 0.8920 8.6224 1.5436 12.8216 1.0669 0.7989
Pedestrian -1 -1 0.0786 1036.4080 166.7627 1102.8889 273.5791 1.7870 0.5983 0.9328 8.0685 1.5588 12.3434 0.6474 0.7342
Pedestrian -1 -1 -1.2113 11.4117 155.5788 84.7878 277.9121 1.7869 0.6057 0.8771 -8.5542 1.4245 10.8300 -1.8637 0.5335
Pedestrian -1 -1 -2.8791 420.6156 160.9396 483.0549 265.1489 1.7511 0.6303 0.9218 -2.6791 1.4241 12.2156 -3.0878 0.4053
Pedestrian -1 -1 3.2254 379.9517 158.0666 435.3339 260.7387 1.8182 0.6309 0.9224 -3.6331 1.4226 12.9098 2.9592 0.3540
Pedestrian -1 -1 3.3572 57.9434 151.0706 221.9074 370.0000 1.7460 0.6015 0.7251 -2.8926 1.5819 4.3804 2.8077 0.3011
Cyclist -1 -1 -1.6166 540.2776 160.2794 580.7558 279.7477 1.8076 0.5730 1.9160 -0.8066 1.5033 11.6767 -1.6820 0.6503
Cyclist -1 -1 2.2250 0.0000 141.3650 259.6335 370.0000 1.6988 0.5504 1.8016 -2.9094 1.5164 4.2432 1.6598 0.3878
Cyclist -1 -1 -1.5633 433.3899 158.0008 470.8951 270.1301 1.8027 0.5926 1.9738 -2.7112 1.4426 12.3885 -1.7717 0.2977
Cyclist -1 -1 -1.3221 135.2805 153.9086 335.0943 370.0000 1.6792 0.5494 1.7864 -2.0994 1.5594 4.1545 -1.7586 0.1907
Car -1 -1 -2.2436 1117.7087 184.6238 1224.0000 218.1561 1.4217 1.6515 4.2509 26.0157 1.6258 32.6229 -1.5736 0.6994
Car -1 -1 -2.0144 875.5618 181.0753 947.1892 215.6420 1.4866 1.5942 3.6018 13.8874 1.5158 32.2935 -1.6103 0.5362
Car -1 -1 -2.0948 929.7725 182.7466 1008.1199 216.2226 1.4209 1.5267 3.6499 16.4180 1.5303 32.1189 -1.6248 0.5254
Car -1 -1 -1.6209 606.6439 176.2862 632.9713 199.6414 1.4411 1.5170 3.4392 0.9170 1.1824 45.3620 -1.5991 0.4346
Car -1 -1 1.1226 986.7742 183.7223 1070.8016 218.5455 1.4826 1.6557 4.1848 19.4274 1.6427 32.6516 1.6565 0.3216
