Car -1 -1 2.3177 0.0000 201.9449 156.7416 262.8358 1.3907 1.5809 3.7771 -14.9453 2.2901 20.3271 1.6898 0.9070
Car -1 -1 -1.9681 843.1562 179.4286 1171.2909 364.5697 1.4686 1.5838 3.7517 3.7865 1.5571 7.7628 -1.5302 0.8879
Car -1 -1 -1.7013 728.2717 182.7494 814.4143 251.7993 1.3912 1.4858 3.3578 3.5956 1.6452 16.7609 -1.4944 0.8479
Car -1 -1 -1.7595 711.3746 177.2579 794.9346 234.7006 1.5068 1.6312 4.1394 4.0630 1.6500 21.3151 -1.5744 0.7576
Car -1 -1 -2.6510 568.6787 178.8028 620.2556 198.6632 1.4881 1.6079 3.7225 -1.2471 1.9675 56.5493 -2.6734 0.7186
Car -1 -1 2.9170 407.1604 186.3243 465.6646 205.6651 1.4203 1.6262 4.2367 -13.7250 2.5156 56.9785 2.6812 0.5381
Car -1 -1 2.3346 260.5863 186.4328 329.9043 211.0804 1.4490 1.6454 4.2923 -20.5590 2.3818 47.2454 1.9259 0.4389
Car -1 -1 -2.4209 1102.5671 206.0211 1242.0000 375.0000 1.4391 1.5668 3.8759 3.4554 1.6346 2.2442 -1.4852 0.3272
Car -1 -1 -1.6569 674.7519 179.7061 713.2461 211.1020 1.5021 1.6253 4.0467 4.2692 1.8776 37.4550 -1.5449 0.3209
Car -1 -1 2.3521 176.0382 190.5473 259.9155 220.1343 1.4907 1.6362 4.3549 -22.4457 2.5643 41.4447 1.8581 0.2410
Car -1 -1 2.3876 329.9984 187.7483 387.9740 208.4548 1.3588 1.5930 3.9722 -18.2495 2.4876 52.5359 2.0545 0.1804
