Pedestrian -1 -1 -2.4581 433.4422 174.4310 477.1794 252.3432 1.7133 0.5615 0.7898 -3.5452 1.7503 16.3110 -2.6696 0.1592
Car -1 -1 -1.8149 734.3380 190.3644 940.4093 331.6387 1.4331 1.5917 4.1912 2.7813 1.7262 9.9503 -1.5513 0.9267
Car -1 -1 3.0479 175.3813 183.5403 450.7444 277.9409 1.4439 1.6903 4.4063 -5.3650 1.6656 13.1883 2.6680 0.8586
Car -1 -1 -1.6742 673.3903 182.6643 738.0923 236.5487 1.5056 1.6087 3.8099 2.8908 1.8418 22.7785 -1.5504 0.8162
Car -1 -1 -1.6341 653.2293 183.0652 695.2563 218.4906 1.4270 1.5941 4.2799 2.7876 1.9172 32.4603 -1.5499 0.7483
Car -1 -1 2.9132 244.0225 175.2729 470.1733 260.8655 1.6399 1.7228 4.4121 -5.5305 1.6997 15.8303 2.5817 0.6601
Car -1 -1 3.4725 0.0000 197.4153 127.4398 375.0000 1.4620 1.5636 3.8065 -4.8680 1.6457 3.7185 2.5888 0.3111
Car -1 -1 -2.6247 479.4829 183.4141 555.0055 212.4581 1.4783 1.5809 3.7855 -5.0780 2.0740 39.2254 -2.7531 0.2332
Car -1 -1 2.8240 386.6214 173.0918 523.2780 231.6461 1.8774 1.7880 4.2863 -5.3880 1.8866 24.9989 2.6133 0.2154
Car -1 -1 -1.7524 495.0988 185.1489 541.9744 217.2383 1.3996 1.5678 3.9839 -4.5597 2.0369 35.2408 -1.8807 0.1852
