Car -1 -1 -2.1041 673.2823 195.5571 1112.7727 375.0000 1.4621 1.6438 4.3303 2.0529 1.7502 6.8383 -1.8260 0.9020
Car -1 -1 1.7174 283.4534 199.8884 387.5133 278.6299 1.3966 1.6071 3.9665 -6.1184 2.0885 16.3470 1.3639 0.8740
Car -1 -1 -1.8900 589.3381 191.7915 759.4264 306.6967 1.4741 1.6047 3.9031 0.8226 1.8453 12.0335 -1.8249 0.8467
Car -1 -1 1.7118 354.0122 194.0098 418.1220 242.7488 1.4386 1.5935 3.8133 -7.7287 2.2322 25.0439 1.4149 0.8295
Car -1 -1 -3.4984 1059.6779 205.6064 1242.0000 330.9246 1.4151 1.6008 3.7389 8.6790 1.9417 10.2246 -2.8097 0.6770
Car -1 -1 -1.7758 561.2864 193.7552 658.2980 271.2027 1.4485 1.5089 3.3079 -0.1524 1.9705 16.2280 -1.7863 0.6601
Car -1 -1 1.7414 371.6909 194.7693 427.3634 234.5397 1.4442 1.6179 3.8197 -8.8264 2.4277 30.3770 1.4604 0.4168
Car -1 -1 -3.1843 723.9750 192.3406 840.3845 237.7363 1.3968 1.5783 3.6911 5.6775 2.0826 24.2662 -2.9581 0.2222
Car -1 -1 -0.1641 828.2220 199.2971 998.5753 265.9099 1.4838 1.5390 3.7330 7.4448 2.1915 18.1427 0.2185 0.1889
Car -1 -1 1.1270 669.3010 189.9392 715.2296 211.5129 1.3876 1.6807 4.1228 5.8650 2.6756 52.1510 1.2378 0.1207
Car -1 -1 1.6864 394.5855 193.0445 438.7102 228.2132 1.4966 1.6186 4.0990 -9.4350 2.5450 35.3081 1.4266 0.1100
