Pedestrian -1 -1 0.7998 783.7388 149.8655 872.4452 298.2173 1.8554 0.6211 0.9715 2.9051 1.4739 9.4122 1.0915 0.9086
Pedestrian -1 -1 0.8535 738.4470 147.6394 829.8227 305.9889 1.8457 0.6452 0.9317 2.1645 1.4644 8.7988 1.0882 0.8683
Pedestrian -1 -1 1.1594 636.8991 165.0297 663.0601 216.0851 1.8518 0.6817 0.8511 1.6325 1.2922 26.1556 1.2227 0.5167
Pedestrian -1 -1 1.5202 267.7953 158.9272 289.4689 213.6202 1.8659 0.6488 0.8253 -11.4042 1.1315 24.6324 1.0934 0.4950
Pedestrian -1 -1 -1.9185 527.4648 166.9662 550.9467 215.2988 1.7533 0.5899 0.9149 -2.4682 1.2639 26.1831 -2.0096 0.4834
Pedestrian -1 -1 1.0029 663.3088 165.2379 689.3682 214.8330 1.8056 0.6230 0.8113 2.6174 1.2515 26.2386 1.1028 0.4594
Pedestrian -1 -1 1.0535 686.4262 167.3122 711.1523 213.6462 1.7404 0.6426 0.7639 3.5566 1.2466 27.0287 1.1845 0.4452
Car -1 -1 -2.2290 1030.2910 183.0625 1154.2642 228.4695 1.4064 1.5281 3.6462 16.3411 1.5016 23.9740 -1.6354 0.8073
Car -1 -1 -2.0972 958.8958 181.3459 1066.1171 227.3669 1.4519 1.5663 3.5751 13.7663 1.4845 24.1647 -1.5835 0.7598
Car -1 -1 0.9103 1096.8043 183.4339 1224.0000 229.1411 1.4338 1.6034 4.0678 19.2131 1.5453 24.4687 1.5712 0.6835
Car -1 -1 -1.6255 602.1611 175.7042 635.2475 203.2060 1.3731 1.5371 3.6344 0.6659 1.1351 37.1388 -1.6060 0.6667
