Car -1 -1 -2.0597 813.6400 185.7263 1199.3865 375.0000 1.4346 1.4970 3.5006 3.1785 1.5867 6.7088 -1.6353 0.8705
Car -1 -1 -1.7893 726.4034 182.7585 875.6407 293.7687 1.4585 1.5067 3.4911 2.8232 1.6415 11.5467 -1.5566 0.8205
Car -1 -1 -1.7448 684.8184 172.0644 759.4037 231.2399 1.6420 1.6165 3.4869 3.2499 1.6205 21.7846 -1.5994 0.7223
Car -1 -1 3.7101 0.0000 187.1211 283.1725 375.0000 1.4324 1.5973 3.7830 -4.8080 1.5626 5.5360 3.0184 0.6890
Car -1 -1 -1.7714 704.0272 179.8650 810.2089 252.3537 1.4359 1.5892 3.9627 3.2047 1.6177 16.6688 -1.5857 0.6606
Car -1 -1 -2.5132 0.0000 157.0616 428.4699 340.0591 1.7731 1.7418 4.1102 -4.4066 1.6204 8.1480 -2.9960 0.6228
Car -1 -1 -1.6753 662.5767 173.9763 713.4144 211.7846 1.5187 1.7188 4.4088 3.2672 1.5712 31.3167 -1.5728 0.5070
Car -1 -1 -1.6377 653.0957 173.2615 682.6985 198.6653 1.4779 1.5455 3.5871 3.4474 1.5040 43.8327 -1.5601 0.2874
Car -1 -1 -0.5972 0.0000 205.2833 138.6014 375.0000 1.4422 1.5692 3.7857 -3.3913 1.6184 2.0126 -1.5738 0.2056
Car -1 -1 -2.2160 0.0000 0.0000 1242.0000 375.0000 1.4776 1.5999 3.6910 2.6005 1.6507 1.7324 -1.3094 0.1750
Car -1 -1 -2.9970 463.3107 171.7328 559.7922 209.5087 1.7643 1.7755 4.3749 -4.7029 1.7123 34.6056 -3.1315 0.1447
