Pedestrian -1 -1 3.2726 179.9128 174.9598 221.6326 245.0139 1.6576 0.5632 0.8124 -9.9679 1.7102 17.5067 2.7612 0.7073
Pedestrian -1 -1 1.5526 381.5323 169.0762 404.1654 228.9797 1.7407 0.6301 0.7395 -6.4959 1.6313 21.4126 1.2610 0.2428
Car -1 -1 0.4183 102.6192 180.6216 245.8946 222.9627 1.5477 1.7495 4.4185 -16.7918 1.8608 27.9175 -0.1192 0.7992
Car -1 -1 -0.1673 515.1980 168.4447 630.8975 213.0723 1.7379 1.7871 4.4798 -1.5812 1.5665 29.4582 -0.2210 0.7431
Car -1 -1 -0.8675 471.8200 174.2808 532.9641 203.4463 1.5182 1.5542 3.2922 -5.8914 1.6003 39.5421 -1.0149 0.5537
Car -1 -1 -0.5571 837.0336 168.8161 932.3334 198.5785 1.4283 1.6475 4.1908 13.5826 1.2349 35.8444 -0.1979 0.4037
Car -1 -1 2.6125 0.0000 186.5349 98.6453 217.7332 1.3537 1.5521 3.9341 -27.5792 2.0630 35.2732 1.9524 0.3121
Car -1 -1 2.5676 866.5212 163.1688 931.1562 187.7421 1.6495 1.6727 3.8352 19.8170 0.9997 49.6251 2.9453 0.1604
Car -1 -1 -1.6536 266.5461 177.4655 293.0435 197.3378 1.4995 1.6036 3.9188 -26.3729 1.8809 57.5184 -2.0820 0.1600
Car -1 -1 2.5475 306.6434 177.4546 352.8666 194.3997 1.4810 1.5445 3.7203 -25.6581 1.9154 66.0978 2.1784 0.1131
Car -1 -1 2.2075 410.1573 179.0708 449.2462 195.2185 1.4737 1.5801 4.0221 -17.3854 2.0930 69.6716 1.9635 0.1015
