Pedestrian -1 -1 2.3265 25.2457 201.0611 119.1393 345.3604 1.5306 0.5282 0.6805 -6.1246 1.8649 8.1671 1.6983 0.1808
Car -1 -1 1.7788 434.8260 182.7797 530.6166 246.5532 1.4336 1.6473 4.0966 -3.2567 1.7232 18.9435 1.6101 0.8757
Car -1 -1 1.7420 552.6915 174.5337 599.5214 205.3509 1.5588 1.7901 4.5288 -1.8039 1.6557 39.1092 1.6957 0.8252
Car -1 -1 -1.5406 581.8995 179.0506 682.8587 276.0039 1.4872 1.5863 3.4284 0.3959 1.6147 13.0472 -1.5122 0.7983
Car -1 -1 -0.9344 832.8979 153.0921 1023.9212 238.0347 1.7372 1.7586 4.4285 7.3351 1.3334 16.6263 -0.5260 0.7933
Car -1 -1 1.3086 775.9881 162.0087 856.8734 212.7749 1.5924 1.6446 3.9798 6.8894 1.2526 24.6253 1.5778 0.6465
Car -1 -1 -1.5269 686.4918 168.9426 719.0538 196.6989 1.5044 1.6707 4.3225 5.3305 1.2927 41.3754 -1.4000 0.4864
Car -1 -1 0.2994 1007.2939 152.2298 1242.0000 247.8687 1.4846 1.6618 4.1796 9.8754 1.1648 13.3667 0.9250 0.3721
Car -1 -1 1.6245 584.1748 175.5573 608.7634 196.9141 1.4767 1.5792 3.9416 -0.9772 1.6808 52.3887 1.6055 0.1312
Car -1 -1 1.8250 0.0000 195.5632 93.6515 243.9389 1.4110 1.6100 4.3590 -19.8720 2.2884 25.5422 1.1687 0.1259
