Car -1 -1 -1.8766 743.1819 182.8976 971.6910 327.2095 1.4260 1.5641 3.8806 2.8502 1.5838 9.3549 -1.5908 0.8926
Car -1 -1 -1.5762 577.1750 169.5176 640.6626 230.4736 1.6313 1.6999 4.3680 -0.1000 1.5424 21.4998 -1.5815 0.8782
Car -1 -1 2.1746 0.0000 184.3507 173.9192 244.6683 1.4143 1.6689 4.3995 -14.2609 1.7680 19.9653 1.5605 0.8377
Car -1 -1 -1.6516 662.8397 173.6404 723.1084 225.6832 1.5392 1.6105 3.6718 2.5508 1.5670 23.2505 -1.5444 0.7960
Car -1 -1 -1.7977 715.3564 178.5792 839.4239 267.2972 1.4522 1.5076 3.4673 2.9983 1.5758 13.7806 -1.5889 0.7722
Car -1 -1 1.9820 297.5578 176.4186 362.0813 210.7504 1.5968 1.6024 3.7924 -13.8913 1.7840 35.8873 1.6149 0.6328
Car -1 -1 -1.5938 645.8397 173.3587 678.4196 204.7663 1.6016 1.6456 3.9636 2.7271 1.6306 38.8739 -1.5248 0.6310
Car -1 -1 -2.7942 0.0000 0.0000 1242.0000 375.0000 1.4419 1.6123 3.8153 3.0981 1.6065 2.0135 -1.8652 0.3089
Car -1 -1 2.0629 222.7081 180.4754 313.0529 218.7511 1.4454 1.6519 4.1196 -14.2286 1.7868 30.1840 1.6255 0.2928
Car -1 -1 -1.2903 367.9621 175.8746 410.0341 200.1783 1.4548 1.5844 3.6490 -13.9095 1.6532 45.4799 -1.5858 0.1951
