Pedestrian -1 -1 0.6862 751.9457 151.4353 832.4526 282.0000 1.8392 0.6138 0.9944 2.7320 1.4314 10.5372 0.9345 0.8816
Pedestrian -1 -1 0.5658 727.2880 153.1018 811.6000 291.1432 1.7890 0.5802 0.9668 2.2023 1.4356 9.7048 0.7838 0.8723
Pedestrian -1 -1 0.1953 1084.7341 152.7666 1180.4314 310.6861 1.7179 0.5969 0.7962 6.0525 1.4179 8.1809 0.8156 0.8381
Pedestrian -1 -1 1.0609 503.3315 157.1327 569.3445 290.7458 1.8096 0.6151 0.8195 -1.0345 1.4948 10.0830 0.9636 0.8001
Pedestrian -1 -1 1.2316 562.2164 160.3682 617.4806 280.0953 1.7491 0.5863 0.8774 -0.2907 1.4567 10.8387 1.2074 0.7880
Pedestrian -1 -1 1.5877 691.1575 167.0523 708.7115 215.7789 1.7375 0.6191 0.8830 3.4277 1.2595 25.6891 1.7204 0.5168
Pedestrian -1 -1 1.5588 713.8975 166.4335 732.2585 216.1038 1.7521 0.6381 0.8626 4.2109 1.2575 25.4110 1.7227 0.4850
Pedestrian -1 -1 1.2827 925.7853 118.5183 1136.4344 370.0000 1.8118 0.6333 0.7000 1.8594 1.5616 3.2734 1.7616 0.2527
Pedestrian -1 -1 2.3490 701.4020 143.8586 960.8643 370.0000 1.7134 0.6230 0.8101 0.8510 1.5907 2.8698 2.6113 0.1985
Cyclist -1 -1 -0.5378 1132.3489 173.4058 1218.1562 235.6255 1.7455 0.6053 1.8704 16.2797 1.5480 20.2542 0.1331 0.6418
Car -1 -1 -2.2359 1027.3993 182.4063 1153.4220 228.3874 1.4326 1.5511 3.7234 16.3564 1.5043 24.0959 -1.6441 0.6878
Car -1 -1 -1.6129 601.6124 175.9943 633.6919 203.6044 1.3795 1.5305 3.6093 0.6120 1.1558 37.1439 -1.5949 0.5958
Car -1 -1 -2.1985 953.0118 180.5351 1066.4178 228.2234 1.5105 1.5986 3.5050 13.7090 1.5133 24.2265 -1.6877 0.5914
Car -1 -1 0.9189 1098.8562 182.7509 1224.0000 229.2768 1.4582 1.5832 3.9598 19.1345 1.5435 24.3337 1.5804 0.5517
