Pedestrian -1 -1 1.0308 552.9364 152.7115 637.4527 313.9421 1.8322 0.6185 0.9632 -0.1833 1.5181 8.6021 1.0121 0.9130
Pedestrian -1 -1 1.0155 643.0179 152.9247 734.6188 321.5232 1.8520 0.6577 0.9655 0.9206 1.5508 8.3392 1.1231 0.8922
Pedestrian -1 -1 -3.6343 1040.5319 141.8085 1172.4094 313.4897 1.7866 0.6174 0.9983 5.3881 1.3857 7.7100 -3.0417 0.8813
Pedestrian -1 -1 -2.6316 687.7449 153.4848 765.0090 280.5330 1.8117 0.6035 0.9735 1.7731 1.4282 10.6170 -2.4691 0.7696
Pedestrian -1 -1 -2.4888 657.0521 153.6521 736.6459 287.4448 1.8182 0.5853 0.9786 1.2651 1.4550 10.1551 -2.3669 0.7669
Pedestrian -1 -1 -2.7821 865.8102 142.5586 965.7571 297.8865 1.8448 0.6252 1.0091 3.8860 1.3958 8.9662 -2.3841 0.7572
Pedestrian -1 -1 0.7528 613.8549 153.3233 682.2841 266.5237 1.8515 0.6177 1.0277 0.6877 1.4086 12.1443 0.8097 0.7319
Pedestrian -1 -1 0.3565 880.7563 148.9015 968.9857 290.8885 1.8069 0.6295 0.9279 4.2647 1.4064 9.5411 0.7663 0.5852
Pedestrian -1 -1 -2.4269 590.0934 152.9569 661.1451 271.8210 1.8590 0.6046 1.0201 0.2876 1.4299 11.6205 -2.4010 0.4629
Pedestrian -1 -1 1.8262 207.7327 161.2755 228.3130 204.6943 1.8340 0.6316 0.6311 -16.5703 1.0235 30.2423 1.3312 0.2521
Car -1 -1 -1.2772 434.0143 175.4790 537.9038 239.9122 1.4651 1.5871 3.6837 -2.9430 1.3525 18.0043 -1.4346 0.8714
Car -1 -1 -2.1085 957.4044 180.0321 1064.5664 227.5916 1.5087 1.5915 3.4947 13.7335 1.4954 24.1911 -1.5963 0.7229
Car -1 -1 0.9394 1097.3859 182.9683 1224.0000 229.4084 1.4604 1.6235 4.0722 19.2299 1.5547 24.5069 1.5999 0.7038
Car -1 -1 -2.2275 1029.4982 183.8401 1156.7749 229.8091 1.4124 1.5575 3.7438 16.3200 1.5359 23.9137 -1.6334 0.5616
