Pedestrian -1 -1 2.2807 708.8534 163.0464 760.5623 264.8242 1.7526 0.6028 0.6927 2.3105 1.4085 12.6219 2.4586 0.1955
Cyclist -1 -1 -2.7401 684.6202 157.7077 793.2922 263.3227 1.7784 0.6032 1.8174 2.3737 1.3521 12.6527 -2.5579 0.4203
Car -1 -1 -1.5106 575.9972 172.1291 616.1143 207.3715 1.4772 1.5721 3.4530 -0.2723 1.0183 31.3974 -1.5175 0.8385
Car -1 -1 1.8828 358.2636 173.3848 420.0070 205.5730 1.4798 1.6751 4.1791 -10.3862 1.0341 34.6101 1.5956 0.6957
Car -1 -1 1.8916 428.1422 172.0229 470.3278 195.8311 1.4504 1.5432 3.6447 -9.7185 0.7764 44.9659 1.6820 0.6353
Car -1 -1 -1.5816 641.1014 170.2643 671.1649 197.8705 1.4366 1.5622 3.7347 2.8855 0.7696 38.7053 -1.5061 0.6169
Car -1 -1 -0.1590 689.1736 162.8584 863.0693 228.9596 1.7069 1.7630 4.3716 4.5659 1.1854 19.2875 0.0713 0.6153
Car -1 -1 1.6302 0.0000 152.6019 201.9837 370.0000 1.6638 1.6171 3.8510 -4.5365 1.4902 6.1146 1.0174 0.5871
Car -1 -1 1.9361 392.8699 174.3024 450.8760 201.4750 1.4357 1.6852 4.3729 -10.0658 0.9718 39.6257 1.6910 0.2284
Car -1 -1 -1.7801 671.0558 171.1204 723.4875 205.5923 1.4560 1.5875 3.7095 4.1593 0.9510 31.7708 -1.6495 0.1389
