Car -1 -1 -1.8814 831.8636 184.1632 1057.6223 327.0627 1.4056 1.5080 3.3927 3.9056 1.5764 9.1235 -1.4896 0.9036
Car -1 -1 -1.8618 778.6350 174.6852 940.5418 270.2758 1.5199 1.6645 4.2219 4.4415 1.5603 13.6750 -1.5549 0.8824
Car -1 -1 -2.5218 557.3478 175.7294 617.3919 199.9057 1.6015 1.6598 3.9225 -1.6139 1.8082 49.9954 -2.5544 0.7895
Car -1 -1 2.8738 388.9694 183.5241 458.6972 205.8827 1.4302 1.6730 4.3633 -12.8332 2.1922 49.6882 2.6220 0.7429
Car -1 -1 2.4568 93.2523 190.1077 205.7647 224.1953 1.3972 1.6710 4.4589 -21.8257 2.2762 34.3606 1.8942 0.5769
Car -1 -1 -1.7246 703.4676 178.3448 756.6149 215.9139 1.4184 1.5617 3.8865 4.8373 1.6600 29.7544 -1.5656 0.5625
Car -1 -1 2.4471 210.8351 184.2645 301.5200 213.9257 1.4775 1.6855 4.4915 -19.6304 2.1511 40.1748 1.9949 0.5220
Car -1 -1 2.4986 296.0143 185.3406 368.6805 209.6454 1.3790 1.6047 4.1212 -17.4129 2.2015 45.3366 2.1335 0.3831
Car -1 -1 -0.5769 871.9397 165.7249 944.3242 188.8433 1.4727 1.6213 4.1636 19.4300 1.0189 47.1463 -0.1884 0.1593
Car -1 -1 -0.3617 792.2339 165.1678 860.2902 188.1993 1.4739 1.6096 3.9420 14.0618 0.9824 47.1203 -0.0736 0.1467
Car -1 -1 2.6758 0.0000 193.1575 41.6821 225.7272 1.4907 1.6312 4.1306 -32.7778 2.6231 38.0087 1.9675 0.1307
