Car -1 -1 1.7649 407.9851 181.3656 512.8771 260.5869 1.5654 1.6337 3.7975 -3.3458 1.7836 16.5644 1.5679 0.8458
Car -1 -1 -0.3681 750.1971 181.7347 1051.7307 278.0759 1.4464 1.6548 4.2799 4.5529 1.6029 11.8355 -0.0101 0.8406
Car -1 -1 2.7153 709.8079 164.3140 939.5096 259.4809 1.7814 1.7343 4.1327 4.2287 1.6219 14.6734 2.9896 0.6284
Car -1 -1 1.6771 490.8111 174.5461 546.3514 224.6896 1.7292 1.6383 4.0919 -3.3952 1.7979 27.0789 1.5529 0.5995
Car -1 -1 2.2946 0.0000 82.2612 284.9780 375.0000 1.7985 1.7416 4.3261 -3.3961 1.6452 3.4030 1.5486 0.4694
Car -1 -1 0.5762 935.2377 203.6230 1242.0000 375.0000 1.4676 1.5763 3.6969 2.9842 1.6619 2.5803 1.3782 0.3870
Car -1 -1 -3.2060 674.5699 174.9680 781.7807 215.2892 1.4713 1.5964 3.9114 4.3744 1.5548 27.4020 -3.0499 0.3469
Car -1 -1 1.6913 526.0778 177.2345 568.5283 210.1553 1.5341 1.6351 4.2003 -3.1323 1.7678 36.3128 1.6053 0.3386
Car -1 -1 -0.0922 669.0311 176.8212 769.0818 213.2040 1.4534 1.6203 3.9643 4.4198 1.6234 29.9330 0.0524 0.2227
Car -1 -1 2.0250 537.5572 178.5018 587.4594 203.8741 1.5217 1.6073 4.0074 -3.0317 1.9022 46.3927 1.9597 0.2037
Car -1 -1 -0.3794 723.2798 174.7715 895.5242 245.5908 1.5985 1.6321 3.6500 4.6813 1.6477 17.3695 -0.1212 0.1971
