Car -1 -1 -1.7740 716.3815 179.0960 841.7949 265.9744 1.4153 1.5505 3.8156 3.0497 1.5528 13.9397 -1.5640 0.9207
Car -1 -1 2.2213 71.7105 190.7476 205.0831 237.0291 1.3872 1.6399 4.3519 -16.5755 2.0776 25.5870 1.6510 0.8742
Car -1 -1 -1.7017 689.6336 175.7911 769.5031 236.3935 1.4552 1.5812 4.0015 3.0782 1.5433 19.5360 -1.5485 0.8506
Car -1 -1 -1.6364 655.8831 177.4500 701.8419 216.5329 1.4260 1.5602 3.5776 2.6256 1.6198 28.5559 -1.5462 0.7978
Car -1 -1 2.1026 187.1149 186.1413 276.2953 223.6575 1.4369 1.5896 3.9923 -16.2332 2.0477 31.1115 1.6249 0.7068
Car -1 -1 -2.1661 888.3943 190.6812 1242.0000 375.0000 1.4392 1.6146 4.0649 2.9501 1.5841 3.7914 -1.5427 0.6109
Car -1 -1 -2.7488 557.6155 177.0337 604.5134 193.0337 1.4348 1.6548 4.0205 -2.7008 1.8315 66.9398 -2.7894 0.2585
Car -1 -1 2.8942 413.5574 181.2958 463.0297 197.1154 1.4141 1.6119 4.2729 -16.1953 2.2302 68.0150 2.6610 0.1385
Car -1 -1 2.0529 176.6246 182.6811 243.1053 212.1832 1.4611 1.5759 3.7274 -21.5031 2.0164 38.8634 1.5502 0.1282
Car -1 -1 -1.4043 625.5714 172.5995 659.3462 195.9771 1.5145 1.6394 4.0675 2.2125 1.4984 48.9018 -1.3598 0.1005
