Pedestrian -1 -1 -1.5884 654.4746 161.2423 688.8627 253.6258 1.7189 0.6382 0.9179 1.2318 1.3622 13.6314 -1.4986 0.8340
Pedestrian -1 -1 0.6032 504.5557 157.5749 561.4419 250.0282 1.8314 0.5924 1.0022 -1.5182 1.3789 14.5023 0.5029 0.7712
Pedestrian -1 -1 -1.9326 448.7068 158.0555 496.7067 258.6975 1.8145 0.5844 0.9682 -2.5430 1.4115 13.3078 -2.1152 0.7646
Pedestrian -1 -1 -0.8705 740.9126 166.3713 782.4281 235.5155 1.7140 0.6101 0.8825 3.9606 1.3654 18.0328 -0.6563 0.6758
Pedestrian -1 -1 -2.3240 484.2982 157.4837 541.0465 255.1839 1.8307 0.5672 0.9993 -1.8466 1.4010 13.7799 -2.4524 0.6659
Car -1 -1 -2.2301 1026.3368 182.5134 1156.6523 228.3238 1.4205 1.5544 3.9285 16.3858 1.4964 24.1073 -1.6377 0.8283
Car -1 -1 0.9435 1099.3765 183.0793 1224.0000 228.8133 1.4369 1.6062 4.0100 19.2413 1.5351 24.4697 1.6050 0.7233
Car -1 -1 -2.0880 960.7737 180.5242 1067.0510 227.4385 1.4839 1.5805 3.5217 13.7929 1.4863 24.1233 -1.5727 0.6770
Car -1 -1 -1.5866 602.9925 174.6520 634.1808 203.1274 1.4233 1.5590 3.6777 0.6717 1.1324 37.1783 -1.5669 0.6762
Car -1 -1 -1.5708 531.8552 175.6532 569.7044 211.0012 1.4516 1.5530 3.5969 -2.3863 1.2541 30.8824 -1.6455 0.5553
Car -1 -1 -2.3612 355.8007 162.2357 555.3163 255.2626 1.7400 1.7370 4.1354 -3.2820 1.4000 15.0697 -2.5695 0.1139
