Pedestrian -1 -1 2.9416 314.8438 185.4158 396.7199 349.7969 1.6565 0.6089 0.7281 -2.8031 1.8002 7.7845 2.6056 0.1979
Cyclist -1 -1 0.5010 252.6770 178.8765 427.5704 346.0359 1.7045 0.5049 1.7354 -2.9439 1.7728 7.7599 0.1485 0.1108
Car -1 -1 -1.7727 710.8428 179.6627 901.4799 316.6179 1.4848 1.6310 4.2144 2.4278 1.6011 10.1580 -1.5459 0.8963
Car -1 -1 -1.7344 663.2147 177.8721 741.9147 238.8442 1.4921 1.5486 3.5358 2.3923 1.6424 19.7529 -1.6165 0.8369
Car -1 -1 -1.5304 574.9880 178.5747 611.5975 212.1981 1.5398 1.6563 3.8787 -0.8150 1.8384 35.6580 -1.5536 0.7445
Car -1 -1 -2.8980 405.9323 187.0067 489.1743 216.3824 1.4877 1.6738 4.0234 -8.6086 2.2562 38.2745 -3.1183 0.7373
Car -1 -1 -2.0720 806.7123 182.6808 1242.0000 375.0000 1.4794 1.6344 4.0732 2.5615 1.5688 4.4874 -1.5823 0.7201
Car -1 -1 -1.7159 639.2397 179.2107 698.6049 225.5068 1.4583 1.5342 3.5573 1.9310 1.6955 25.0554 -1.6406 0.6958
Car -1 -1 -2.9265 450.4472 183.6843 516.9487 209.4333 1.5630 1.6934 3.8592 -7.9623 2.2603 45.5021 -3.0993 0.4240
Car -1 -1 -1.5317 633.5540 175.5070 665.9771 207.2166 1.6248 1.6216 3.6570 2.1628 1.7762 39.1819 -1.4775 0.2473
Car -1 -1 1.7496 625.4800 177.0678 658.8850 200.6076 1.4693 1.5616 3.8127 2.1403 1.7607 47.7944 1.7936 0.1189
