Pedestrian -1 -1 1.4576 769.0671 157.9900 821.1052 280.1565 1.8067 0.6648 0.9528 2.9186 1.4366 10.9689 1.7117 0.8853
Pedestrian -1 -1 0.7226 666.1693 168.9566 729.0593 280.4243 1.6574 0.5404 0.8143 1.4222 1.4484 10.9914 0.8488 0.8484
Pedestrian -1 -1 1.1958 439.2846 167.3833 473.2636 235.1500 1.7303 0.6087 0.8428 -3.8905 1.3302 18.5677 0.9942 0.8135
Pedestrian -1 -1 1.4798 540.6414 164.7993 568.1481 233.9892 1.7582 0.6374 0.8881 -1.3083 1.2943 18.4507 1.4117 0.7543
Pedestrian -1 -1 0.9004 1107.0653 158.2077 1226.0000 369.9932 1.7878 0.6126 0.8939 5.1554 1.5790 6.4145 1.5546 0.7445
Pedestrian -1 -1 0.7323 699.2432 166.2791 760.2819 272.2192 1.7080 0.5619 0.8535 2.0857 1.4381 11.9027 0.9025 0.7363
Pedestrian -1 -1 1.0896 516.5709 167.2690 554.8537 239.5334 1.7046 0.6077 0.8384 -1.6754 1.3324 17.1901 0.9957 0.6773
Pedestrian -1 -1 0.7795 680.0436 169.3704 730.4904 256.1688 1.6580 0.5859 0.8098 1.9815 1.3969 13.9996 0.9183 0.5670
Pedestrian -1 -1 1.4604 381.9984 171.7759 403.6580 228.0529 1.6204 0.5277 0.8143 -6.2259 1.2955 20.8306 1.1758 0.5268
Pedestrian -1 -1 1.2406 362.2239 167.7439 386.5774 218.4005 1.6993 0.6016 0.6941 -7.8412 1.1853 24.1715 0.9325 0.2945
Cyclist -1 -1 1.0058 569.1586 167.4649 619.2873 229.4821 1.7322 0.5346 1.8901 -0.3081 1.2966 20.6809 0.9927 0.4767
Car -1 -1 -2.0444 947.0409 182.7428 1034.7466 222.6959 1.4756 1.5796 3.5226 15.1738 1.4634 27.8864 -1.5493 0.7283
Car -1 -1 0.9363 594.8605 167.1390 695.8195 219.6068 1.7790 1.6690 3.9900 1.4562 1.2389 26.0952 0.9930 0.4319
Car -1 -1 1.0211 1000.6476 185.7486 1115.3958 225.0326 1.3916 1.6590 4.4364 17.5476 1.5043 27.5707 1.5842 0.3890
Car -1 -1 -2.1693 1079.3882 184.3507 1193.3983 224.2162 1.4333 1.6020 3.8981 20.5862 1.4865 27.5189 -1.5310 0.3165
