Car -1 -1 0.3175 52.2447 189.4122 217.6405 244.6732 1.4919 1.6336 3.7969 -14.0652 2.0152 21.5105 -0.2562 0.8599
Car -1 -1 -1.5363 616.5408 180.1530 710.1326 270.6057 1.4590 1.5537 3.3894 1.0078 1.6158 13.6881 -1.4655 0.8521
Car -1 -1 1.7668 457.4474 177.6523 564.0536 256.3749 1.5061 1.6101 3.8082 -2.1138 1.6258 15.9923 1.6367 0.8451
Car -1 -1 -1.7361 766.4744 181.0448 974.0001 335.3449 1.4782 1.6731 4.3101 3.0126 1.6108 9.3964 -1.4361 0.8247
Car -1 -1 -1.9078 859.9975 196.2986 1242.0000 375.0000 1.3955 1.4718 3.4653 2.7006 1.6104 4.7778 -1.4206 0.7985
Car -1 -1 -1.3332 663.4094 169.0405 749.4485 231.8824 1.7339 1.6850 4.1832 3.0137 1.6290 22.1602 -1.2005 0.7624
Car -1 -1 1.4669 807.2988 166.3041 849.3755 199.3712 1.5642 1.6271 3.6157 10.8172 1.2547 36.0554 1.7557 0.5534
Car -1 -1 1.5036 317.7082 180.8830 351.7441 209.3547 1.4659 1.5327 3.6316 -15.4153 1.9359 40.2287 1.1395 0.2208
Car -1 -1 -1.5305 749.1076 172.0658 773.8036 192.9972 1.4773 1.6228 4.1119 11.1530 1.4221 53.1147 -1.3250 0.1858
Car -1 -1 1.8183 643.8494 174.4597 678.2930 195.7887 1.5023 1.6131 3.9906 3.7840 1.6260 53.2888 1.8884 0.1820
