Car -1 -1 2.1017 323.4226 190.9652 433.5779 240.7710 1.4001 1.6183 4.1253 -7.6281 2.0597 24.0667 1.7974 0.8169
Car -1 -1 1.2776 638.0121 179.4130 731.8875 231.7267 1.4616 1.7411 4.4445 2.2232 1.6933 23.0966 1.3716 0.7600
Car -1 -1 1.0691 695.6579 176.8894 800.1470 222.6541 1.4270 1.6877 4.3214 4.6473 1.5814 25.2206 1.2486 0.6866
Car -1 -1 -1.9236 0.0000 191.4294 133.7571 281.5261 1.6663 1.7442 4.2417 -12.6026 2.1258 15.9721 -2.5837 0.6067
Car -1 -1 1.7186 457.2971 189.4288 525.8976 242.9548 1.4119 1.5334 3.6818 -3.5731 1.9607 22.0248 1.5589 0.5785
Car -1 -1 2.1018 278.8753 192.6020 379.1056 237.7865 1.3798 1.5726 3.9169 -10.0047 2.1454 25.8942 1.7361 0.5688
Car -1 -1 1.8941 592.6133 188.4243 654.3314 222.9040 1.4400 1.6464 4.4083 0.6845 2.2380 34.6090 1.9129 0.5121
Car -1 -1 2.1697 235.4713 193.1331 334.6927 236.6617 1.4192 1.5568 3.7956 -12.2640 2.2461 27.3996 1.7520 0.5038
Car -1 -1 1.1152 762.6125 174.2711 847.5171 216.7166 1.4436 1.5278 3.7054 7.0600 1.5001 26.6353 1.3711 0.3712
Car -1 -1 2.1466 187.0601 192.2457 290.7617 234.7276 1.4604 1.6285 4.2821 -14.8319 2.3008 29.0395 1.6777 0.2693
Car -1 -1 1.3914 500.2088 190.4266 545.9075 223.8580 1.5220 1.6443 4.0155 -4.5824 2.4830 37.2798 1.2693 0.2598
Car -1 -1 0.7694 806.5703 170.8833 910.6335 207.8290 1.4981 1.6924 4.3327 10.7261 1.4185 31.5676 1.0937 0.1897
