Car -1 -1 -1.9000 704.2100 184.7453 920.7206 324.2181 1.4718 1.5955 3.8328 2.4592 1.6686 9.9326 -1.6655 0.9097
Car -1 -1 -1.7329 653.7872 181.7569 762.6618 265.2843 1.4613 1.5783 3.8951 1.8504 1.6715 15.0220 -1.6138 0.8641
Car -1 -1 -1.8274 624.7963 180.2464 718.9631 239.9322 1.4780 1.6281 4.2112 1.5969 1.7125 20.6324 -1.7521 0.7679
Car -1 -1 3.2864 0.0000 167.5025 206.2174 375.0000 1.6665 1.7074 4.1025 -5.7420 1.6377 5.8008 2.5290 0.6340
Car -1 -1 3.0892 0.0000 180.0823 350.3397 338.9972 1.5415 1.6653 3.9379 -5.5211 1.6495 8.9492 2.5492 0.6065
Car -1 -1 2.8733 164.8878 181.7266 417.6251 270.2387 1.4560 1.6299 4.2897 -6.2191 1.6558 14.2377 2.4678 0.4613
Car -1 -1 2.7904 290.7193 183.4987 440.4061 242.1005 1.4131 1.5189 3.5733 -6.6771 1.7297 19.7255 2.4675 0.4234
Car -1 -1 -1.3721 450.8603 180.1423 482.8470 201.9773 1.4782 1.5910 3.5007 -10.2603 2.0192 51.7679 -1.5671 0.3316
Car -1 -1 -1.6410 555.5023 175.6457 596.5458 213.6503 1.6214 1.6132 3.5586 -1.6374 1.7563 32.9167 -1.6908 0.2976
Car -1 -1 0.4963 69.0558 184.2904 359.6674 287.4915 1.4853 1.5946 3.7166 -6.1384 1.6791 11.3808 0.0109 0.2413
