Pedestrian -1 -1 -2.8301 818.4251 157.3476 864.3777 240.0137 1.7578 0.5933 0.8199 5.0238 1.4284 15.8180 -2.5286 0.1703
Pedestrian -1 -1 0.2817 425.5287 167.4453 458.6599 233.5957 1.8889 0.5951 0.8021 -4.9093 1.7348 20.9188 0.0534 0.1655
Pedestrian -1 -1 2.3657 430.3827 171.5681 465.5896 237.7203 1.7780 0.6174 0.7193 -4.5045 1.7438 19.8604 2.1448 0.1504
Pedestrian -1 -1 -1.2447 1051.2168 141.1312 1097.0781 226.4512 1.8267 0.6403 0.7855 10.2064 1.1479 15.9414 -0.6838 0.1337
Pedestrian -1 -1 3.0159 414.2546 169.0715 444.6550 236.8152 1.8569 0.6128 0.7547 -5.1053 1.7536 20.1978 2.7708 0.1153
Pedestrian -1 -1 0.5734 640.7771 175.2758 656.2745 205.6186 1.7243 0.5725 0.6903 2.1821 1.8655 41.5047 0.6250 0.1136
Pedestrian -1 -1 -0.1022 619.9077 175.8876 634.3918 207.1254 1.6790 0.6486 0.7230 0.8929 1.8457 39.2005 -0.0801 0.1083
Pedestrian -1 -1 1.3088 0.0000 180.4463 31.5839 327.0480 1.7211 0.5468 0.7850 -7.7195 1.8206 8.9642 0.6124 0.1034
Cyclist -1 -1 1.5409 989.9252 152.5435 1017.7789 226.1350 1.6786 0.5174 1.7383 9.4049 1.2157 17.3488 2.0302 0.1488
Car -1 -1 1.9215 296.5172 181.8582 424.3221 259.7319 1.5713 1.6120 3.7420 -5.7278 1.8060 16.8863 1.5986 0.8239
Car -1 -1 -1.3884 481.7212 178.2783 528.9465 211.5958 1.5222 1.6116 3.9776 -5.1443 1.8057 35.6390 -1.5312 0.6840
Car -1 -1 1.8056 419.5415 182.8590 493.0750 230.1620 1.4593 1.6026 4.0354 -5.3026 1.8369 25.1595 1.5994 0.6619
Car -1 -1 1.7872 501.9409 178.4603 543.6597 206.9326 1.5010 1.5502 3.8602 -4.9146 1.8340 40.8162 1.6676 0.2927
Car -1 -1 -1.4398 830.7703 162.6269 917.5594 231.3332 1.5196 1.5894 3.5357 6.5748 1.2938 17.8913 -1.0934 0.1676
