Pedestrian -1 -1 -0.4021 1144.2329 165.1426 1224.0000 271.4605 1.7563 0.5863 0.9010 9.8335 1.5042 12.0774 0.2700 0.8437
Cyclist -1 -1 -1.3125 420.6138 159.3179 498.5736 305.3926 1.7922 0.5671 1.8805 -1.9779 1.5340 9.6263 -1.5070 0.7226
Cyclist -1 -1 -3.1042 794.3310 171.8213 842.3574 217.0042 1.7412 0.5431 1.7893 8.3607 1.4082 27.7875 -2.8135 0.1481
Cyclist -1 -1 1.8855 416.8675 169.1725 437.9275 202.7897 1.7593 0.5483 1.8449 -9.5282 1.1679 37.9363 1.6431 0.1341
Car -1 -1 1.0472 984.5605 182.9292 1073.6620 217.0970 1.4614 1.6477 4.1538 19.4184 1.5821 32.6172 1.5814 0.5571
Car -1 -1 -2.3209 1116.4615 183.7136 1224.0000 217.2161 1.4155 1.6213 4.3480 26.0181 1.5750 32.5271 -1.6495 0.5502
Car -1 -1 -2.1169 928.5607 182.2809 1008.9376 215.7391 1.4224 1.5390 3.6955 16.4261 1.5097 32.1571 -1.6471 0.5349
Car -1 -1 -2.0222 875.4739 180.4056 948.0244 215.1049 1.4961 1.6152 3.6060 13.9150 1.4935 32.3197 -1.6177 0.4985
Car -1 -1 -1.5431 606.9421 175.8277 632.2573 199.4086 1.4496 1.5221 3.3722 0.9608 1.1638 45.1835 -1.5204 0.4841
Car -1 -1 -1.3994 370.0250 188.1887 534.9644 325.4933 1.4440 1.4911 3.5564 -1.8726 1.5676 9.4217 -1.5875 0.1042
