Pedestrian -1 -1 -1.2653 528.6114 161.6698 562.8354 231.4396 1.7851 0.6519 0.9165 -1.5873 1.3049 18.6039 -1.3472 0.6530
Pedestrian -1 -1 -1.8025 314.3221 160.1119 348.5282 238.6564 1.7903 0.5576 0.9268 -6.4889 1.3272 16.6508 -2.1658 0.6228
Pedestrian -1 -1 0.8824 361.5605 160.4306 406.4101 235.7884 1.8247 0.5758 0.9832 -5.5499 1.3403 17.6266 0.5843 0.6130
Pedestrian -1 -1 -2.1221 342.2232 160.5337 384.1783 238.8306 1.8221 0.5274 0.9659 -5.8436 1.3590 16.9607 -2.4463 0.4937
Pedestrian -1 -1 -1.9172 701.4222 167.5570 728.4676 221.9586 1.7194 0.5964 0.8838 3.5133 1.3119 22.8332 -1.7649 0.4169
Cyclist -1 -1 -1.2705 482.6554 157.7541 551.8630 283.3639 1.7971 0.5527 1.8309 -1.3777 1.4733 11.0610 -1.3892 0.8366
Car -1 -1 -2.2552 1027.2451 182.6145 1155.0900 228.0875 1.4115 1.5310 3.7594 16.3575 1.4908 24.0636 -1.6628 0.8443
Car -1 -1 -2.0813 962.3438 181.1251 1067.4601 227.2243 1.4563 1.5736 3.4928 13.8318 1.4807 24.1285 -1.5649 0.7809
Car -1 -1 0.9322 1099.4084 183.0371 1224.0000 228.8497 1.4404 1.5974 3.9856 19.2382 1.5369 24.4579 1.5939 0.7081
Car -1 -1 -1.5600 602.9282 175.0314 633.8613 203.1867 1.4069 1.5465 3.5643 0.7108 1.1350 37.1305 -1.5393 0.6106
Car -1 -1 -1.4886 557.7940 172.2207 580.2088 190.2097 1.4731 1.5848 3.7628 -2.9985 0.7964 59.8035 -1.5367 0.2569
