Car -1 -1 1.7680 463.7682 180.9060 538.6076 228.7005 1.4569 1.7321 4.3335 -3.6968 1.7603 24.9439 1.6218 0.8714
Car -1 -1 2.0985 0.0000 200.1231 320.2375 375.0000 1.4138 1.6396 4.2301 -3.5715 1.6828 4.9357 1.4969 0.7877
Car -1 -1 1.2613 777.7636 159.4143 886.3325 222.8229 1.5701 1.6665 4.0298 5.9268 1.2377 19.8985 1.5463 0.7875
Car -1 -1 -1.5305 568.9197 178.1188 648.3900 253.7558 1.4635 1.5690 3.4314 -0.0134 1.5930 15.9459 -1.5323 0.7773
Car -1 -1 -1.6966 656.2802 170.4152 700.9914 203.5753 1.5861 1.7139 4.3472 3.3887 1.4698 36.7123 -1.6058 0.6910
Car -1 -1 1.6167 529.5780 179.1140 562.9034 208.1364 1.4432 1.6011 4.1724 -3.4255 1.7995 38.9075 1.5290 0.5439
Car -1 -1 0.1898 1140.4326 133.0029 1242.0000 298.6280 1.5639 1.6614 3.9645 9.1659 1.1879 8.9160 0.9725 0.4186
Car -1 -1 -1.0512 1045.4352 139.1729 1242.0000 244.1399 1.6986 1.7487 4.4356 10.3487 1.1539 13.3465 -0.4024 0.3530
Car -1 -1 1.7035 554.7229 175.6127 582.6877 196.7188 1.4798 1.5641 3.8177 -3.0287 1.6906 53.0619 1.6464 0.2635
Car -1 -1 2.5793 994.0096 151.5556 1122.0729 190.9108 1.5405 1.6598 4.1469 17.9580 0.7072 29.0995 3.1276 0.2259
