Pedestrian -1 -1 0.4353 259.9173 160.9399 376.3303 345.5643 1.7544 0.5926 0.9080 -2.8870 1.5702 7.0381 0.0633 0.8259
Pedestrian -1 -1 3.6033 105.8633 156.1804 261.3878 370.0000 1.7274 0.5834 0.9337 -3.4789 1.5403 5.8020 3.0886 0.7969
Pedestrian -1 -1 1.3596 465.5836 164.3112 492.5792 225.3581 1.8359 0.6564 0.8492 -3.9161 1.3506 21.7748 1.1860 0.7134
Pedestrian -1 -1 -0.9381 285.0233 162.7029 323.9958 228.0741 1.7620 0.6061 0.8475 -8.3302 1.2839 19.5354 -1.3335 0.3919
Pedestrian -1 -1 1.3143 371.2428 165.2805 392.5033 212.5522 1.7805 0.5825 0.8569 -8.5956 1.2087 27.1431 1.0128 0.3682
Pedestrian -1 -1 1.3724 389.9358 165.4792 408.8758 211.7806 1.7984 0.5492 0.9354 -8.1711 1.2165 27.9997 1.0933 0.2867
Pedestrian -1 -1 1.4159 401.2382 167.5864 421.7247 218.1247 1.7459 0.5792 0.8182 -6.8516 1.3013 24.9122 1.1526 0.2571
Car -1 -1 0.9422 919.8209 182.3391 1013.4952 215.6832 1.4134 1.6213 4.2438 16.4442 1.5050 32.4340 1.4090 0.6452
Car -1 -1 -2.0179 874.9068 180.7607 947.6572 214.9417 1.4732 1.6165 3.6571 13.9085 1.4873 32.3580 -1.6140 0.5421
Car -1 -1 -2.2192 1120.0131 183.4586 1224.0000 217.8100 1.4619 1.6077 4.0521 25.8942 1.6078 32.4793 -1.5494 0.5162
Car -1 -1 1.1600 992.3636 181.7653 1072.9281 216.8622 1.5008 1.6520 4.0896 19.5300 1.5643 32.5161 1.6980 0.4951
Car -1 -1 -1.5673 607.5729 175.6320 632.5928 199.0144 1.4394 1.5405 3.5107 0.9712 1.1411 45.2944 -1.5443 0.4630
