Pedestrian -1 -1 1.5785 1028.7188 151.7032 1066.7952 244.5687 1.8368 0.6513 0.9708 8.9546 1.4188 14.8522 2.1118 0.8263
Pedestrian -1 -1 1.4295 967.7859 157.1672 1008.7501 247.1428 1.7817 0.6037 0.9774 7.7176 1.4715 14.8455 1.9002 0.7747
Pedestrian -1 -1 -1.1119 812.8055 168.0748 836.3702 211.0964 1.7338 0.5906 0.9031 8.7669 1.5416 29.6084 -0.8273 0.4661
Pedestrian -1 -1 1.3204 67.6830 189.1971 97.1652 247.7871 1.6151 0.5413 0.6240 -15.0542 2.0895 20.5216 0.6934 0.1766
Pedestrian -1 -1 -0.7423 796.6434 167.6502 834.3609 228.0651 1.6607 0.6399 0.7984 5.7316 1.5180 20.2975 -0.4715 0.1427
Pedestrian -1 -1 -2.5837 720.6169 172.7238 738.0077 204.6984 1.8018 0.6263 0.7628 6.7688 1.7948 41.1425 -2.4223 0.1047
Cyclist -1 -1 1.9707 234.9893 174.3661 338.3348 320.3324 1.7173 0.5495 1.8269 -4.2117 1.7393 9.4215 1.5600 0.6801
Cyclist -1 -1 -1.9824 789.6587 166.7884 836.0069 232.2284 1.7733 0.5604 1.8553 5.6903 1.6093 20.5080 -1.7162 0.6540
Car -1 -1 -1.9291 684.7736 173.6059 736.9721 204.8545 1.7510 1.7174 4.1024 5.8741 1.7982 42.7239 -1.7939 0.1382
Car -1 -1 1.7973 476.1831 183.4001 524.3627 216.0602 1.4768 1.5690 3.6963 -5.4162 2.0276 35.7543 1.6475 0.1184
Car -1 -1 -0.6235 0.0000 205.3031 104.8861 355.5728 1.4010 1.6038 4.1645 -9.4777 1.9443 9.8720 -1.3751 0.1054
Car -1 -1 -3.2274 911.4442 157.9594 1177.3877 249.3259 1.6766 1.7009 4.5046 8.6682 1.4036 14.9505 -2.7110 0.1037
