Pedestrian -1 -1 -0.7289 128.5967 164.0593 240.3232 330.5859 1.7182 0.6353 0.8533 -4.7197 1.6278 7.9467 -1.2508 0.6663
Pedestrian -1 -1 -0.8607 210.3111 156.1458 319.0096 332.5722 1.8170 0.6267 0.9272 -3.8384 1.6453 7.9592 -1.2979 0.6306
Car -1 -1 -1.7447 669.1746 180.2721 733.7164 225.1984 1.3943 1.5438 3.8896 3.0431 1.6724 25.0300 -1.6258 0.8944
Car -1 -1 -2.1064 834.4225 185.7256 1242.0000 375.0000 1.4496 1.6042 4.1127 2.8807 1.5710 4.7134 -1.5863 0.7505
Car -1 -1 -1.6659 645.9333 178.3996 684.9894 210.1019 1.4568 1.5772 3.5284 2.6480 1.7441 35.5575 -1.5927 0.5589
Car -1 -1 -1.6886 655.4867 180.1980 703.5803 217.0175 1.4082 1.5601 3.7130 2.8098 1.7352 30.2180 -1.5974 0.5305
Car -1 -1 -1.5855 572.4480 177.8659 598.6445 202.2309 1.4769 1.6189 3.9575 -1.6431 1.8149 46.5816 -1.6211 0.5204
Car -1 -1 -0.9764 48.7658 192.4525 232.8097 263.1544 1.4620 1.6943 4.4608 -11.7517 2.0242 18.4257 -1.5379 0.3734
Car -1 -1 -1.6879 629.0731 177.8660 662.9723 202.4911 1.4727 1.6742 4.2121 2.2263 1.8089 46.1857 -1.6405 0.2896
Car -1 -1 2.2997 0.0000 195.3874 137.7388 263.8453 1.5345 1.6863 4.3603 -15.4455 2.2257 19.8802 1.6455 0.1427
Car -1 -1 -1.4588 616.2294 178.0751 642.4452 198.4772 1.4422 1.5607 3.6835 1.4495 1.8467 53.9218 -1.4326 0.1167
