Car -1 -1 -1.8714 697.7661 188.9789 818.7397 268.0952 1.4419 1.5402 3.6291 3.0547 1.8378 15.8084 -1.6851 0.9075
Car -1 -1 3.5172 36.0420 180.4050 387.4221 289.5775 1.4586 1.6637 4.3148 -5.7795 1.5834 10.8358 3.0369 0.8273
Car -1 -1 -1.7631 671.0891 184.3882 756.2849 242.7007 1.4494 1.6300 4.2051 2.8399 1.8187 20.9291 -1.6310 0.6885
Car -1 -1 3.2313 292.5158 182.1320 460.4000 244.0668 1.4512 1.5776 3.9339 -5.8931 1.7042 18.4526 2.9258 0.6673
Car -1 -1 3.4379 219.5134 180.0798 433.4378 255.9752 1.4844 1.6101 3.8983 -5.8946 1.6466 15.2226 3.0738 0.6435
Car -1 -1 3.3028 309.9486 177.9559 463.2564 234.1837 1.5612 1.6708 4.1107 -6.5352 1.7202 21.3314 3.0085 0.5975
Car -1 -1 1.6918 437.7988 182.6146 490.6417 220.9279 1.4290 1.6503 4.3931 -6.0833 1.8699 30.3105 1.4949 0.2763
Car -1 -1 3.5844 0.0000 176.1117 281.1121 354.8735 1.6197 1.6949 3.8888 -5.8969 1.6606 7.7774 2.9518 0.2507
Car -1 -1 -2.8758 416.6757 178.6957 503.1489 212.9659 1.5750 1.6383 3.7387 -7.1547 1.8615 34.4085 -3.0798 0.2485
Car -1 -1 3.8279 0.0000 155.3962 235.9337 375.0000 1.7748 1.7865 4.1670 -5.4221 1.6692 5.4229 3.0670 0.2484
Car -1 -1 -2.8399 349.3361 180.4782 476.4641 226.5087 1.4680 1.6215 3.8003 -6.5870 1.7333 24.1837 -3.1035 0.1654
