Car -1 -1 -2.8043 373.9516 186.9505 484.6644 223.4345 1.4203 1.6471 4.1368 -7.4778 2.0244 29.8833 -3.0479 0.8889
Car -1 -1 -1.8524 737.7309 173.2981 912.3130 291.4185 1.4996 1.5518 3.4234 2.9905 1.5077 10.8987 -1.5925 0.8527
Car -1 -1 -1.7349 688.5334 177.0541 782.0611 249.9811 1.4438 1.4813 3.4607 2.6548 1.5487 16.2168 -1.5764 0.8092
Car -1 -1 -1.5620 599.5895 175.3681 634.0884 208.5506 1.5626 1.6390 3.7844 0.3177 1.6956 36.1698 -1.5539 0.7602
Car -1 -1 -2.9396 431.1638 180.8681 520.8411 211.4276 1.5116 1.7167 4.2714 -6.8693 1.9336 37.0595 -3.1221 0.7392
Car -1 -1 -1.6282 663.7626 167.4498 708.4064 212.3933 1.7976 1.6586 3.8249 3.1472 1.5818 30.8031 -1.5279 0.4504
Car -1 -1 -2.4233 0.0000 0.0000 1242.0000 375.0000 1.4411 1.5905 3.8424 2.5723 1.5348 1.5263 -1.4698 0.3220
Car -1 -1 -2.7962 477.2981 180.3533 538.6098 204.5915 1.5250 1.6204 3.6453 -6.7000 2.0289 47.2786 -2.9367 0.2662
Car -1 -1 0.1577 455.1219 179.7668 527.8776 205.3404 1.4554 1.6459 4.0048 -6.9465 1.8695 42.3423 -0.0043 0.1467
Car -1 -1 -1.5112 656.3869 175.1298 689.4643 203.0246 1.4342 1.5791 3.9052 3.4487 1.5655 39.4743 -1.4252 0.1213
