Car -1 -1 -1.7305 686.8354 176.1434 795.9770 257.0537 1.4872 1.6129 4.0364 2.6101 1.5672 15.4451 -1.5671 0.8378
Car -1 -1 -1.8300 716.7886 174.2456 947.2301 332.5105 1.5799 1.6592 4.2072 2.4879 1.6023 9.3472 -1.5789 0.8378
Car -1 -1 -1.6632 648.8812 170.8671 699.6966 213.3560 1.6875 1.7471 4.3211 2.6296 1.6089 30.8216 -1.5795 0.7235
Car -1 -1 -2.0802 838.1237 186.5029 1242.0000 375.0000 1.4578 1.5863 3.8402 2.4640 1.5658 3.7379 -1.5339 0.5923
Car -1 -1 -1.6764 668.0950 178.2672 738.6360 236.1606 1.4473 1.5535 3.5915 2.4757 1.6126 20.1796 -1.5569 0.5878
Car -1 -1 2.5877 231.0482 189.9480 473.8679 287.2661 1.4242 1.5869 3.9699 -4.6302 1.7883 13.3102 2.2584 0.5714
Car -1 -1 -1.9623 435.8546 180.2766 516.0461 222.2343 1.4244 1.5933 3.9376 -5.1855 1.7272 27.3135 -2.1487 0.5675
Car -1 -1 2.2324 0.0000 201.5259 192.0001 279.6171 1.3651 1.5298 3.8414 -11.2814 2.0796 16.0094 1.6261 0.5425
Car -1 -1 -2.9058 472.6365 178.8791 566.8991 212.5852 1.4571 1.6458 3.9515 -4.0779 1.7384 32.5988 -3.0297 0.3130
Car -1 -1 -1.3903 0.0000 0.0000 65.1360 375.0000 1.6266 1.7183 4.0079 -3.3049 1.3242 2.8350 -2.2062 0.1533
