Car -1 -1 -1.6053 654.8007 174.7531 714.6536 234.0108 1.6838 1.7012 4.1271 2.2225 1.7496 22.7463 -1.5100 0.8814
Car -1 -1 2.0522 240.8844 176.2262 329.4606 215.3010 1.4605 1.6202 3.9676 -13.1371 1.6075 29.3483 1.6344 0.7890
Car -1 -1 -1.1889 685.8474 180.0359 751.0585 214.3710 1.4717 1.6298 4.1180 5.1379 1.8326 34.0293 -1.0409 0.6191
Car -1 -1 2.0881 372.2401 172.7198 433.7426 200.2508 1.5453 1.6566 4.1566 -12.2109 1.5381 42.7117 1.8110 0.4376
Car -1 -1 2.7839 698.4625 178.2641 772.2217 203.7639 1.5250 1.6974 4.1922 7.7444 1.8712 44.8949 2.9531 0.3489
Car -1 -1 -1.3937 554.0741 176.0018 579.7846 193.7202 1.4823 1.5977 3.8161 -3.7534 1.7665 63.0566 -1.4533 0.2633
Car -1 -1 2.4645 907.2552 177.9307 981.9521 202.5119 1.5276 1.6683 4.2951 21.6212 1.8661 46.7204 2.8951 0.1620
Car -1 -1 2.1752 1097.1145 180.1811 1184.4369 211.2977 1.5432 1.6580 4.1282 27.8650 1.9436 37.9351 2.8046 0.1472
Car -1 -1 -1.6411 636.0297 176.8618 654.8933 192.8779 1.4892 1.5667 3.6195 3.3914 1.8876 69.8288 -1.5932 0.1287
Car -1 -1 1.1975 961.3177 180.4936 1019.8673 209.6619 1.4534 1.5410 3.6606 20.3791 1.8852 38.8472 1.6771 0.1276
