Car -1 -1 -1.8964 799.2404 193.1788 1146.3615 375.0000 1.4583 1.5536 3.5539 2.8160 1.6954 6.5799 -1.5095 0.8864
Car -1 -1 -1.7178 703.2805 187.0568 787.0981 250.5867 1.3724 1.5318 3.5506 3.2540 1.7660 18.1814 -1.5444 0.8861
Car -1 -1 1.7869 378.5299 192.6769 524.9470 302.0674 1.4199 1.5520 3.7582 -2.4822 1.8003 11.9383 1.5852 0.8490
Car -1 -1 -1.6615 680.0884 182.4495 738.5245 231.3936 1.4753 1.5979 3.7169 3.2337 1.8250 24.3747 -1.5319 0.7389
Car -1 -1 1.7243 459.0956 189.7862 547.3145 260.7068 1.4026 1.5011 3.6216 -2.4492 1.8436 16.9548 1.5821 0.6547
Car -1 -1 -1.8477 646.0463 180.2839 700.0845 211.5518 1.4460 1.6342 4.1832 3.0930 1.8463 36.6248 -1.7647 0.4534
Car -1 -1 1.7199 499.3224 186.7605 563.5568 239.7423 1.4170 1.4548 3.3302 -2.3562 1.8717 21.8786 1.6131 0.3775
Car -1 -1 -1.6978 674.0632 181.6284 724.4506 219.4538 1.4381 1.5968 3.8995 3.6389 1.8308 30.2957 -1.5801 0.3412
Car -1 -1 -0.5017 0.0000 0.0000 1242.0000 375.0000 1.4933 1.6387 3.9411 -2.9519 1.6680 1.8257 -1.4533 0.2924
Car -1 -1 1.7107 517.0000 185.4412 573.5244 228.0800 1.3894 1.5436 3.9777 -2.3660 1.8915 26.7321 1.6226 0.2833
