Car -1 -1 -2.0198 775.8897 177.9939 1129.9486 367.0615 1.4833 1.6330 4.2239 3.2211 1.5557 7.9448 -1.6486 0.8579
Car -1 -1 3.1485 0.0000 188.2722 347.5529 346.2015 1.3542 1.5296 3.6165 -5.0348 1.5609 8.0744 2.6052 0.7318
Car -1 -1 -1.6560 622.9561 167.7341 693.5083 233.4671 1.7052 1.6619 3.8401 1.2410 1.5728 20.6570 -1.5976 0.5055
Car -1 -1 -2.3457 990.6179 184.7856 1242.0000 375.0000 1.4780 1.5815 3.7619 2.7886 1.5466 2.1987 -1.5061 0.4895
Car -1 -1 -1.8267 376.2270 178.1427 410.8906 199.1329 1.4702 1.5566 3.7865 -16.1283 1.8781 53.5759 -2.1180 0.3477
Car -1 -1 -1.4820 323.2292 175.4824 351.5504 197.8532 1.5866 1.6306 3.9046 -20.2991 1.7904 53.7618 -1.8416 0.3108
Car -1 -1 1.2433 590.3283 176.2684 627.3715 196.1930 1.4288 1.6109 3.9505 -0.1548 1.6976 54.5991 1.2401 0.3102
Car -1 -1 1.6602 283.5518 180.8464 331.0481 217.9583 1.4118 1.5135 3.5356 -12.6418 1.7677 30.1826 1.2663 0.1824
Car -1 -1 -0.4146 892.5054 176.4432 1000.2930 211.5405 1.4461 1.6063 3.8387 14.2244 1.6035 30.7283 0.0148 0.1370
Car -1 -1 2.5363 0.0000 178.3488 221.1874 330.6743 1.4284 1.6015 4.2757 -7.3892 1.5163 9.2072 1.8739 0.1226
Car -1 -1 0.0210 489.9036 175.1528 563.4987 205.8776 1.6205 1.6895 3.8910 -4.5383 1.7491 39.2287 -0.0938 0.1014
