Car -1 -1 -1.8100 725.2967 179.2645 903.9427 300.2225 1.4898 1.6147 4.0844 2.8555 1.6074 11.1466 -1.5667 0.8581
Car -1 -1 -1.5361 590.9247 176.1034 624.5098 207.6436 1.5816 1.6625 4.1316 -0.1112 1.7656 38.7003 -1.5395 0.8138
Car -1 -1 -2.5495 37.7497 197.2710 310.9292 289.3725 1.4141 1.6148 3.8076 -7.4652 1.8685 12.4901 -3.0793 0.8109
Car -1 -1 0.3973 240.7202 184.1803 415.9396 246.1988 1.5208 1.6696 3.9411 -7.3391 1.8321 18.9139 0.0314 0.7503
Car -1 -1 3.5695 136.2888 193.1093 373.6933 267.9776 1.4119 1.6158 4.1049 -7.2472 1.8545 14.9062 3.1234 0.7108
Car -1 -1 3.3146 342.5205 181.2964 463.2616 224.7391 1.4972 1.6447 4.0027 -7.5038 1.8171 26.2853 3.0387 0.6482
Car -1 -1 -2.0153 828.6948 190.1845 1242.0000 375.0000 1.4715 1.6615 4.2025 2.8573 1.6444 5.0439 -1.5259 0.6297
Car -1 -1 0.1546 400.0752 177.4056 501.0182 213.6155 1.6247 1.7285 4.3778 -7.3995 1.8434 33.6176 -0.0608 0.5627
Car -1 -1 0.7671 0.0000 203.9702 146.6806 364.5766 1.4466 1.6212 3.8386 -7.4100 1.8138 7.6630 0.0158 0.4683
Car -1 -1 0.4004 316.6802 184.2757 443.9632 230.9612 1.4567 1.5691 3.7063 -7.6122 1.8512 23.9367 0.0952 0.2911
Car -1 -1 3.3091 394.4053 173.3047 448.4156 192.5257 1.5125 1.6204 3.9719 -15.0962 1.5496 57.8014 3.0545 0.2164
