Car -1 -1 -1.8476 738.5954 185.6454 963.4919 330.6439 1.4536 1.6228 4.1868 2.8590 1.6629 9.6936 -1.5703 0.9205
Car -1 -1 -1.7316 686.8448 179.8033 802.5890 262.8572 1.4618 1.6516 4.3528 2.6210 1.6300 15.2426 -1.5655 0.8772
Car -1 -1 -1.6952 665.5580 175.1310 726.9044 223.0465 1.4790 1.5711 3.7854 2.7856 1.5622 24.3513 -1.5833 0.7862
Car -1 -1 -1.5412 581.3274 169.5778 644.6693 232.2533 1.6728 1.6937 4.0576 0.0986 1.5857 21.3105 -1.5374 0.7773
Car -1 -1 2.0783 126.0807 170.5344 245.4955 218.2341 1.4549 1.6442 4.0606 -14.0165 1.3845 24.0484 1.5552 0.7770
Car -1 -1 -2.3326 973.6135 164.4100 1242.0000 375.0000 1.5389 1.5895 3.6099 2.7025 1.5346 2.2443 -1.5177 0.6127
Car -1 -1 -1.6691 655.6265 174.8200 702.3791 211.8511 1.4555 1.5889 3.6768 2.8066 1.5437 30.3974 -1.5785 0.2964
Car -1 -1 -1.6767 650.0599 173.6165 691.9274 204.7188 1.4759 1.6557 4.2017 2.9844 1.5170 36.4605 -1.5962 0.2185
Car -1 -1 1.8081 432.9562 173.9904 461.6789 192.9537 1.6054 1.6079 3.7940 -14.2388 1.7084 63.2222 1.5872 0.1979
Car -1 -1 2.3848 0.0000 173.0517 68.3928 252.6458 1.4440 1.6393 4.0075 -13.8620 1.4490 15.1616 1.6529 0.1846
