Pedestrian -1 -1 3.4581 47.3612 148.4698 139.9245 276.9083 1.7990 0.5610 0.9646 -7.4781 1.3520 10.3068 2.8470 0.6477
Pedestrian -1 -1 2.0296 635.4360 163.9411 664.8159 218.6961 1.6936 0.5776 0.9315 1.4047 1.1829 22.4115 2.0931 0.6326
Pedestrian -1 -1 0.0650 16.3197 146.9904 112.0477 290.2045 1.8032 0.5721 0.9689 -7.2081 1.3830 9.4001 -0.5710 0.6209
Pedestrian -1 -1 2.6705 500.0444 160.9053 539.0759 221.2117 1.8380 0.6222 1.0424 -2.7011 1.2423 22.0920 2.5523 0.4227
Pedestrian -1 -1 2.1122 658.1950 161.5802 687.9731 217.0857 1.7769 0.5890 0.9072 2.2051 1.1727 23.1692 2.2076 0.3738
Pedestrian -1 -1 1.8206 556.0540 160.4620 582.5717 219.5814 1.8449 0.6100 1.0381 -1.1651 1.2211 22.6288 1.7716 0.3415
Pedestrian -1 -1 1.6862 697.0736 160.0774 720.1776 218.2222 1.8291 0.6349 0.9346 3.3130 1.1882 22.7697 1.8305 0.2908
Pedestrian -1 -1 2.0324 570.4062 161.5823 601.8881 221.2191 1.8192 0.6308 0.9438 -0.6152 1.2437 22.1247 2.0068 0.2892
Pedestrian -1 -1 2.5051 629.6691 163.1946 662.0197 215.7449 1.7515 0.5855 0.9343 1.3613 1.1763 24.0620 2.5627 0.2642
Pedestrian -1 -1 2.8650 66.1539 134.4442 195.8510 370.0000 1.8058 0.6417 0.6551 -3.5501 1.4973 5.2149 2.2969 0.1916
Cyclist -1 -1 1.6109 56.5468 126.1177 169.9552 370.0000 1.7643 0.5432 1.8064 -3.5256 1.4444 5.0923 1.0359 0.3591
Car -1 -1 1.2749 0.0000 164.3291 223.7388 310.6016 1.5170 1.6406 4.1878 -6.8651 1.3509 9.2536 0.6549 0.1102
