Car -1 -1 1.7287 547.9703 192.2238 621.9854 250.2597 1.3688 1.5102 3.6780 -0.6598 1.9634 20.2146 1.6955 0.8730
Car -1 -1 1.9072 333.7638 199.2211 549.8051 340.1512 1.3911 1.5972 4.0321 -2.1050 1.8343 10.0111 1.7039 0.8621
Car -1 -1 -1.7437 767.9374 190.4029 879.7672 274.9770 1.4006 1.5198 3.4701 4.1061 1.7973 14.4939 -1.4740 0.8499
Car -1 -1 2.2072 0.0000 212.9701 409.2104 375.0000 1.4101 1.4922 3.5573 -2.7784 1.7732 4.6635 1.6934 0.8194
Car -1 -1 -1.6955 741.7660 186.4288 797.6613 231.3794 1.4383 1.5260 3.3641 5.6171 1.9583 25.8773 -1.4849 0.6806
Car -1 -1 1.6102 587.5344 190.2144 634.1213 235.4332 1.3784 1.4931 3.6687 0.0428 2.0321 25.2856 1.6109 0.4010
Car -1 -1 1.7366 593.1624 187.8540 642.3963 225.5301 1.3883 1.4800 3.5669 0.3371 2.0510 29.9719 1.7470 0.2530
Car -1 -1 -1.6930 730.6085 185.1826 776.8483 221.7522 1.4705 1.5747 3.5471 6.2890 2.0499 32.0643 -1.5018 0.2289
Car -1 -1 2.4707 1080.1340 197.2111 1242.0000 260.7495 1.4457 1.5619 4.0536 14.1021 2.0752 17.8323 3.1310 0.2049
Car -1 -1 -1.7685 1132.9639 205.6946 1242.0000 296.0624 1.5051 1.6122 3.4183 12.3363 2.2869 15.2765 -1.0996 0.1431
