Pedestrian -1 -1 2.3501 786.8400 161.2482 872.8492 315.9324 1.7557 0.5970 0.7958 2.6676 1.5090 8.4714 2.6456 0.6478
Cyclist -1 -1 -2.8414 742.8514 165.8177 907.4325 323.4822 1.7315 0.5782 1.7977 2.5941 1.5430 8.4979 -2.5544 0.2695
Car -1 -1 -0.1699 738.4574 166.8191 964.5294 252.4430 1.6699 1.7499 4.2607 5.0355 1.3536 14.9670 0.1497 0.8301
Car -1 -1 -1.5408 605.2473 176.6319 640.2866 208.0740 1.4254 1.5696 3.5004 0.9806 1.1331 33.8434 -1.5105 0.7910
Car -1 -1 2.0065 344.0284 179.6427 423.6481 215.2291 1.4413 1.6623 4.2528 -9.4661 1.3023 30.8553 1.7134 0.7453
Car -1 -1 -1.5721 668.2679 176.5188 702.5791 207.5284 1.4282 1.5737 3.9817 4.0232 1.1261 34.6285 -1.4559 0.6993
Car -1 -1 1.8868 432.7004 177.6953 479.3686 204.2444 1.4734 1.5625 3.7595 -8.5008 1.1744 41.1939 1.6865 0.5679
Car -1 -1 1.8975 394.2067 179.4627 454.2058 209.4397 1.4231 1.6580 4.2245 -8.9564 1.2514 35.7367 1.6558 0.5222
Car -1 -1 1.8839 463.1746 174.9331 504.6196 199.1318 1.5404 1.5817 3.9210 -7.8620 1.0213 47.0630 1.7213 0.4126
Car -1 -1 -0.5241 729.9916 170.1531 886.8557 230.0541 1.6288 1.6813 4.0852 5.9037 1.2779 20.5347 -0.2468 0.3569
Car -1 -1 1.9181 486.4594 175.7899 523.8099 196.7380 1.4780 1.5226 3.7518 -7.1164 0.9630 51.8788 1.7843 0.2630
Car -1 -1 -0.0769 716.9917 173.7012 833.5795 215.1572 1.4748 1.6211 4.0865 6.2897 1.1415 26.2678 0.1570 0.2034
