Car -1 -1 -1.8841 741.1899 183.8544 991.4963 348.7507 1.4704 1.5765 3.7213 2.6677 1.6299 8.5594 -1.5930 0.8958
Car -1 -1 2.7654 390.6229 186.2697 505.6919 228.6888 1.3975 1.5653 3.8298 -5.9720 1.9241 26.5793 2.5460 0.7966
Car -1 -1 -1.6316 630.1796 177.4983 672.8608 212.8575 1.4746 1.6617 4.2231 1.7834 1.6995 32.7627 -1.5783 0.7694
Car -1 -1 -1.7358 679.8025 181.8334 807.7372 274.6572 1.4651 1.6614 4.3196 2.3472 1.6662 13.9664 -1.5738 0.7491
Car -1 -1 3.1801 0.0000 195.5849 299.0961 375.0000 1.4601 1.6508 4.0891 -5.3936 1.7363 6.9089 2.5356 0.7482
Car -1 -1 3.0265 173.2499 195.2832 430.1308 291.2041 1.3494 1.5844 3.9112 -5.3440 1.7916 12.5643 2.6313 0.6262
Car -1 -1 2.8016 436.0587 182.3770 525.2714 215.0401 1.4923 1.6288 4.0281 -6.4129 1.9859 35.6605 2.6245 0.4905
Car -1 -1 2.6766 444.7411 180.1426 532.8171 212.0551 1.5706 1.6666 4.3295 -6.4427 1.9780 38.3483 2.5108 0.2444
Car -1 -1 1.8822 527.2517 177.9563 559.0891 196.1646 1.5014 1.6107 4.0088 -5.8008 1.9611 62.8194 1.7901 0.1402
Car -1 -1 -1.6187 619.3282 179.1145 647.1531 203.9043 1.4660 1.5668 3.7208 1.3976 1.8773 45.4877 -1.5887 0.1293
Car -1 -1 2.0809 0.0000 210.7910 77.7711 375.0000 1.4884 1.5623 3.8815 -3.8215 1.7538 2.9460 1.2106 0.1194
