Car -1 -1 1.9185 251.4496 189.0381 465.5979 311.2755 1.4581 1.7133 4.4073 -3.7164 1.7651 11.4319 1.6101 0.8756
Car -1 -1 -1.7205 669.4427 180.0051 739.8046 231.9844 1.4798 1.6179 4.0564 2.8931 1.7300 23.1524 -1.5985 0.8696
Car -1 -1 1.7916 382.5066 184.2173 501.8551 261.1039 1.4655 1.7156 4.4060 -3.7308 1.7621 16.6066 1.5732 0.7820
Car -1 -1 -1.5957 651.1100 181.3072 687.6565 214.3849 1.4303 1.6145 4.1470 2.7383 1.8584 34.3911 -1.5176 0.7369
Car -1 -1 -2.1761 822.1801 183.3471 1242.0000 375.0000 1.4841 1.6965 4.3086 2.6494 1.5728 3.8871 -1.6135 0.5762
Car -1 -1 1.7823 445.7858 186.3748 524.6968 242.6730 1.4498 1.5337 3.8203 -3.6542 1.8886 21.4537 1.6149 0.5609
Car -1 -1 1.7125 501.6047 184.8770 549.0385 220.3736 1.4254 1.5650 3.9659 -3.7702 1.9979 32.3309 1.5968 0.3624
Car -1 -1 1.8108 475.5179 185.2985 541.8432 229.4131 1.4527 1.5466 3.9915 -3.7456 1.9541 26.9864 1.6736 0.2633
Car -1 -1 1.6160 534.7971 183.2710 561.2461 208.1948 1.4409 1.4844 3.8312 -3.8862 2.1231 45.2794 1.5303 0.2203
Car -1 -1 1.4885 624.9787 177.9610 645.3570 194.7905 1.4812 1.5734 3.6897 2.2759 1.9658 66.5260 1.5222 0.1766
