Pedestrian -1 -1 1.7323 244.0701 158.4364 272.6454 223.8725 1.8541 0.6368 0.7033 -10.2106 1.4459 20.8691 1.2821 0.3922
Pedestrian -1 -1 1.8256 214.7272 156.5219 246.2947 222.0761 1.8382 0.6491 0.6726 -10.8904 1.3806 20.6305 1.3450 0.3071
Car -1 -1 -1.8476 746.4761 174.9317 975.0689 336.4107 1.6057 1.6317 3.6875 2.8066 1.6376 9.0739 -1.5581 0.8959
Car -1 -1 3.3537 349.8898 177.7685 491.3186 222.4361 1.4598 1.6947 4.4282 -6.4427 1.6350 24.7213 3.1009 0.8616
Car -1 -1 1.1048 948.0997 175.0583 1131.5773 263.8111 1.6773 1.6993 4.1775 9.1327 1.7326 15.8657 1.6184 0.6033
Car -1 -1 -2.9022 410.8004 177.2439 517.9923 216.2946 1.5376 1.6700 4.0195 -5.9463 1.7233 29.5329 -3.0996 0.5432
Car -1 -1 -1.7191 702.0475 156.8260 833.1750 270.2661 1.9241 1.8299 4.6149 2.9217 1.6526 14.5816 -1.5263 0.5294
Car -1 -1 -1.5854 600.0229 175.4256 626.9544 202.7594 1.6771 1.6668 3.8853 0.1608 1.8505 46.5890 -1.5824 0.4234
Car -1 -1 -1.6170 646.2929 177.6494 667.6973 195.8696 1.4836 1.6373 4.0528 3.9771 1.9087 61.8633 -1.5535 0.3244
Car -1 -1 1.3195 928.9242 180.3519 1006.5547 227.2447 1.5092 1.5444 3.8998 12.7092 1.8006 25.9436 1.7700 0.1167
Car -1 -1 1.6206 524.7371 178.4215 552.9814 201.9229 1.4402 1.6403 4.1549 -4.6563 1.8221 47.3297 1.5226 0.1094
