Pedestrian -1 -1 0.7911 963.1155 145.9388 1074.2246 311.2267 1.8002 0.6566 0.9172 4.7380 1.4255 8.2257 1.2989 0.8950
Pedestrian -1 -1 1.2353 450.6069 157.4151 496.3435 253.7989 1.8167 0.5973 0.9745 -2.6367 1.3832 13.8934 1.0537 0.8479
Pedestrian -1 -1 3.0567 488.7812 158.6602 540.9711 249.4773 1.8395 0.6367 1.0292 -1.9277 1.3988 14.7354 2.9312 0.8013
Pedestrian -1 -1 -1.9664 411.2016 156.8628 461.6857 259.2328 1.8508 0.5837 1.0162 -3.2381 1.4251 13.3612 -2.1970 0.7901
Pedestrian -1 -1 2.1190 1059.2030 128.5779 1224.0000 370.0000 1.8094 0.6632 0.8510 3.5216 1.5068 4.6110 2.7406 0.4372
Pedestrian -1 -1 2.8178 246.0732 160.7061 295.2704 262.0077 1.7119 0.6651 0.6033 -5.9077 1.3791 12.3925 2.3848 0.2682
Pedestrian -1 -1 2.7416 687.5244 164.6507 707.7964 201.9642 1.8683 0.5768 0.8605 4.6746 1.0761 35.7889 2.8720 0.2270
Cyclist -1 -1 1.6717 336.6120 157.4293 378.1752 258.2820 1.7858 0.5513 1.8637 -4.7386 1.3790 13.4851 1.3429 0.6118
Cyclist -1 -1 1.9368 224.3088 161.1048 300.3146 267.0146 1.6956 0.5514 1.8274 -5.9323 1.3867 12.2461 1.4977 0.4659
Car -1 -1 -2.0992 962.1305 181.2082 1065.3727 227.1830 1.4551 1.5365 3.3731 13.7959 1.4825 24.1209 -1.5838 0.7751
Car -1 -1 0.9386 1102.4368 183.2214 1224.0000 229.1922 1.4401 1.5664 3.8437 19.1784 1.5427 24.3187 1.6016 0.6699
Car -1 -1 -1.6748 599.3945 175.2939 635.6958 203.3230 1.3981 1.5353 3.6109 0.6021 1.1398 37.1274 -1.6570 0.6047
Car -1 -1 -2.2444 1026.0277 183.2577 1152.6462 229.4254 1.4333 1.5746 3.6949 16.3093 1.5361 24.0786 -1.6537 0.5088
