Car -1 -1 -1.8310 740.7571 185.8831 935.9352 319.4057 1.4553 1.5780 3.7488 2.8923 1.6722 10.1104 -1.5613 0.8552
Car -1 -1 -1.8371 703.3574 182.8555 821.4761 262.8526 1.4795 1.5666 3.5880 3.1148 1.7225 15.6511 -1.6453 0.8191
Car -1 -1 3.5661 49.8963 182.3542 446.2867 316.3002 1.5372 1.7096 4.2419 -4.4710 1.6715 9.2871 3.1279 0.8127
Car -1 -1 -2.0846 865.8351 190.1721 1242.0000 375.0000 1.4601 1.6285 4.2009 3.2262 1.6318 5.0136 -1.5403 0.8044
Car -1 -1 -1.6965 675.4882 183.2389 747.4460 241.6175 1.4491 1.5388 3.5786 2.7236 1.7680 20.3381 -1.5661 0.7932
Car -1 -1 3.3707 252.1361 184.7315 468.6460 267.3323 1.4807 1.5947 3.7511 -4.8118 1.7305 14.1786 3.0485 0.6682
Car -1 -1 -1.7175 659.9921 176.7240 710.8476 216.9820 1.5808 1.6120 3.6001 3.0872 1.7548 30.5197 -1.6183 0.5782
Car -1 -1 -2.7551 328.3389 174.0523 514.1298 252.8828 1.7137 1.6857 3.8357 -4.3736 1.7438 16.8093 -3.0066 0.5415
Car -1 -1 0.6641 0.0000 167.3299 300.4450 375.0000 1.5547 1.6105 3.7452 -4.2789 1.5261 4.6756 -0.0491 0.3948
Car -1 -1 -1.6675 651.1335 178.6083 688.0813 207.1603 1.4619 1.6275 4.1274 3.2048 1.7967 39.8551 -1.5884 0.3944
Car -1 -1 3.1879 498.1731 176.9329 564.4698 205.7424 1.6774 1.7072 3.8769 -4.7059 1.9278 43.2562 3.0797 0.2321
Car -1 -1 0.3265 172.0015 193.0133 450.1247 287.7684 1.3800 1.5566 3.8912 -4.7550 1.7334 11.7547 -0.0508 0.2223
