Pedestrian -1 -1 -1.4832 214.6187 160.3192 243.9555 229.2365 1.8008 0.6368 0.6528 -10.2108 1.4736 19.2742 -1.9650 0.2082
Pedestrian -1 -1 -1.3765 184.6046 157.5973 217.2585 228.3256 1.8290 0.6421 0.6137 -10.8399 1.4349 19.0479 -1.8882 0.1344
Car -1 -1 0.2284 340.3551 181.2172 489.1025 227.9090 1.4090 1.6491 4.3110 -6.1744 1.6861 22.9826 -0.0317 0.9034
Car -1 -1 -1.9193 777.7046 176.1678 1108.5458 375.0000 1.6203 1.6455 3.6762 2.8511 1.6623 7.2106 -1.5580 0.8223
Car -1 -1 3.3363 399.1600 179.4861 515.2668 220.4889 1.5082 1.6721 4.1105 -5.8346 1.7708 27.6753 3.1299 0.7104
Car -1 -1 1.1203 998.5371 183.3880 1209.8440 278.5735 1.5052 1.6762 4.1275 9.2474 1.7419 14.0334 1.6926 0.6366
Car -1 -1 -1.7617 716.6895 158.6372 872.3187 288.6140 1.9101 1.7700 4.3732 2.9868 1.7016 12.8147 -1.5389 0.4320
Car -1 -1 -1.5583 602.5101 179.4292 629.6531 206.1810 1.6070 1.6645 3.5787 0.3757 2.0433 46.0335 -1.5507 0.2281
Car -1 -1 0.0595 492.1978 182.9888 557.7158 207.0899 1.4185 1.6100 3.8934 -5.1954 2.0519 44.1503 -0.0574 0.2122
Car -1 -1 -1.7087 544.9178 177.4103 571.1789 197.6816 1.5363 1.5958 3.6513 -4.1951 1.9121 57.5093 -1.7815 0.1382
Car -1 -1 1.6098 654.3361 181.1080 676.5037 200.5221 1.5026 1.6758 4.3301 4.6169 2.2150 59.9982 1.6858 0.1166
Car -1 -1 -2.9242 496.3325 179.2073 559.7942 202.2515 1.5294 1.6910 4.0591 -5.6253 1.9750 49.5167 -3.0372 0.1104
