Pedestrian -1 -1 -1.2837 564.7000 161.0835 601.5728 238.4316 1.7828 0.6328 0.9583 -0.5494 1.3369 16.8360 -1.3139 0.7887
Pedestrian -1 -1 -2.1572 714.2089 167.2780 748.9059 226.3130 1.7160 0.6250 0.8969 3.7347 1.3333 21.0838 -1.9827 0.7667
Pedestrian -1 -1 -1.7090 360.1552 160.4030 393.3639 243.7905 1.7485 0.5684 0.9240 -5.0073 1.3287 15.3598 -2.0162 0.7538
Pedestrian -1 -1 0.9251 411.2735 160.6321 456.9934 239.1925 1.7759 0.5872 0.9476 -4.0318 1.3284 16.5070 0.6918 0.7384
Pedestrian -1 -1 1.0325 392.3485 160.9734 435.9924 243.8507 1.7952 0.5396 0.9410 -4.3185 1.3739 15.8323 0.7731 0.4088
Cyclist -1 -1 -1.2747 333.6895 146.1971 465.5466 370.0000 1.7571 0.5538 1.8341 -1.7426 1.5074 6.1044 -1.5375 0.6174
Car -1 -1 -2.2343 1028.0245 182.6372 1155.1323 228.1230 1.4118 1.5337 3.7864 16.3703 1.4919 24.0648 -1.6416 0.8394
Car -1 -1 -2.0788 961.2435 180.3380 1066.8384 227.0282 1.4780 1.5839 3.5217 13.8096 1.4744 24.1439 -1.5634 0.7381
Car -1 -1 0.9271 1098.9128 183.0766 1224.0000 228.7812 1.4360 1.5997 4.0046 19.2317 1.5340 24.4533 1.5887 0.7183
Car -1 -1 -1.5442 602.0634 175.1614 633.6093 203.5137 1.4157 1.5578 3.6167 0.7017 1.1505 37.1421 -1.5237 0.6271
Car -1 -1 -1.2873 547.5193 172.1731 584.8851 194.2098 1.4500 1.5726 3.7369 -2.6166 0.9034 48.5163 -1.3391 0.4674
Car -1 -1 2.2098 0.0000 187.5141 468.9580 370.0000 1.5168 1.6699 4.1000 -2.5914 1.5902 5.0532 1.7624 0.1612
