Pedestrian -1 -1 2.3488 403.2983 163.2014 468.3987 266.3571 1.8248 0.6612 0.9989 -3.2651 1.6544 13.3592 2.1128 0.6758
Car -1 -1 1.9479 181.6925 175.1299 412.0980 303.6625 1.6840 1.8316 4.4778 -4.8042 1.7286 11.7719 1.5676 0.8175
Car -1 -1 1.8411 397.4210 183.8591 478.5257 236.4794 1.4292 1.5221 3.5346 -5.2286 1.7947 22.1424 1.6113 0.7525
Car -1 -1 1.7213 469.6021 179.6976 516.7427 214.5276 1.4616 1.5616 3.8714 -5.3169 1.7932 32.9817 1.5622 0.6580
Car -1 -1 0.6549 0.0000 192.8165 224.4933 283.6278 1.3606 1.5518 3.8971 -8.8252 1.7165 12.0126 0.0316 0.4834
Car -1 -1 2.0423 155.7189 178.2286 265.2514 221.8584 1.4334 1.6892 4.3767 -14.5268 1.6473 26.4571 1.5441 0.4784
Car -1 -1 0.7235 81.8534 175.9473 201.7367 211.3754 1.4252 1.6227 4.2177 -19.6899 1.5604 30.3390 0.1516 0.4203
Car -1 -1 1.0561 213.4333 179.3815 322.6898 228.8301 1.4310 1.5533 3.6569 -10.9852 1.6549 23.0137 0.6149 0.3193
Car -1 -1 0.8017 0.0000 200.2677 135.3131 324.6721 1.3734 1.5404 3.7600 -8.4997 1.7605 9.2696 0.0738 0.3152
Car -1 -1 1.9014 411.7375 181.2918 490.7543 225.2381 1.4499 1.6342 4.0028 -5.8122 1.7868 26.6867 1.6884 0.2012
