Car -1 -1 1.8626 336.1672 197.0042 435.7846 263.7054 1.4277 1.4933 3.3903 -5.6352 2.0998 18.3677 1.5682 0.8297
Car -1 -1 1.8262 403.0836 193.9490 480.4182 245.0567 1.4253 1.5689 3.6665 -5.4307 2.1672 23.5075 1.6009 0.8186
Car -1 -1 0.4695 642.3291 177.5912 703.7963 202.1137 1.5412 1.6160 3.7142 4.1219 1.8653 47.6523 0.5547 0.8013
Car -1 -1 -0.4673 777.5037 170.0434 1148.8673 297.3999 1.6283 1.7619 4.4105 4.7391 1.5927 10.1999 -0.0443 0.7379
Car -1 -1 -0.8663 958.2489 178.4883 1242.0000 375.0000 1.4398 1.5969 3.8665 4.7579 1.4899 5.2741 -0.1603 0.7228
Car -1 -1 1.7212 447.2082 191.5899 499.2117 232.8152 1.4437 1.5227 3.4523 -5.4037 2.2326 28.6101 1.5356 0.6363
Car -1 -1 1.7064 471.3068 191.4007 518.1052 225.2794 1.3938 1.6217 4.3101 -5.4388 2.3300 34.2319 1.5494 0.2989
Car -1 -1 2.4126 755.7653 177.3312 1002.4908 272.1834 1.4770 1.6323 4.1099 4.7638 1.5669 12.9028 2.7580 0.2606
Car -1 -1 1.8724 596.6160 184.4593 630.7255 204.5485 1.4313 1.5797 3.8200 0.2958 2.3631 55.8444 1.8771 0.1962
Car -1 -1 1.4822 545.0373 185.7399 566.3370 203.3901 1.4827 1.5942 3.7969 -4.9790 2.6893 65.5374 1.4062 0.1500
Car -1 -1 1.7323 495.5161 189.5923 534.9683 217.4013 1.4361 1.6113 4.2744 -5.4954 2.4614 42.0212 1.6025 0.1338
