Pedestrian -1 -1 0.3482 0.0000 143.8866 109.3316 303.6412 1.7863 0.5542 0.9993 -6.5650 1.3786 8.3132 -0.2998 0.6705
Pedestrian -1 -1 1.3204 58.6883 143.5624 130.6514 292.9480 1.8570 0.5712 0.9064 -6.7656 1.3995 9.2960 0.7094 0.6466
Pedestrian -1 -1 1.7677 712.2842 157.9539 738.3740 218.2352 1.8105 0.6241 0.9331 3.6809 1.1349 21.7775 1.9345 0.4924
Pedestrian -1 -1 1.9116 654.6129 163.6427 682.2740 219.9571 1.6545 0.5792 0.8511 1.8819 1.1608 21.2759 2.0003 0.4148
Pedestrian -1 -1 2.4135 566.1524 159.2986 604.4861 220.6148 1.8389 0.6022 1.0449 -0.6347 1.2046 21.7775 2.3866 0.3501
Pedestrian -1 -1 -0.4896 513.8612 158.4005 554.0832 220.6794 1.8080 0.6341 1.0138 -2.1494 1.1680 21.0666 -0.5879 0.3441
Pedestrian -1 -1 1.9911 674.6441 161.6832 702.8976 218.3769 1.7394 0.5799 0.8655 2.6046 1.1636 22.2075 2.1080 0.2961
Pedestrian -1 -1 -0.9463 583.8013 159.5444 619.3430 222.0533 1.8334 0.6021 0.9979 -0.1303 1.2204 21.3143 -0.9505 0.2840
Pedestrian -1 -1 2.2487 644.6040 162.0561 674.1217 216.6077 1.7377 0.5912 0.7937 1.7407 1.1517 23.0090 2.3249 0.2792
Pedestrian -1 -1 2.5355 528.9507 160.8727 563.6453 223.6269 1.7601 0.5611 0.8195 -1.7190 1.2111 20.3023 2.4542 0.1286
Pedestrian -1 -1 2.3553 668.1942 160.3499 700.7353 217.2444 1.8079 0.5544 0.9326 2.5533 1.1692 22.9704 2.4663 0.1105
