Car -1 -1 -1.8675 738.1740 193.6227 1006.9887 371.7043 1.3836 1.5347 3.9613 2.5083 1.6729 8.0518 -1.5773 0.9132
Car -1 -1 2.1690 43.4547 190.0914 194.0773 246.3768 1.4057 1.6134 4.1360 -14.3807 1.9662 21.3668 1.5822 0.8504
Car -1 -1 -1.7060 671.8472 182.1643 747.7109 239.7957 1.4051 1.5485 3.9354 2.6431 1.6916 20.2000 -1.5786 0.8349
Car -1 -1 -1.7598 704.7260 187.4028 840.5359 287.1941 1.4058 1.5486 3.8206 2.6167 1.6997 12.6385 -1.5614 0.7871
Car -1 -1 -1.4960 574.7255 174.4454 636.3738 230.9919 1.6426 1.6814 3.9903 -0.1058 1.6985 23.1214 -1.5013 0.7032
Car -1 -1 2.0045 227.0408 186.4051 309.2007 223.7776 1.4053 1.6096 3.9810 -14.4131 2.0173 30.5688 1.5670 0.6507
Car -1 -1 1.9023 368.0084 181.0527 413.0938 205.6898 1.4774 1.6184 3.8303 -14.1173 2.0283 46.5043 1.6088 0.5545
Car -1 -1 -1.5723 641.7080 175.9216 678.7227 211.3045 1.5602 1.6480 3.7415 2.3217 1.7136 34.0669 -1.5055 0.4632
Car -1 -1 -2.2851 921.3340 198.6109 1242.0000 375.0000 1.4945 1.6444 3.9509 2.7335 1.6620 2.6828 -1.5447 0.4258
Car -1 -1 -1.6066 630.6744 175.3779 656.1417 198.8785 1.5398 1.6013 3.9356 2.2357 1.7208 49.6725 -1.5624 0.4032
Car -1 -1 2.0704 410.4640 178.1823 453.8904 198.3087 1.4824 1.6046 3.9332 -13.8659 1.9146 56.3636 1.8299 0.3053
