Pedestrian -1 -1 2.2120 980.4767 144.4511 1065.2139 296.2210 1.8872 0.6443 0.7491 5.3282 1.5344 9.4180 2.7127 0.4156
Pedestrian -1 -1 -1.4654 239.3519 163.8458 262.1125 217.1856 1.7976 0.6334 0.6389 -12.3495 1.4943 24.7225 -1.9246 0.2054
Pedestrian -1 -1 1.5856 263.3062 164.2207 284.6297 217.6217 1.8235 0.6611 0.6284 -11.7093 1.5291 25.0575 1.1522 0.1594
Car -1 -1 -1.7380 661.8887 173.2990 775.7291 265.7557 1.6363 1.6330 3.7315 2.0181 1.6469 14.6783 -1.6051 0.9008
Car -1 -1 3.3096 357.7902 176.6331 471.7018 214.7772 1.5076 1.6923 4.3123 -8.0145 1.6693 29.7641 3.0484 0.8697
Car -1 -1 1.2722 828.6974 173.7953 933.5217 232.0330 1.5843 1.7241 4.3580 8.0278 1.6161 21.9151 1.6183 0.6469
Car -1 -1 -1.6812 642.2289 164.5037 726.3742 239.2453 1.8524 1.8033 4.4984 1.8971 1.6458 20.1454 -1.5895 0.5870
Car -1 -1 1.1738 884.5508 176.9265 954.4433 210.5000 1.4307 1.5712 3.8204 14.0756 1.6288 33.1203 1.5720 0.5026
Car -1 -1 -2.8467 401.9972 176.0343 491.9684 210.8646 1.6200 1.6700 3.9058 -7.8391 1.7777 34.7129 -3.0676 0.4914
Car -1 -1 -1.5202 557.5162 174.3853 585.6816 201.1704 1.6781 1.6580 3.7712 -2.5119 1.7828 47.3049 -1.5734 0.4672
Car -1 -1 -1.6594 604.0311 174.5811 624.7347 191.5360 1.5256 1.5872 3.8998 0.3634 1.6919 67.3387 -1.6544 0.2160
Car -1 -1 -1.3872 497.6667 176.1646 526.1431 195.7273 1.4808 1.5845 3.7125 -7.7590 1.7521 57.1488 -1.5219 0.1489
