Car -1 -1 -1.8734 770.7440 187.1295 1013.9925 340.6763 1.4170 1.5568 3.9874 3.1454 1.6360 9.0391 -1.5499 0.9257
Car -1 -1 -1.7865 673.2874 181.4375 759.1664 237.3479 1.4360 1.6067 4.2290 2.9778 1.7164 21.3676 -1.6507 0.9004
Car -1 -1 -1.7371 725.6176 183.2780 841.8236 270.5724 1.4303 1.5520 3.7825 3.2151 1.6639 14.2086 -1.5200 0.8555
Car -1 -1 0.1238 380.5770 176.2133 532.6996 229.8483 1.5739 1.7392 4.4243 -4.6866 1.6832 22.3481 -0.0811 0.7553
Car -1 -1 -2.6147 0.0000 176.7655 410.6227 349.8833 1.5307 1.6514 3.9484 -4.2677 1.5750 7.2623 -3.1307 0.7468
Car -1 -1 0.4539 82.7298 183.2564 424.3467 298.6352 1.4153 1.5819 3.8738 -4.7244 1.5690 9.8160 0.0152 0.6082
Car -1 -1 3.1593 472.5361 179.2564 561.7122 213.9297 1.4950 1.6174 3.8867 -4.1966 1.7928 32.5009 3.0314 0.5882
Car -1 -1 -2.9516 437.3018 176.6833 554.0512 217.3844 1.5226 1.6639 4.2472 -4.4283 1.6767 28.0637 -3.1072 0.5742
Car -1 -1 -1.7072 654.2088 181.1325 698.7189 215.3430 1.4524 1.5486 3.6945 2.9840 1.8579 33.4250 -1.6196 0.5486
Car -1 -1 0.8844 0.0000 177.2062 317.8068 375.0000 1.5475 1.5954 3.7361 -4.1259 1.5832 4.7162 0.1931 0.5371
Car -1 -1 -2.2826 957.0826 196.6800 1242.0000 375.0000 1.4695 1.5840 3.7435 3.1106 1.6359 3.1353 -1.5480 0.4877
