Pedestrian -1 -1 2.5571 576.2401 158.6779 624.7225 233.6914 1.8007 0.6363 1.0196 -0.1490 1.2784 17.5155 2.5506 0.7980
Pedestrian -1 -1 2.7163 600.6611 159.1323 648.6165 236.6667 1.7689 0.6027 0.9617 0.4190 1.2830 16.5906 2.7429 0.7314
Pedestrian -1 -1 0.6472 717.0978 158.8556 764.1761 234.2189 1.7624 0.6217 0.9301 3.2353 1.2579 17.0831 0.8328 0.7203
Pedestrian -1 -1 1.9823 669.7684 160.2973 708.6749 234.0948 1.7631 0.6269 0.9537 2.0493 1.2821 17.4574 2.0988 0.7103
Pedestrian -1 -1 2.0828 637.6422 160.3254 678.1721 232.2189 1.7834 0.6140 1.0262 1.3276 1.2845 18.1310 2.1564 0.6902
Pedestrian -1 -1 1.7970 688.8578 158.8606 719.4283 227.0520 1.8120 0.6267 0.9835 2.6868 1.2386 19.3543 1.9345 0.5925
Pedestrian -1 -1 2.1438 731.7877 159.8394 769.6542 229.2955 1.7428 0.5723 0.8827 3.7292 1.2260 18.2526 2.3437 0.5215
Pedestrian -1 -1 2.1180 777.3972 159.6249 816.5407 229.7541 1.7142 0.6126 0.8248 4.7943 1.2055 17.7841 2.3786 0.2345
Pedestrian -1 -1 -0.1628 924.7385 154.0604 957.7966 227.0065 1.7964 0.5761 0.6619 8.4098 1.1469 17.7743 0.2739 0.1546
Cyclist -1 -1 -2.1122 771.1413 161.7737 829.3344 231.8824 1.6717 0.5315 1.8389 4.8489 1.2268 17.8112 -1.8491 0.5078
Car -1 -1 -2.9560 617.5400 165.1724 779.6539 232.5114 1.7091 1.7091 4.1685 2.5524 1.3217 19.4004 -2.8256 0.1384
Car -1 -1 -2.8261 609.5661 163.9583 795.7437 242.2142 1.7320 1.7103 4.1977 2.3371 1.3675 17.3248 -2.6927 0.1007
