Pedestrian -1 -1 -0.0098 318.9484 168.6502 368.4107 260.4665 1.6810 0.6266 0.8595 -5.0889 1.6044 13.6520 -0.3609 0.4180
Pedestrian -1 -1 2.2495 141.6474 158.4236 254.0490 350.7641 1.7353 0.5804 0.7716 -3.9938 1.6055 6.9367 1.7429 0.2162
Pedestrian -1 -1 -1.8953 428.5575 166.6436 465.8497 247.9175 1.7815 0.6098 0.7633 -3.7319 1.6457 16.2973 -2.1176 0.1726
Car -1 -1 -1.9646 775.6378 184.0202 1110.2477 375.0000 1.4550 1.6079 4.0393 3.0434 1.6064 7.7136 -1.6030 0.9050
Car -1 -1 -1.8147 706.4454 181.2742 845.6240 271.6285 1.4592 1.6256 4.1434 3.0076 1.6492 14.1442 -1.6104 0.9008
Car -1 -1 -1.7253 661.6618 179.8359 707.5905 212.2624 1.4138 1.5732 3.8967 3.4487 1.7654 34.3025 -1.6266 0.8294
Car -1 -1 -1.4941 589.8290 178.3108 620.8919 203.4240 1.4586 1.6240 4.1893 -0.2779 1.8154 44.9838 -1.5008 0.6305
Car -1 -1 -2.4349 1001.6102 205.4016 1242.0000 375.0000 1.4415 1.5820 3.6659 3.0029 1.6296 2.3171 -1.5818 0.4031
Car -1 -1 -1.6829 644.6002 176.9479 677.6780 202.1560 1.4846 1.6232 3.9259 3.1229 1.7524 45.1367 -1.6147 0.2898
Car -1 -1 1.9836 315.0945 185.0833 386.9081 219.3168 1.5473 1.7601 4.4946 -13.0540 2.2065 36.5615 1.6426 0.2073
Car -1 -1 1.2991 623.8127 178.0766 656.4052 198.2363 1.4570 1.5567 3.6535 2.2377 1.8705 55.1155 1.3390 0.1812
