Car -1 -1 -1.7302 632.3880 177.4042 680.0292 210.5022 1.4392 1.5928 4.1316 2.0793 1.6680 34.0934 -1.6704 0.8025
Car -1 -1 -2.0350 848.1991 187.4332 1242.0000 375.0000 1.4579 1.6282 4.2867 2.9467 1.5998 4.8139 -1.5137 0.7822
Car -1 -1 -1.7729 676.8823 179.3027 745.1744 225.5267 1.3957 1.5233 3.7500 3.2641 1.6300 24.2446 -1.6414 0.7764
Car -1 -1 3.0458 56.2394 177.1888 424.5521 311.2732 1.5481 1.6875 4.3681 -5.1133 1.6215 10.3041 2.5948 0.7330
Car -1 -1 2.8542 260.7590 178.7891 474.9260 255.8097 1.4558 1.6482 4.1468 -5.2722 1.6012 15.7790 2.5362 0.6158
Car -1 -1 2.9545 323.4636 177.0848 496.0536 240.3569 1.5033 1.6556 4.1504 -5.3068 1.6249 19.0192 2.6854 0.5191
Car -1 -1 -1.6599 618.7261 175.8298 655.1080 204.5715 1.4575 1.6032 4.0193 1.3719 1.6275 39.0626 -1.6256 0.5118
Car -1 -1 -0.0160 0.0000 183.3076 360.4290 375.0000 1.4780 1.6739 4.2091 -4.8754 1.6078 7.0441 -0.6043 0.4977
Car -1 -1 2.7181 409.7363 173.9958 519.8736 216.1538 1.6154 1.6676 4.1112 -5.9633 1.6656 29.6202 2.5207 0.4957
Car -1 -1 -0.2899 399.6048 178.0932 521.4545 226.0755 1.4878 1.5930 3.7188 -5.0640 1.6761 24.2987 -0.4938 0.4890
Car -1 -1 0.0942 0.0000 196.4543 281.4924 375.0000 1.4622 1.6004 3.7531 -4.3549 1.6708 4.6086 -0.6344 0.4126
Car -1 -1 -1.8230 711.1253 150.8039 893.1223 286.0784 1.9013 1.8249 4.5629 2.9763 1.5918 12.4412 -1.5946 0.3876
