Pedestrian -1 -1 1.4648 209.8801 160.8566 270.6537 306.6865 1.7111 0.5893 0.8759 -4.6717 1.5706 8.9909 0.9970 0.7906
Pedestrian -1 -1 -1.1070 372.0128 171.2873 418.9425 263.7861 1.7375 0.5823 0.7848 -4.2000 1.7084 13.9879 -1.3943 0.1871
Pedestrian -1 -1 3.1922 231.6770 156.3147 292.7032 292.9134 1.7880 0.5258 0.7200 -4.7739 1.5719 9.8224 2.7497 0.1056
Car -1 -1 -1.9193 741.4314 190.2959 988.6707 336.3309 1.4013 1.5882 4.2219 2.9827 1.6855 9.5875 -1.6277 0.8990
Car -1 -1 -1.7603 707.6138 180.7918 806.8116 251.4579 1.4918 1.6138 3.9212 3.4143 1.7077 17.6322 -1.5731 0.8922
Car -1 -1 -1.7306 690.8649 182.6799 762.7273 234.5998 1.4555 1.6088 4.0058 3.5775 1.7964 22.9950 -1.5790 0.8084
Car -1 -1 1.4470 679.2621 179.7363 734.0474 220.8668 1.5111 1.6833 4.0858 3.7971 1.8099 29.2361 1.5742 0.6787
Car -1 -1 -1.5811 611.1004 180.6454 641.1829 208.3938 1.4671 1.6396 4.1771 0.8645 1.9373 41.4188 -1.5609 0.5379
Car -1 -1 -1.6576 665.9503 179.7875 693.6055 202.1584 1.4410 1.5683 3.5977 4.7132 1.9334 49.3984 -1.5636 0.3491
Car -1 -1 1.5966 659.5291 174.6141 679.6442 193.1034 1.4871 1.5849 3.8473 4.9916 1.6397 60.4098 1.6782 0.1023
