Car -1 -1 -1.8571 753.2462 179.6776 1054.6744 366.3517 1.4802 1.6997 4.4786 2.7931 1.5790 8.1491 -1.5391 0.8939
Car -1 -1 -1.7331 712.1377 180.4009 838.7276 276.0225 1.4874 1.6147 4.0040 2.8833 1.6511 13.5756 -1.5293 0.8051
Car -1 -1 -2.6150 122.3309 188.1177 379.1090 277.5478 1.4492 1.6012 3.8531 -6.3891 1.7437 12.9570 -3.0655 0.7806
Car -1 -1 0.6020 0.0000 192.0293 314.4802 307.4242 1.4612 1.5986 3.8064 -6.5119 1.7598 10.3254 0.0506 0.6548
Car -1 -1 3.8270 0.0000 200.9559 226.2101 364.0043 1.4282 1.6090 3.9967 -6.4367 1.7502 7.4289 3.1306 0.6326
Car -1 -1 3.3190 413.3308 185.9295 508.8301 220.2788 1.3527 1.5332 3.6547 -6.1474 1.9086 29.8405 3.1171 0.5882
Car -1 -1 -1.4943 604.2715 176.7271 648.7126 216.6391 1.6121 1.6729 3.4289 0.7242 1.7900 31.2768 -1.4720 0.4990
Car -1 -1 -1.7049 681.1034 178.7320 748.2573 229.3053 1.4764 1.6127 4.0142 3.2762 1.6849 23.5369 -1.5690 0.4414
Car -1 -1 2.4028 0.0000 181.5940 105.3352 375.0000 1.6169 1.6821 4.0862 -4.9030 1.6883 3.7832 1.5235 0.3538
Car -1 -1 -1.5567 674.0931 172.3896 703.5569 203.7582 1.7479 1.6360 3.7243 4.5911 1.7223 42.1488 -1.4495 0.2898
