Cyclist -1 -1 1.1406 1043.0160 126.9788 1242.0000 375.0000 1.6943 0.5619 1.8361 2.1922 1.5870 2.6474 1.7785 0.1495
Car -1 -1 -1.7771 804.6736 187.6891 1133.4442 375.0000 1.4406 1.6212 4.3334 2.8437 1.6289 6.8640 -1.4007 0.8715
Car -1 -1 1.8688 290.9287 180.0429 510.3989 335.4937 1.5759 1.6307 3.7627 -2.5028 1.6890 9.4040 1.6145 0.8558
Car -1 -1 -1.5593 618.5956 178.6963 720.1649 276.8083 1.5086 1.5957 3.4019 1.0260 1.6291 13.0659 -1.4838 0.8345
Car -1 -1 0.3949 0.0000 192.9787 158.7958 254.2778 1.4276 1.6401 4.0223 -14.4478 1.9923 18.9415 -0.2501 0.7938
Car -1 -1 -1.2873 678.8403 169.5958 774.0607 234.9859 1.7295 1.6879 4.1505 3.4940 1.6437 21.3180 -1.1278 0.7685
Car -1 -1 1.3754 808.4949 167.1817 861.1172 203.7339 1.6178 1.6261 3.8350 10.4581 1.3671 33.9220 1.6716 0.7626
Car -1 -1 -2.3082 984.6617 204.0562 1242.0000 375.0000 1.4617 1.5208 3.4275 2.5806 1.6301 2.1137 -1.4904 0.4450
Car -1 -1 -1.5392 753.0659 172.1288 778.0222 194.0018 1.4736 1.5994 3.9017 10.9294 1.4251 50.6938 -1.3284 0.1443
Car -1 -1 1.6908 666.0317 175.6028 689.6022 193.2218 1.4670 1.5843 3.9732 5.9142 1.7148 62.8410 1.7839 0.1185
