Pedestrian -1 -1 1.6212 325.0359 170.8589 347.0033 222.7499 1.8019 0.6888 0.7455 -9.7259 1.7330 25.5125 1.2601 0.1893
Car -1 -1 3.2987 0.0000 183.9084 229.8537 257.5697 1.4106 1.6486 4.2704 -10.9143 1.6807 15.9571 2.7064 0.8829
Car -1 -1 -2.4528 291.5244 181.7317 449.4993 240.3423 1.4128 1.5993 3.8743 -6.4413 1.6682 19.2740 -2.7718 0.8769
Car -1 -1 -1.7732 676.8801 177.6158 735.1444 216.5014 1.4711 1.5953 3.9979 3.8530 1.6821 29.8516 -1.6467 0.8054
Car -1 -1 1.8089 472.4727 178.3044 511.2749 202.4150 1.4743 1.6039 3.9840 -7.6891 1.8458 47.0898 1.6476 0.4776
Car -1 -1 -1.6034 667.9400 177.1958 704.0889 209.4431 1.4861 1.6390 4.0477 3.6906 1.7149 35.8824 -1.5023 0.2852
Car -1 -1 3.6754 0.0000 174.0426 74.1897 246.7039 1.5898 1.6986 4.1795 -15.5291 1.6203 17.0660 2.9448 0.1829
Car -1 -1 1.9551 347.8118 180.5392 428.9675 222.0104 1.4537 1.5901 4.1256 -8.5943 1.7771 28.2036 1.6615 0.1232
Car -1 -1 2.1995 80.9469 173.8567 184.0941 214.8359 1.4417 1.5092 3.4251 -17.9358 1.4823 27.2161 1.6211 0.1097
Car -1 -1 -1.1152 279.9480 172.3715 342.9541 202.4632 1.5148 1.5606 3.8202 -15.7947 1.4909 38.2776 -1.5044 0.1090
