Cyclist -1 -1 0.7980 12.0527 176.4592 194.4119 341.5326 1.5938 0.5124 1.6825 -5.2429 1.6332 7.3987 0.1980 0.1264
Car -1 -1 2.9076 243.0229 187.6819 489.7425 270.7645 1.4179 1.6771 4.5709 -5.0021 1.7641 14.9086 2.5885 0.8809
Car -1 -1 -1.6620 664.2786 160.8321 745.9003 241.3001 1.8167 1.6634 3.7419 2.2405 1.5456 18.1810 -1.5421 0.8004
Car -1 -1 -1.9834 817.7527 179.5535 1242.0000 375.0000 1.4961 1.5534 3.6972 2.4655 1.5562 4.5378 -1.5137 0.7408
Car -1 -1 2.2438 0.0000 203.3701 159.7120 292.5399 1.4273 1.5825 3.7723 -11.2720 2.1328 14.7617 1.6001 0.6991
Car -1 -1 -0.4715 735.7551 167.0100 877.0051 217.6122 1.5812 1.7188 4.1782 6.4008 1.3990 23.8251 -0.2126 0.5928
Car -1 -1 -1.6113 628.2567 177.1265 659.5738 204.5068 1.4575 1.6046 4.0472 1.8516 1.7130 41.0638 -1.5671 0.5085
Car -1 -1 1.0841 0.0000 196.7351 234.0227 375.0000 1.4186 1.5286 3.6489 -4.4506 1.6124 4.5189 0.3355 0.4715
Car -1 -1 1.8353 384.2234 174.3795 430.8943 201.4884 1.5594 1.6888 4.1911 -12.2663 1.6569 43.8411 1.5638 0.1607
Car -1 -1 3.5924 0.0000 202.3546 220.4563 375.0000 1.3774 1.5051 3.5246 -5.9553 1.7085 6.9371 2.9017 0.1085
