Pedestrian -1 -1 -0.9356 475.3170 178.4953 544.2051 298.3032 1.7065 0.6334 0.8734 -1.5511 1.7960 10.8597 -1.0754 0.8067
Car -1 -1 1.9193 663.3220 196.8134 791.9929 280.4004 1.3817 1.5145 3.5439 2.4908 1.9419 14.9394 2.0801 0.8672
Car -1 -1 -0.7348 171.9998 186.1025 348.1335 259.4554 1.4255 1.5282 3.5282 -7.9563 1.7666 16.6357 -1.1752 0.7656
Car -1 -1 1.7795 749.3132 194.9349 837.2723 259.4497 1.4392 1.5749 3.7478 4.9909 2.0988 19.5117 2.0253 0.7401
Car -1 -1 2.4491 86.5069 186.4414 289.7515 256.4970 1.4299 1.6774 4.2383 -10.2722 1.8101 17.8879 1.9339 0.5901
Car -1 -1 2.4710 19.6882 190.8082 195.0754 251.9848 1.3355 1.4810 3.6068 -12.9853 1.8528 18.8309 1.8737 0.3628
Car -1 -1 -3.4894 1165.1396 186.5235 1242.0000 267.6220 1.5457 1.6547 4.0194 14.8326 1.8747 15.8061 -2.7457 0.3439
Car -1 -1 -3.6377 1126.8820 190.8251 1242.0000 248.7789 1.4796 1.5823 3.9372 17.1030 2.0144 20.2975 -2.9453 0.2639
Car -1 -1 -3.4397 1175.6996 191.6225 1242.0000 289.9682 1.5248 1.6661 4.0572 13.2513 1.9188 13.4746 -2.6743 0.2439
Car -1 -1 1.6889 820.8333 185.1039 869.7714 222.4036 1.5610 1.7140 4.2790 11.1058 2.1778 34.0072 2.0013 0.2098
Car -1 -1 2.5231 0.0000 190.8213 141.6759 252.1608 1.4017 1.5156 3.6959 -15.0709 1.9408 19.6416 1.8750 0.2065
Car -1 -1 -0.2708 1075.3306 187.0751 1236.3635 234.3366 1.4780 1.6435 4.1512 18.6851 2.0004 24.9780 0.3652 0.1598
Car -1 -1 -0.5880 976.8484 183.4219 1054.0114 208.9901 1.5043 1.6135 3.8811 24.7709 2.1661 44.2018 -0.0806 0.1590
