Pedestrian -1 -1 1.9699 352.3241 180.0096 414.5940 298.1457 1.6365 0.5908 0.8175 -3.3286 1.7451 10.4806 1.6687 0.4152
Car -1 -1 -1.9184 756.2063 185.7373 1073.3502 374.7108 1.4584 1.6380 4.3434 2.8724 1.6416 8.0496 -1.5885 0.8890
Car -1 -1 -1.7125 657.8262 183.7936 721.6674 231.8521 1.4378 1.5817 3.9721 2.5787 1.8405 24.5174 -1.6098 0.8642
Car -1 -1 -1.7636 697.5475 184.7123 835.2188 279.1193 1.4473 1.6667 4.4251 2.7358 1.7114 13.8299 -1.5735 0.8286
Car -1 -1 2.0651 215.0762 190.2806 290.7038 221.8669 1.3517 1.5641 4.0461 -17.3520 2.2516 35.1902 1.6097 0.6161
Car -1 -1 -1.6657 646.3230 183.3526 693.8723 222.3106 1.4546 1.5924 3.7396 2.3825 1.9165 29.8357 -1.5876 0.4803
Car -1 -1 1.6004 627.0189 182.8757 657.1335 212.0495 1.4431 1.5172 3.4778 1.7197 2.0060 38.7076 1.6438 0.4283
Car -1 -1 2.3217 0.0000 196.2974 64.9812 257.6107 1.4289 1.5191 3.7811 -17.5491 2.1481 20.2019 1.6129 0.2559
Car -1 -1 2.2035 68.5138 176.8850 225.3403 244.6820 1.8272 1.7780 4.3172 -13.8925 1.9625 21.9251 1.6439 0.2216
Car -1 -1 1.9688 273.8311 188.0439 333.2449 216.3705 1.4387 1.5848 4.2357 -17.3772 2.3475 41.0339 1.5702 0.2186
