Pedestrian -1 -1 -3.0769 917.4158 164.6594 965.6985 248.7124 1.7681 0.5755 0.9153 7.2650 1.4365 15.3404 -2.6410 0.8297
Pedestrian -1 -1 1.2878 598.7422 160.2226 675.9710 337.6140 1.7702 0.5814 0.9350 0.2754 1.5696 7.5751 1.3244 0.8243
Pedestrian -1 -1 0.7737 544.2413 160.6963 586.4929 231.7097 1.8655 0.6283 0.9820 -1.1107 1.3468 19.1286 0.7185 0.7868
Pedestrian -1 -1 3.1175 529.9045 165.0939 623.8553 358.0015 1.7268 0.5581 0.8446 -0.3223 1.5906 6.6315 3.0729 0.7595
Pedestrian -1 -1 1.2424 439.7558 166.9049 465.6454 222.4876 1.7342 0.5957 0.7569 -4.8890 1.3116 22.5326 1.0334 0.4887
Pedestrian -1 -1 1.4180 427.6864 165.0251 449.0887 218.3594 1.8239 0.5960 0.9282 -5.8586 1.2962 24.7161 1.1899 0.4752
Pedestrian -1 -1 1.2316 398.8288 164.2379 423.7295 219.6128 1.8270 0.5628 0.8437 -6.5633 1.2920 23.8303 0.9680 0.3426
Pedestrian -1 -1 2.2521 345.3730 163.6585 380.4120 221.5267 1.8060 0.6491 0.8803 -7.7597 1.2820 22.5872 1.9274 0.2869
Pedestrian -1 -1 1.4062 385.4175 165.1626 406.3507 216.1944 1.8013 0.5943 0.8493 -7.5638 1.2615 25.4638 1.1226 0.2114
Car -1 -1 -2.2409 1119.8860 183.9790 1224.0000 217.6257 1.4262 1.6169 4.1654 25.9632 1.5977 32.4786 -1.5698 0.5989
Car -1 -1 -1.9616 876.3289 180.4030 944.2772 214.7821 1.4865 1.6025 3.5615 13.8695 1.4838 32.3572 -1.5587 0.5703
Car -1 -1 -2.1084 928.5839 181.8270 1010.9700 215.5619 1.4342 1.5613 3.8550 16.4793 1.4998 32.1844 -1.6376 0.5494
Car -1 -1 1.1139 989.0508 182.6446 1072.0751 216.8647 1.4648 1.6336 4.0659 19.4914 1.5715 32.6130 1.6498 0.4987
Car -1 -1 -1.6464 606.2085 176.6088 633.6967 199.4959 1.4100 1.5059 3.4063 0.9241 1.1716 45.2958 -1.6245 0.3162
