Pedestrian -1 -1 2.0848 300.0875 176.1531 379.2959 320.1447 1.7337 0.6156 0.8221 -3.4675 1.7780 9.1606 1.7315 0.1488
Pedestrian -1 -1 1.5454 335.2434 171.2449 356.5735 223.8974 1.8260 0.6906 0.6731 -9.3666 1.7705 25.4597 1.1958 0.1130
Pedestrian -1 -1 -0.2911 452.6525 163.1417 496.8027 234.9948 1.7880 0.6858 0.9542 -3.5155 1.5467 18.4759 -0.4772 0.1090
Cyclist -1 -1 -1.7196 457.8774 162.5785 491.7076 236.8440 1.7963 0.5573 2.0020 -3.5332 1.5481 18.4866 -1.9065 0.5533
Cyclist -1 -1 0.5721 268.6038 171.8182 421.4197 319.8148 1.7689 0.5201 1.8144 -3.3830 1.7568 9.0760 0.2238 0.1551
Car -1 -1 -3.1365 615.0770 167.9595 743.9871 217.3265 1.6913 1.7586 4.4340 2.4242 1.5240 25.8067 -3.0445 0.7997
Car -1 -1 2.6175 909.0897 157.6565 1057.8042 207.1047 1.6734 1.7295 4.3772 13.0268 1.1595 25.3998 3.0864 0.7619
Car -1 -1 -3.4174 771.9986 164.7634 906.0288 211.9101 1.6241 1.7147 4.2500 8.0487 1.3458 25.7599 -3.1183 0.7577
Car -1 -1 -0.8973 533.1709 169.4221 606.5736 204.0136 1.5652 1.6002 3.6285 -1.9108 1.4102 34.5868 -0.9525 0.5998
Car -1 -1 -0.9816 592.6907 164.7864 667.7670 200.2910 1.6016 1.6498 4.0226 0.9937 1.2380 34.6622 -0.9536 0.4931
