Pedestrian -1 -1 1.3715 872.1328 146.9863 984.5598 370.0000 1.7798 0.6592 0.9563 2.6274 1.5246 5.9484 1.7700 0.8064
Pedestrian -1 -1 1.4920 990.4667 146.0810 1083.5718 364.5826 1.7968 0.6121 1.0105 3.8208 1.5155 6.3969 2.0106 0.7306
Pedestrian -1 -1 2.1605 1006.1662 143.1035 1127.9944 331.7648 1.8246 0.6144 1.0021 4.7296 1.4646 7.3196 2.7164 0.6494
Pedestrian -1 -1 2.0915 1112.7509 141.0815 1224.0000 352.5009 1.7922 0.6260 0.9599 5.2308 1.4598 6.4611 2.7500 0.6470
Pedestrian -1 -1 1.5888 1112.8322 147.6355 1212.4664 370.0000 1.7363 0.5980 0.9604 4.4909 1.4951 5.7841 2.2245 0.5339
Pedestrian -1 -1 1.5612 851.1935 159.7777 876.6549 229.5290 1.8471 0.6361 0.9878 7.0201 1.2999 19.2898 1.9066 0.4378
Pedestrian -1 -1 2.1044 800.8582 165.1422 838.9590 232.9191 1.7675 0.5887 0.9314 5.7333 1.3686 18.9664 2.3950 0.3564
Pedestrian -1 -1 -2.5794 829.5120 164.6353 870.9663 235.5437 1.7540 0.5299 0.8431 6.1960 1.3632 17.9791 -2.2513 0.2805
Pedestrian -1 -1 1.7195 1066.1899 147.7740 1183.1755 370.0000 1.7033 0.5576 0.7390 3.4680 1.5050 4.7779 2.3183 0.1963
Car -1 -1 -0.6207 929.8510 173.2945 1224.0000 370.0000 1.6262 1.7024 3.9870 5.3473 1.5706 6.5525 0.0419 0.1198
Car -1 -1 -3.1910 630.3845 178.9682 673.3119 196.3897 1.5463 1.6633 3.7762 4.2114 1.4115 63.6163 -3.1236 0.1094
Car -1 -1 1.4560 722.7863 175.3038 776.4966 217.1745 1.5723 1.6409 4.2494 5.7726 1.3787 28.7317 1.6537 0.1017
