Car -1 -1 -1.9104 428.1053 183.2247 647.4435 334.2639 1.4408 1.5410 3.7394 -1.1744 1.6020 9.1738 -2.0355 0.8528
Car -1 -1 -2.2038 588.2310 173.6242 1121.7874 375.0000 1.5025 1.5609 3.6389 1.2006 1.5105 5.1642 -1.9896 0.7915
Car -1 -1 1.5981 89.1895 177.9011 162.5788 236.5188 1.4863 1.6119 3.7330 -13.8052 1.6452 20.6497 1.0146 0.6786
Car -1 -1 -0.2654 391.8831 181.1896 510.6189 228.9851 1.4264 1.5261 3.5062 -5.2136 1.7159 23.5377 -0.4816 0.5239
Car -1 -1 -0.4161 374.7653 178.0117 487.1135 222.6884 1.4997 1.5841 3.6571 -6.5491 1.7010 26.3650 -0.6578 0.5044
Car -1 -1 2.8953 334.4164 176.3927 432.3275 211.1150 1.4640 1.6011 3.9347 -10.2185 1.6321 32.4779 2.5925 0.4727
Car -1 -1 -0.4414 430.8085 175.1015 580.1160 237.8324 1.5418 1.6145 3.6632 -2.8438 1.6083 19.5365 -0.5848 0.4352
Car -1 -1 2.5929 432.1806 172.7296 624.2417 245.5383 1.5153 1.6492 4.2505 -1.8868 1.5131 16.9670 2.4830 0.3452
Car -1 -1 -0.2315 326.3336 175.2215 420.4304 208.8247 1.5273 1.6638 4.0403 -11.4298 1.6476 34.8010 -0.5469 0.2341
Car -1 -1 -0.2236 303.7128 177.0205 381.1810 204.5168 1.4803 1.5924 3.8819 -15.2519 1.7279 41.0917 -0.5772 0.1567
Car -1 -1 2.4424 352.5604 175.8940 468.1554 218.5441 1.5437 1.6892 4.3668 -7.8823 1.6746 28.7126 2.1764 0.1327
Car -1 -1 -0.5260 510.3702 180.7822 696.1526 261.9749 1.4349 1.5046 3.4705 -0.1559 1.6124 14.5832 -0.5377 0.1313
