Car -1 -1 -0.3704 737.7271 183.9100 947.6910 256.6924 1.3733 1.5446 3.7960 4.6309 1.6144 14.7977 -0.0736 0.8326
Car -1 -1 -0.6571 925.6412 182.7047 1242.0000 350.2017 1.5041 1.6440 3.7986 5.4791 1.6192 7.4900 -0.0450 0.8173
Car -1 -1 1.9893 0.0000 183.1452 343.9655 375.0000 1.5196 1.5962 3.8222 -3.5139 1.6310 5.7950 1.4636 0.8101
Car -1 -1 1.7605 387.1476 180.0856 484.1543 247.5796 1.4456 1.6019 3.9225 -4.2338 1.6451 17.8703 1.5305 0.7959
Car -1 -1 -0.4415 716.7882 174.1580 916.2792 247.5483 1.6534 1.7715 4.3241 4.9045 1.6877 17.5435 -0.1741 0.7463
Car -1 -1 -0.2705 669.8945 177.2643 797.1518 222.2866 1.4654 1.6522 3.9977 4.1341 1.6232 24.7198 -0.1074 0.7015
Car -1 -1 2.5239 825.2326 183.4771 1189.9924 307.7472 1.4734 1.6450 4.2238 5.2477 1.6353 9.8546 3.0000 0.6268
Car -1 -1 -1.6014 592.4553 179.7824 619.8719 204.2893 1.4098 1.5657 3.9835 -0.3073 1.8584 44.6662 -1.6088 0.5025
Car -1 -1 0.7257 1103.8292 210.2173 1242.0000 375.0000 1.4224 1.5480 3.9075 4.2770 1.6959 3.2986 1.5963 0.4215
Car -1 -1 -0.3332 663.5247 176.8194 770.9695 217.5046 1.4737 1.5617 3.7402 4.0101 1.6313 27.4727 -0.1904 0.3216
Car -1 -1 2.8692 650.3509 178.5515 754.1385 214.9713 1.4371 1.5865 3.9824 3.7448 1.6820 29.8884 2.9920 0.1918
Car -1 -1 -0.0907 647.6694 176.9521 733.1253 208.6611 1.4784 1.6228 3.9480 3.7782 1.6807 34.7006 0.0162 0.1665
