Pedestrian -1 -1 1.6555 416.5456 148.2953 470.0404 290.9337 1.9018 0.6497 0.9776 -2.3043 1.4741 9.9499 1.4367 0.8785
Pedestrian -1 -1 1.5242 362.7724 147.8577 413.4603 291.2837 1.8664 0.6291 0.9305 -3.0487 1.4433 9.7391 1.2318 0.7905
Pedestrian -1 -1 0.0664 639.3724 158.0107 677.0648 233.7032 1.7465 0.6006 0.8497 1.2223 1.2292 16.6661 0.1400 0.7241
Pedestrian -1 -1 2.8212 684.8321 153.3085 729.0493 224.7573 1.8465 0.6318 1.0068 2.6492 1.1454 18.6687 2.9616 0.6896
Pedestrian -1 -1 1.5603 241.6069 158.6644 296.9814 308.6126 1.7009 0.5764 0.6128 -4.0427 1.4549 8.4157 1.1289 0.6067
Pedestrian -1 -1 2.0845 567.3690 158.7946 590.7823 200.4794 1.8011 0.7156 0.8245 -1.1563 0.8647 31.0751 2.0495 0.2470
Pedestrian -1 -1 2.0599 464.5126 156.6770 489.8229 203.2175 1.9036 0.6721 0.9454 -5.3447 0.9307 29.4685 1.8842 0.1680
Pedestrian -1 -1 2.1480 591.9868 157.2783 614.9919 199.8882 1.8594 0.6511 0.8722 -0.0837 0.8475 31.3921 2.1473 0.1668
Pedestrian -1 -1 2.1318 487.7493 158.2935 512.5798 205.0790 1.8575 0.6677 0.8024 -4.2559 0.9773 28.5686 1.9874 0.1578
Cyclist -1 -1 1.0634 786.8577 162.9602 959.7468 370.0000 1.6599 0.5087 1.7546 2.0818 1.5381 5.8836 1.3888 0.1660
Car -1 -1 0.1546 670.1945 166.6684 742.0961 192.0845 1.5019 1.6748 4.1386 6.1836 0.6859 43.1825 0.2976 0.1137
