Pedestrian -1 -1 1.0211 664.5284 161.5737 707.6622 240.4989 1.8214 0.6520 0.8878 1.8869 1.3863 16.8527 1.1323 0.7922
Pedestrian -1 -1 0.7507 770.3602 170.3742 808.6978 237.6938 1.6085 0.5364 0.7433 4.4861 1.3682 17.3468 1.0010 0.6335
Pedestrian -1 -1 -0.6925 608.6086 170.9976 630.2913 208.2998 1.6768 0.6056 0.7829 0.6409 1.2511 32.2590 -0.6712 0.1115
Cyclist -1 -1 -2.1879 602.7764 169.4700 637.3734 208.7075 1.7428 0.5596 1.9456 0.6558 1.2543 32.3614 -2.1661 0.2797
Car -1 -1 -2.2437 1119.8236 184.2872 1224.0000 217.7373 1.4183 1.6357 4.1964 26.0354 1.6054 32.5484 -1.5723 0.6578
Car -1 -1 1.0416 984.2359 182.6841 1073.5680 217.0424 1.4719 1.6463 4.1470 19.4143 1.5806 32.6263 1.5756 0.5445
Car -1 -1 -2.1480 927.0588 182.3558 1009.8900 215.4854 1.4074 1.5585 3.7226 16.4247 1.4984 32.1828 -1.6785 0.5418
Car -1 -1 -1.9957 875.3785 181.0811 946.3160 215.7224 1.4906 1.5985 3.6457 13.8733 1.5201 32.3190 -1.5923 0.4358
Car -1 -1 -1.5814 608.4520 175.7349 633.9553 199.4278 1.4564 1.5677 3.5113 1.0156 1.1649 45.2237 -1.5574 0.3705
Car -1 -1 -1.2748 362.8606 168.3143 411.7534 198.5690 1.7067 1.6828 3.9222 -12.8229 1.0207 41.8431 -1.5683 0.1745
Car -1 -1 0.5196 603.0144 174.0806 693.8789 210.8914 1.5906 1.6694 3.8165 1.9436 1.3147 32.2916 0.5808 0.1068
