Pedestrian -1 -1 -1.3502 942.7378 148.7991 1008.2461 281.4483 1.7251 0.6412 0.8331 5.0512 1.3145 9.7156 -0.8822 0.2640
Pedestrian -1 -1 0.9503 977.6390 134.2173 1048.1630 253.6566 1.9017 0.6352 0.8426 6.6918 1.1664 11.7062 1.4598 0.1853
Pedestrian -1 -1 -1.2614 656.1038 165.1291 673.5294 206.3747 1.7715 0.6310 0.5045 2.5800 1.1128 30.7177 -1.1767 0.1105
Pedestrian -1 -1 1.4358 956.2883 152.3731 1008.6302 276.0511 1.7686 0.5841 0.7413 5.5729 1.3680 10.5526 1.9111 0.1067
Car -1 -1 -1.8948 755.1351 180.3439 971.1158 316.1408 1.4624 1.5374 3.5361 3.1117 1.4624 9.3865 -1.5829 0.8706
Car -1 -1 -1.5581 564.8025 174.8290 612.8373 217.7084 1.4347 1.6074 3.5917 -0.5858 1.2465 25.4549 -1.5791 0.8686
Car -1 -1 -1.7421 693.3088 174.0628 812.6208 256.3704 1.4444 1.6223 4.3256 2.8270 1.3331 14.5799 -1.5528 0.8400
Car -1 -1 -2.1456 874.5256 184.4964 1224.0000 370.0000 1.4803 1.5688 3.7430 2.8166 1.5139 3.7350 -1.5371 0.7166
Car -1 -1 0.0635 488.4145 171.5456 571.9815 202.7368 1.5876 1.7249 4.2367 -3.8639 1.1333 36.9258 -0.0381 0.1635
Car -1 -1 -2.5986 242.3706 172.6930 346.0112 207.1452 1.5978 1.7257 4.2836 -14.8913 1.2372 33.9281 -3.0070 0.1243
