Car -1 -1 -1.8416 670.0426 178.3575 799.5222 258.8525 1.4715 1.6316 4.2425 2.4834 1.6084 15.6911 -1.6884 0.8467
Car -1 -1 -1.8101 715.4544 180.9159 911.8139 317.8777 1.4857 1.6058 3.9513 2.5104 1.6203 10.0345 -1.5731 0.8365
Car -1 -1 -2.0852 820.2163 186.1500 1242.0000 375.0000 1.4540 1.5649 3.8681 2.8071 1.5831 5.0250 -1.6016 0.7987
Car -1 -1 3.2853 0.0000 185.1871 225.9443 375.0000 1.4954 1.5666 3.5148 -5.7458 1.6402 6.8772 2.6081 0.6255
Car -1 -1 -0.0974 8.6578 179.5008 383.5597 317.9892 1.5001 1.6623 4.1360 -5.4672 1.6081 9.8359 -0.5938 0.6048
Car -1 -1 2.8287 233.0500 185.0258 436.4180 262.8711 1.4024 1.5444 3.7437 -5.8164 1.6911 15.3174 2.4710 0.4834
Car -1 -1 3.4861 0.0000 190.2469 156.0382 375.0000 1.5069 1.5736 3.5505 -5.0598 1.6520 4.4958 2.6712 0.4527
Car -1 -1 -1.5646 584.2809 172.2904 629.2652 218.4471 1.6815 1.6388 3.7645 -0.1617 1.6613 28.1650 -1.5710 0.4148
Car -1 -1 -1.3791 468.1575 178.3980 502.7471 202.4182 1.4889 1.5922 3.5303 -8.1590 1.8667 47.3277 -1.5493 0.2721
Car -1 -1 1.3952 558.9947 179.3642 585.4823 198.0804 1.5206 1.5894 4.0779 -3.3151 2.1026 62.2919 1.3418 0.1643
Car -1 -1 -1.6428 371.0802 179.4545 394.3125 197.8658 1.4493 1.5881 3.6926 -19.0254 2.0192 60.2443 -1.9477 0.1494
Car -1 -1 1.6994 449.4870 176.4977 478.0909 197.5073 1.5010 1.6098 4.0002 -10.9918 1.7860 54.3098 1.5003 0.1480
