Pedestrian -1 -1 2.0990 421.0181 168.0014 474.8449 260.7428 1.7869 0.6717 0.9361 -3.2839 1.6937 14.4472 1.8786 0.7159
Pedestrian -1 -1 2.8768 389.8687 169.6708 438.5521 261.5211 1.8069 0.5655 0.8351 -4.0270 1.7446 14.6461 2.6123 0.1260
Car -1 -1 1.9184 224.2605 176.3102 425.8674 292.0023 1.6768 1.8309 4.5074 -4.8112 1.7495 12.8477 1.5662 0.8348
Car -1 -1 1.8247 407.4359 185.1779 482.6921 234.5453 1.3957 1.4876 3.5915 -5.2400 1.8222 23.1243 1.6037 0.7319
Car -1 -1 1.7426 471.3076 179.9920 518.4655 213.7741 1.4641 1.5637 3.8096 -5.4011 1.8198 33.9946 1.5857 0.5615
Car -1 -1 0.6401 0.0000 195.6227 252.2524 280.0203 1.3620 1.5664 3.8491 -8.8015 1.8008 13.0060 0.0544 0.4343
Car -1 -1 1.9294 178.6149 182.1881 262.9146 224.5430 1.4297 1.5604 3.7587 -14.5942 1.8072 27.1837 1.4405 0.3000
Car -1 -1 0.6560 0.0000 201.7801 191.3578 316.4903 1.4015 1.6375 4.2165 -8.5335 1.8440 10.1417 -0.0308 0.2038
Car -1 -1 1.8265 423.1711 181.9627 490.7789 223.8716 1.4426 1.5991 3.8823 -5.8236 1.8174 27.6736 1.6205 0.2022
Car -1 -1 -2.5064 107.1200 177.5379 217.1402 211.3136 1.4081 1.5658 3.8866 -19.4126 1.6177 31.2820 -3.0582 0.1892
Car -1 -1 3.5230 0.0000 208.7164 61.8047 375.0000 1.4137 1.5694 3.9419 -8.2581 1.8564 7.3410 2.6971 0.1546
Car -1 -1 -2.7294 283.2457 168.2093 355.2613 194.5534 1.6918 1.7314 4.0195 -19.0363 1.3939 47.2617 -3.1106 0.1459
Car -1 -1 1.0390 237.5522 181.0096 342.0440 228.5006 1.4237 1.5540 3.5982 -10.6763 1.7130 23.8849 0.6224 0.1391
