Car -1 -1 -0.6165 877.9412 180.4678 1242.0000 358.4902 1.4784 1.6905 4.1969 4.9400 1.5614 6.9503 -0.0192 0.8544
Car -1 -1 -0.4789 761.9376 183.3561 1022.3729 278.7341 1.4424 1.5958 3.7876 4.6057 1.6348 12.1647 -0.1259 0.8104
Car -1 -1 -0.1910 697.9330 178.3833 827.5966 226.3875 1.4585 1.6210 3.7865 4.7370 1.6411 22.9393 0.0094 0.7613
Car -1 -1 -0.5539 813.2084 185.3345 1145.3359 308.3485 1.4438 1.5857 3.6940 4.7544 1.6283 9.6563 -0.1094 0.7342
Car -1 -1 2.5984 715.9272 178.4081 945.5236 261.1063 1.5332 1.6955 4.2935 4.4730 1.6590 14.9261 2.8832 0.7187
Car -1 -1 2.3551 0.0000 204.0365 201.1998 375.0000 1.4549 1.6116 4.1126 -5.4901 1.8032 5.9463 1.6317 0.6279
Car -1 -1 1.6926 499.1689 182.5097 531.3941 207.8960 1.4277 1.5024 3.7176 -5.7495 2.0400 43.8604 1.5625 0.4166
Car -1 -1 -0.3432 684.4080 180.6943 808.3790 222.5188 1.3936 1.5793 4.0167 4.7483 1.6837 25.5571 -0.1623 0.4124
Car -1 -1 1.6785 483.6246 184.1881 518.8772 213.0498 1.4193 1.4999 3.5055 -5.8202 2.0550 38.6620 1.5295 0.3298
Car -1 -1 0.4528 627.6979 177.7836 672.6606 193.5208 1.4203 1.5910 3.9161 3.7488 1.8950 67.7929 0.5074 0.2407
Car -1 -1 -0.4539 666.0009 173.5622 769.1512 213.0083 1.5956 1.6634 4.0099 4.5142 1.6274 30.6376 -0.3096 0.1587
