Pedestrian -1 -1 1.1957 849.8464 157.9268 895.9785 243.7260 1.7917 0.6313 0.9162 5.7154 1.3219 15.2247 1.5497 0.7324
Pedestrian -1 -1 1.3683 898.9637 157.9249 935.2803 235.5365 1.7961 0.6094 0.9402 7.4016 1.2752 16.8796 1.7763 0.6920
Pedestrian -1 -1 1.1356 876.7463 155.9807 925.9476 241.7334 1.7975 0.6479 0.9209 6.3548 1.2851 15.2906 1.5239 0.6006
Pedestrian -1 -1 1.2167 867.4660 157.5655 908.4832 234.9203 1.8068 0.6171 0.9533 6.7504 1.2727 16.9926 1.5901 0.5610
Pedestrian -1 -1 1.4602 528.2136 171.3930 544.2421 210.7010 1.7603 0.6581 0.6279 -3.1378 1.3540 32.0334 1.3652 0.1264
Pedestrian -1 -1 0.6262 79.9336 169.1616 128.5312 247.6105 1.7460 0.5793 0.6909 -11.3853 1.4953 16.0281 0.0197 0.1180
Cyclist -1 -1 -0.7930 70.3800 172.8877 192.3262 287.8713 1.6930 0.5171 1.7711 -7.5653 1.5826 11.3250 -1.3673 0.6282
Car -1 -1 2.2967 557.7772 171.2538 638.3132 208.2833 1.7422 1.6694 4.1863 -0.3042 1.3086 35.3856 2.2899 0.6766
Car -1 -1 1.6724 410.0226 176.0587 442.6205 200.7992 1.4594 1.5700 3.7441 -10.9947 1.1988 43.6667 1.4292 0.1707
Car -1 -1 -1.4168 455.6657 176.0446 492.4045 201.2586 1.4811 1.6288 3.9414 -8.0138 1.2207 43.5179 -1.5959 0.1169
