Car -1 -1 2.7824 619.4791 172.8585 803.9794 241.0503 1.6004 1.6941 4.2969 2.4796 1.6008 18.2399 2.9145 0.8258
Car -1 -1 2.0375 0.0000 198.2746 330.9511 375.0000 1.4779 1.5976 3.8821 -3.6991 1.7524 5.7761 1.4879 0.8212
Car -1 -1 1.7093 441.5963 180.9764 493.1634 222.5657 1.5894 1.6095 3.7888 -5.9546 1.9522 30.2630 1.5162 0.8047
Car -1 -1 1.8097 229.4966 181.3246 414.8295 313.7502 1.6590 1.7018 4.2885 -4.3752 1.8211 11.5500 1.4544 0.6814
Car -1 -1 2.8889 599.1965 172.2678 707.1722 215.4264 1.6667 1.6692 4.0524 1.6667 1.6444 29.0762 2.9449 0.5121
Car -1 -1 2.9681 618.5033 179.1697 729.2496 220.1885 1.4190 1.5583 3.7883 2.2290 1.6570 26.1961 3.0514 0.4830
Car -1 -1 1.7029 472.6848 177.3167 509.6848 209.0462 1.6790 1.5680 3.8073 -6.6793 1.9427 40.6465 1.5406 0.3122
Car -1 -1 1.9749 488.1285 179.4310 530.3588 202.4624 1.4989 1.5694 3.7161 -6.9788 1.9742 50.0967 1.8368 0.1428
Car -1 -1 2.2153 578.1794 176.4058 634.3961 201.3881 1.5561 1.6256 4.0171 -0.2319 1.8012 47.6323 2.2100 0.1373
Car -1 -1 1.8432 577.6191 179.7739 619.8755 206.6769 1.4075 1.5191 3.3915 -0.6247 1.8141 40.5214 1.8273 0.1068
