Pedestrian -1 -1 -1.1466 328.4725 162.5155 361.5310 222.1845 1.7644 0.6033 0.9400 -7.8912 1.2342 21.3942 -1.4933 0.5413
Pedestrian -1 -1 0.2530 213.6963 161.6255 251.0060 221.8130 1.7124 0.6014 0.8312 -10.8290 1.1770 20.4968 -0.2248 0.2048
Pedestrian -1 -1 -1.1742 680.2571 166.0042 701.9033 209.0162 1.7861 0.6124 0.8919 3.6221 1.1856 29.8945 -1.0532 0.2043
Pedestrian -1 -1 -1.0094 316.5027 161.2832 341.1089 206.9778 1.8838 0.6695 0.7350 -11.5692 1.0931 29.5687 -1.3769 0.1198
Pedestrian -1 -1 2.2443 1205.3418 164.4847 1224.0000 206.3674 1.7484 0.5772 0.8045 25.9709 1.0814 29.8695 2.9563 0.1101
Cyclist -1 -1 -1.5667 262.0512 163.1790 281.0944 218.8579 1.6914 0.5262 1.8319 -10.5935 1.1668 22.4162 -2.0008 0.4440
Cyclist -1 -1 -1.2637 211.0551 162.3942 252.6429 223.4918 1.6979 0.5442 1.7921 -10.8666 1.1963 20.5730 -1.7414 0.3206
Car -1 -1 -2.2740 1024.2806 182.3572 1157.4791 228.4504 1.4299 1.5632 3.9118 16.3763 1.5001 24.1226 -1.6822 0.8083
Car -1 -1 -2.0853 960.1840 181.4763 1065.4680 227.6883 1.4595 1.5715 3.5019 13.7731 1.4968 24.1498 -1.5711 0.7548
Car -1 -1 -1.6494 601.1611 174.7304 636.0206 203.3820 1.4297 1.5500 3.5584 0.6583 1.1432 37.0980 -1.6301 0.6475
Car -1 -1 0.9337 1098.2964 182.6374 1224.0000 227.8703 1.4238 1.6051 4.0390 19.2332 1.5055 24.4810 1.5948 0.6033
