Car -1 -1 -0.4329 668.7388 172.3433 871.8534 245.4496 1.5459 1.7219 4.2217 3.5788 1.5355 16.5642 -0.2246 0.8374
Car -1 -1 -0.7590 922.6098 180.1043 1242.0000 375.0000 1.4835 1.5889 3.6820 4.9605 1.5604 6.5778 -0.1349 0.7997
Car -1 -1 -0.5462 778.9191 181.2824 1053.8527 278.0216 1.3712 1.5418 3.7923 4.7383 1.5182 11.4822 -0.1646 0.7624
Car -1 -1 1.7698 285.6360 172.4553 382.0946 244.1078 1.7844 1.6869 4.2467 -7.6284 1.7748 20.1954 1.4125 0.7357
Car -1 -1 2.5021 830.5082 170.1653 1182.7758 313.1753 1.5746 1.6189 3.6520 4.7965 1.5454 9.0419 2.9755 0.6464
Car -1 -1 -0.3732 616.1907 173.8709 765.8375 230.7694 1.5660 1.6600 4.0508 2.3105 1.5981 21.2382 -0.2671 0.6160
Car -1 -1 -0.3748 636.8582 176.0955 796.6469 236.2365 1.4582 1.5941 3.8081 2.7031 1.5487 18.8419 -0.2353 0.5326
Car -1 -1 -0.2973 547.0649 176.2345 633.9557 209.7636 1.5873 1.6764 4.0033 -1.0164 1.7625 35.8807 -0.3260 0.4979
Car -1 -1 -0.3915 581.3262 176.9495 680.2545 217.2563 1.4899 1.5582 3.5540 0.7668 1.6587 28.3080 -0.3654 0.4196
Car -1 -1 2.3855 0.0000 214.1100 139.0364 375.0000 1.4539 1.6161 4.1405 -5.1225 1.8289 4.4724 1.5620 0.3797
Car -1 -1 -0.5243 590.2727 177.7149 703.4551 220.5776 1.4294 1.5475 3.8076 1.2975 1.6153 25.9728 -0.4756 0.3554
Car -1 -1 -0.3524 564.9927 176.5881 651.2082 211.9010 1.5559 1.6106 3.6696 -0.1343 1.7367 33.4786 -0.3570 0.3473
Car -1 -1 -0.0157 524.4383 177.2445 598.7507 202.4471 1.4480 1.6789 4.3157 -2.9120 1.7151 42.8234 -0.0836 0.2559
Car -1 -1 0.6419 1042.8043 214.7965 1242.0000 375.0000 1.4047 1.5209 3.7834 3.5407 1.6744 2.6956 1.5097 0.2442
