Pedestrian -1 -1 0.2069 925.5685 158.4020 990.2808 261.5541 1.8677 0.6285 0.9897 6.6197 1.4692 13.3483 0.6594 0.8912
Pedestrian -1 -1 1.0616 625.6462 163.2058 662.2266 230.9464 1.8171 0.6130 0.9692 1.0330 1.3548 19.5309 1.1153 0.8786
Pedestrian -1 -1 1.3207 583.7936 163.3980 614.2932 231.4010 1.8221 0.6202 0.9636 -0.2077 1.3654 19.4848 1.3119 0.8525
Pedestrian -1 -1 1.1645 640.7388 164.5762 678.2167 238.2834 1.7516 0.6059 0.9035 1.2885 1.3748 17.3238 1.2391 0.8061
Pedestrian -1 -1 0.7199 587.7609 163.4950 633.2979 238.5601 1.8090 0.6135 0.9683 0.0970 1.4008 17.5855 0.7271 0.7918
Pedestrian -1 -1 0.6651 604.4161 162.3156 648.2618 233.4881 1.8037 0.6032 0.9810 0.5182 1.3445 18.4594 0.6945 0.7555
Pedestrian -1 -1 0.5476 777.3540 163.4765 822.1223 236.9115 1.7630 0.5889 0.8921 4.7786 1.3559 17.4960 0.8113 0.6980
Pedestrian -1 -1 -2.2037 554.7565 164.3122 587.5690 220.9495 1.8262 0.6146 0.9941 -1.1534 1.3058 23.3726 -2.2506 0.6551
Cyclist -1 -1 -1.3134 355.2586 153.7225 446.7056 319.0044 1.7947 0.5881 1.9062 -2.4787 1.5056 8.6287 -1.5817 0.8468
Car -1 -1 -2.2596 1121.8870 183.8581 1224.0000 217.7684 1.4402 1.6471 4.0463 26.0440 1.6055 32.4617 -1.5867 0.6144
Car -1 -1 -1.9958 876.3450 181.0011 946.7675 215.8646 1.5018 1.6137 3.5531 13.8984 1.5274 32.2954 -1.5915 0.5847
Car -1 -1 1.1186 988.2725 181.3625 1073.3506 216.7635 1.5221 1.6681 4.2224 19.5322 1.5661 32.6747 1.6546 0.5311
Car -1 -1 1.1076 930.2768 181.0944 1014.4917 215.5459 1.4699 1.6859 4.2285 16.6704 1.5003 32.3567 1.5809 0.4791
