Car -1 -1 1.8789 171.5196 189.2358 458.2323 365.7144 1.4261 1.6834 4.4209 -3.0796 1.6698 8.4787 1.5395 0.8744
Car -1 -1 1.7479 423.4084 181.1184 524.3627 253.2339 1.4656 1.6433 4.0839 -3.1466 1.6861 17.1735 1.5687 0.8504
Car -1 -1 -1.9571 773.6537 196.3672 1075.0741 375.0000 1.4560 1.4588 3.0981 2.6507 1.7339 6.9381 -1.6077 0.8316
Car -1 -1 -3.3700 1001.7321 200.8308 1242.0000 287.2903 1.3917 1.5460 3.6206 9.6385 1.9833 13.8721 -2.7736 0.7393
Car -1 -1 -2.3568 966.8682 190.3560 1242.0000 375.0000 1.5199 1.5716 3.6657 2.7439 1.6212 2.3090 -1.5472 0.6225
Car -1 -1 1.7444 472.8799 180.4002 543.3275 232.9071 1.4611 1.5546 3.6751 -3.1323 1.7161 22.4759 1.6069 0.6203
Car -1 -1 1.7109 491.7028 177.6856 551.8420 221.8915 1.5094 1.6708 4.2532 -3.2872 1.7066 27.2456 1.5914 0.5194
Car -1 -1 1.5571 536.1071 178.0683 564.4203 205.5324 1.4943 1.5682 3.8570 -3.5415 1.8127 42.0098 1.4730 0.3225
Car -1 -1 -0.4445 939.3939 193.8610 1142.3295 259.2776 1.4299 1.5818 3.8813 10.1577 1.9617 17.3114 0.0779 0.1367
Car -1 -1 1.7373 617.5266 176.4784 639.3824 192.2244 1.4676 1.5474 3.6099 1.7992 1.8294 70.0490 1.7625 0.1050
