Car -1 -1 -1.8449 687.7710 184.0175 797.0870 254.8124 1.4630 1.5760 3.8810 3.0339 1.7662 17.5570 -1.6776 0.8905
Car -1 -1 3.5091 127.9792 180.2404 409.2921 273.3713 1.4656 1.6418 4.0668 -5.7555 1.6029 12.4387 3.0833 0.8072
Car -1 -1 -1.7651 666.2338 181.5931 743.0441 233.5236 1.4180 1.5847 4.0548 2.7980 1.7158 22.4786 -1.6436 0.7093
Car -1 -1 3.3324 257.0168 178.8503 445.1811 247.2039 1.4665 1.5980 3.8693 -5.9159 1.6149 16.7348 2.9970 0.6233
Car -1 -1 3.2405 317.2753 178.5970 473.1258 236.1580 1.4878 1.6236 4.0026 -5.8895 1.6570 20.0432 2.9577 0.6119
Car -1 -1 3.7057 0.0000 148.4111 303.9522 370.5715 1.8556 1.7843 4.1683 -5.5127 1.6518 7.0789 3.0619 0.4951
Car -1 -1 3.2920 337.7632 175.4787 469.6096 228.4987 1.5947 1.6302 3.8096 -6.4837 1.6819 22.8458 3.0180 0.4389
Car -1 -1 -2.8522 365.6564 178.9411 482.8524 222.8199 1.4998 1.6225 3.7498 -6.6244 1.7252 25.7908 -3.1016 0.2457
Car -1 -1 -1.7040 612.1396 172.8588 647.0099 201.5224 1.8524 1.7838 4.3895 1.2465 1.8531 48.9061 -1.6791 0.1598
Car -1 -1 -2.8318 413.4175 178.2045 503.2738 212.9806 1.5463 1.6409 3.7494 -7.0214 1.8018 33.4000 -3.0379 0.1487
Car -1 -1 3.6138 0.0000 172.2508 334.3147 314.6716 1.6462 1.7249 3.9822 -5.9347 1.6396 9.3574 3.0610 0.1381
Car -1 -1 -2.6605 399.2450 180.9168 497.4496 217.1648 1.4518 1.6191 3.7597 -6.9060 1.8098 30.7291 -2.8802 0.1297
