Pedestrian -1 -1 1.8911 832.7685 150.9421 876.3042 255.5060 1.7932 0.5466 0.6833 4.3929 1.2880 12.5579 2.2216 0.2955
Pedestrian -1 -1 1.4903 883.0916 148.6801 923.7552 255.2243 1.7999 0.5886 0.7623 5.1750 1.2640 12.3919 1.8787 0.2952
Pedestrian -1 -1 1.6931 430.8120 165.1960 452.5549 221.3125 1.8143 0.6079 0.7558 -5.3981 1.3210 23.2611 1.4699 0.1179
Pedestrian -1 -1 -0.9848 672.2461 160.7553 701.3818 216.9961 1.8130 0.5802 0.8522 2.6695 1.1781 23.3010 -0.8705 0.1175
Cyclist -1 -1 -3.1931 662.9780 162.5648 721.9226 215.2953 1.7110 0.7329 1.8964 2.8429 1.1306 23.3691 -3.0719 0.1107
Car -1 -1 -1.5413 555.5149 173.1635 617.3733 230.1237 1.4505 1.5760 3.6894 -0.4977 1.2653 19.8501 -1.5641 0.7957
Car -1 -1 -2.0157 828.1500 186.4740 1224.0000 370.0000 1.4437 1.6369 4.3587 2.9175 1.5064 4.9937 -1.5121 0.7768
Car -1 -1 0.4901 94.6198 170.0827 252.9931 220.2055 1.6477 1.7467 4.3258 -14.6896 1.3068 24.2139 -0.0476 0.5103
Car -1 -1 0.1040 444.4930 168.4948 560.3369 213.0812 1.6622 1.7558 4.2646 -3.9095 1.2162 27.3058 -0.0348 0.1225
Car -1 -1 -1.5989 593.2699 170.4236 611.8998 187.0333 1.4828 1.6068 3.9646 -0.2241 0.5844 65.1200 -1.6006 0.1214
Car -1 -1 -1.3395 346.2072 174.2668 418.0219 222.7038 1.5049 1.5565 3.3163 -7.4058 1.3128 23.6686 -1.6371 0.1047
