Cyclist -1 -1 -1.8240 669.4403 170.5538 690.9485 207.0491 1.7367 0.5661 1.9756 3.3874 1.6276 35.3523 -1.7298 0.2360
Car -1 -1 -1.4671 804.7474 153.5582 945.5875 290.3778 1.8181 1.7503 4.4110 4.4965 1.5621 11.9512 -1.1162 0.8481
Car -1 -1 -0.8853 1107.3185 180.2659 1242.0000 240.2382 1.4237 1.6077 3.8466 15.0935 1.6275 18.6114 -0.2121 0.7619
Car -1 -1 -1.6018 645.8411 175.3967 671.9699 198.5826 1.4787 1.6192 3.8494 3.2147 1.6565 48.3947 -1.5364 0.5929
Car -1 -1 -1.4271 518.7283 175.8136 557.0079 203.1108 1.4700 1.6287 3.9746 -4.1133 1.6481 41.3135 -1.5261 0.4364
Car -1 -1 -1.9193 352.9049 174.3870 403.0499 199.3265 1.4834 1.6632 4.2051 -14.6568 1.5847 45.3522 -2.2305 0.3075
Car -1 -1 2.8073 770.3904 174.8199 913.7751 223.6327 1.4944 1.6161 4.0487 7.2889 1.5599 23.0300 3.1096 0.1834
Car -1 -1 2.2711 275.4757 175.7766 344.6844 204.1789 1.4862 1.6135 3.5942 -16.6396 1.6569 40.1125 1.8799 0.1539
Car -1 -1 -0.6285 667.5717 175.6465 751.4713 207.2931 1.4909 1.6172 3.9442 4.9308 1.6367 35.9271 -0.4937 0.1051
Car -1 -1 2.1592 393.3228 176.8122 438.9009 195.3581 1.4422 1.5861 4.1343 -15.8951 1.7798 59.2616 1.8980 0.1033
