Car -1 -1 1.9526 47.1255 196.1689 403.8534 375.0000 1.4354 1.6839 4.2472 -3.6037 1.7531 7.6580 1.5251 0.8975
Car -1 -1 1.7602 486.4044 179.6458 554.2278 223.0197 1.5004 1.7804 4.5502 -3.4217 1.7865 28.0174 1.6392 0.8753
Car -1 -1 -1.5617 572.2189 178.8118 656.1055 259.7747 1.4893 1.5730 3.3633 0.0441 1.6293 15.2090 -1.5600 0.8148
Car -1 -1 1.2197 773.1614 163.4139 879.9758 221.8716 1.5198 1.6499 3.9439 6.0502 1.2747 20.7821 1.4987 0.7737
Car -1 -1 -1.6350 665.9459 171.0867 704.0833 203.8725 1.6128 1.6926 4.2388 3.8199 1.5263 37.6402 -1.5351 0.6914
Car -1 -1 0.2581 1099.1891 141.4820 1242.0000 286.3584 1.5450 1.6497 4.0259 9.2415 1.2108 9.8302 0.9976 0.5305
Car -1 -1 1.7390 538.2630 179.0072 577.3225 206.8376 1.4928 1.6115 3.9478 -2.9967 1.8657 41.6442 1.6671 0.5074
Car -1 -1 -1.0121 988.1216 143.1307 1221.5977 242.7781 1.7162 1.7368 4.3909 9.6498 1.2047 14.1164 -0.4224 0.4886
Car -1 -1 1.9015 581.3148 174.6803 609.4634 191.8890 1.6094 1.6178 3.6923 -1.4034 1.7918 69.9095 1.8811 0.2001
Car -1 -1 1.7779 561.3900 175.9318 591.6913 195.9718 1.4668 1.5725 3.8400 -2.5603 1.7123 55.4505 1.7315 0.1556
