Pedestrian -1 -1 1.2429 530.6706 157.9990 573.3272 247.7075 1.8359 0.6569 0.8687 -1.1734 1.3770 14.9933 1.1683 0.8337
Pedestrian -1 -1 1.2883 504.6732 158.5772 541.9219 238.0770 1.8496 0.6375 1.0022 -2.0157 1.3411 17.0299 1.1745 0.8022
Pedestrian -1 -1 1.2281 551.1061 157.6620 587.9323 234.9129 1.8483 0.6261 0.9479 -0.9230 1.3035 17.4697 1.1780 0.5675
Pedestrian -1 -1 1.2036 556.8646 158.5464 597.8070 244.2345 1.8119 0.5969 0.9435 -0.6560 1.3493 15.4971 1.1640 0.3840
Pedestrian -1 -1 1.5074 387.0344 164.6856 403.6711 207.9758 1.8296 0.6425 0.7086 -9.0151 1.1627 30.3193 1.2231 0.2707
Pedestrian -1 -1 1.5004 371.5656 164.8160 388.2520 209.0071 1.8511 0.6289 0.7263 -9.5971 1.1956 30.0655 1.1963 0.2256
Car -1 -1 -2.2350 1029.8030 182.9346 1154.3467 228.2874 1.4066 1.5283 3.6612 16.3552 1.4973 24.0056 -1.6416 0.8107
Car -1 -1 -2.1054 958.8911 180.1665 1066.2220 226.8388 1.4788 1.5918 3.5041 13.7716 1.4698 24.1655 -1.5916 0.7643
Car -1 -1 0.9446 1100.7913 182.5910 1224.0000 229.1764 1.4679 1.6036 3.9335 19.2485 1.5476 24.4464 1.6068 0.7155
Car -1 -1 -1.5890 602.9359 174.2069 634.6252 203.3340 1.4561 1.5842 3.6866 0.6772 1.1429 37.1854 -1.5692 0.6392
