Pedestrian -1 -1 -0.5984 324.0227 170.0025 367.8479 243.5340 1.5964 0.5470 0.7414 -5.8287 1.3701 15.8058 -0.9434 0.3533
Pedestrian -1 -1 0.0047 196.8359 162.7266 231.5634 226.7461 1.7104 0.5773 0.8209 -10.7153 1.2371 19.3331 -0.4925 0.1939
Pedestrian -1 -1 -0.3320 278.8908 171.5178 323.8858 251.2822 1.5783 0.5051 0.7198 -6.2316 1.4022 14.4139 -0.7302 0.1619
Pedestrian -1 -1 -1.7751 403.7144 165.7777 419.3094 201.8854 1.8025 0.6079 0.8296 -9.8141 1.0690 35.7977 -2.0386 0.1494
Pedestrian -1 -1 0.6729 334.4661 153.5576 376.4551 228.0691 1.9541 0.6538 0.8395 -6.7333 1.2491 18.9860 0.3392 0.1451
Pedestrian -1 -1 -0.9881 575.7106 167.2271 591.6547 195.6942 1.8071 0.6332 0.8997 -1.3688 0.9659 45.4277 -1.0163 0.1444
Cyclist -1 -1 -2.1665 270.1293 168.6288 343.8976 253.6096 1.6287 0.5230 1.6787 -6.0525 1.4028 14.2263 -2.5589 0.4244
Cyclist -1 -1 -1.5996 205.9346 162.8413 229.1025 226.7927 1.6738 0.5175 1.7568 -10.6751 1.2132 19.3910 -2.0940 0.3052
Cyclist -1 -1 -2.2959 312.9267 164.9647 384.0339 243.1001 1.7023 0.5231 1.7037 -5.8695 1.3654 16.0388 -2.6385 0.1739
Car -1 -1 -2.2657 1024.2610 182.4810 1157.3340 228.5997 1.4302 1.5611 3.9366 16.3793 1.5050 24.1337 -1.6740 0.8443
Car -1 -1 -2.0921 959.3863 181.0616 1065.3633 227.8957 1.4809 1.5685 3.5221 13.7632 1.5031 24.1615 -1.5784 0.6994
Car -1 -1 -1.6609 600.6368 174.8368 636.2942 203.6554 1.4380 1.5516 3.5820 0.6511 1.1568 37.1167 -1.6418 0.6198
Car -1 -1 0.9477 1099.2520 182.8852 1224.0000 228.8038 1.4430 1.6200 4.0345 19.2475 1.5340 24.4728 1.6093 0.6063
Car -1 -1 -0.6496 311.0156 174.4862 468.3714 242.2944 1.4554 1.5216 3.3778 -5.1100 1.3279 16.9812 -0.9349 0.1844
Car -1 -1 1.2958 241.3668 184.5029 365.1230 264.3948 1.3778 1.3905 3.4922 -6.1710 1.4698 14.1657 0.8949 0.1255
