Pedestrian -1 -1 -2.2436 298.6859 173.4346 367.6758 307.8335 1.6150 0.5241 0.6417 -3.5283 1.6229 9.0600 -2.6060 0.1534
Car -1 -1 -1.7456 694.6348 184.2460 810.4172 267.6892 1.4233 1.5850 4.1327 2.7344 1.6922 14.9370 -1.5691 0.9383
Car -1 -1 3.1366 0.0000 180.4160 370.2242 325.7433 1.4391 1.5749 3.7412 -5.1109 1.5498 8.9139 2.6283 0.8322
Car -1 -1 2.9398 307.3154 179.8042 497.5566 244.5809 1.4421 1.6830 4.3631 -5.2479 1.6346 18.1895 2.6622 0.7959
Car -1 -1 -1.6717 664.5577 180.3146 717.2334 222.6692 1.4760 1.6030 3.9716 3.0054 1.7848 27.8333 -1.5659 0.6643
Car -1 -1 -1.6866 645.5748 181.1132 686.1320 211.3390 1.4236 1.5989 4.1791 2.7898 1.8748 37.2617 -1.6131 0.6007
Car -1 -1 2.8533 333.6649 174.1055 499.1060 237.7580 1.6610 1.7204 4.2848 -5.5718 1.7006 20.7490 2.5936 0.4463
Car -1 -1 -1.3295 523.2761 179.7595 562.2401 205.9496 1.5220 1.6041 3.5675 -4.1637 1.9692 44.8040 -1.4221 0.2063
Car -1 -1 2.7489 548.8319 179.6352 606.0121 202.0877 1.5518 1.6146 3.8163 -2.3879 2.0585 52.3377 2.7030 0.1894
Car -1 -1 2.7803 478.1055 180.9659 557.8131 210.2843 1.4701 1.6191 3.9242 -4.9641 1.9241 38.7175 2.6531 0.1689
Car -1 -1 1.4625 637.4980 179.4680 673.6632 207.8027 1.5631 1.6842 4.2705 2.6298 1.9775 42.9890 1.5226 0.1401
