Pedestrian -1 -1 2.5726 909.0588 162.9623 936.3472 223.9888 1.6938 0.5670 0.4731 8.7655 1.4196 20.3429 2.9737 0.1747
Car -1 -1 -1.7347 669.6542 180.1902 748.2093 236.6491 1.4139 1.5639 3.9087 2.6680 1.6435 20.5641 -1.6083 0.9031
Car -1 -1 -1.8427 729.8647 184.6799 951.7635 327.1703 1.4701 1.6543 4.3336 2.8055 1.6696 9.9744 -1.5774 0.8402
Car -1 -1 2.1310 164.2931 182.2004 263.7777 218.3676 1.4112 1.7016 4.4491 -17.2345 1.8504 31.6007 1.6350 0.7810
Car -1 -1 -1.6508 658.2427 177.7978 712.6001 222.2561 1.4525 1.6063 4.0733 2.6050 1.6456 26.0776 -1.5530 0.7329
Car -1 -1 2.0663 245.7026 180.7216 314.4727 211.9936 1.4775 1.5704 3.8330 -16.8881 1.9033 37.0446 1.6410 0.6005
Car -1 -1 -1.5917 634.4393 178.6193 668.0995 210.1504 1.4252 1.5455 3.5296 1.9249 1.7200 35.0539 -1.5379 0.5908
Car -1 -1 -2.1699 850.8289 185.9043 1242.0000 375.0000 1.5248 1.5692 3.6803 2.8449 1.6367 4.2872 -1.6163 0.5894
Car -1 -1 2.2698 0.0000 184.1575 140.4070 235.9818 1.4469 1.6039 3.8893 -17.1698 1.8388 23.0017 1.6340 0.3693
Car -1 -1 -0.6324 0.0000 109.8167 265.4718 375.0000 1.5302 1.6627 3.8573 -3.3815 1.4514 2.9200 -1.4463 0.1416
