Pedestrian -1 -1 1.1313 996.2333 132.7237 1090.4338 287.5586 1.8232 0.6439 0.9498 5.3910 1.2623 8.8240 1.6657 0.8127
Pedestrian -1 -1 0.9745 254.1630 168.0415 324.7064 294.0594 1.7452 0.5994 0.7860 -4.6219 1.5743 10.2501 0.5641 0.7809
Pedestrian -1 -1 1.0735 1051.8436 129.0620 1156.0518 285.8284 1.8129 0.6773 0.9158 6.0292 1.2197 8.6596 1.6664 0.6715
Pedestrian -1 -1 1.4087 857.4149 158.8568 882.1031 212.5919 1.8305 0.6567 0.9439 9.1785 1.0948 24.6072 1.7632 0.5123
Pedestrian -1 -1 1.4642 822.5884 162.3680 846.0345 217.8431 1.7706 0.6430 0.7785 7.4258 1.1934 23.0084 1.7740 0.4723
Pedestrian -1 -1 1.4151 842.5248 159.6485 868.6155 216.6535 1.8143 0.6773 0.8098 8.0985 1.1522 22.9573 1.7516 0.4237
Pedestrian -1 -1 1.3646 837.9136 159.3772 862.6220 212.7050 1.8268 0.6333 0.9403 8.5404 1.1048 24.7220 1.6950 0.4231
Cyclist -1 -1 2.2474 246.3216 169.7978 325.2265 251.4832 1.6997 0.5555 1.8410 -7.0709 1.4786 15.6684 1.8328 0.1662
Car -1 -1 2.4514 615.7191 176.1463 676.3973 201.6788 1.4596 1.5446 3.3955 2.4519 1.2121 42.0399 2.5108 0.4643
Car -1 -1 -1.3993 489.6058 178.5916 520.2527 199.6069 1.4613 1.5838 3.6463 -7.1754 1.3299 51.0090 -1.5366 0.4141
Car -1 -1 1.5738 528.2112 177.2936 553.0053 199.3022 1.5198 1.7078 4.4193 -4.6371 1.2997 51.0938 1.4855 0.2653
Car -1 -1 -1.0901 963.0667 136.7076 1224.0000 277.8786 1.6103 1.6947 4.2651 7.0819 1.1124 9.7926 -0.4775 0.1768
Car -1 -1 -0.7396 1077.1912 158.4677 1192.7808 193.4517 1.4817 1.6080 4.0211 23.1297 0.5500 30.9443 -0.1009 0.1167
