Pedestrian -1 -1 2.9674 291.4955 176.0199 319.4955 234.1532 1.6201 0.5330 0.6531 -8.7218 1.7124 20.5498 2.5702 0.4642
Pedestrian -1 -1 1.5130 379.2194 169.8671 400.7958 224.7817 1.7752 0.6418 0.6738 -7.2901 1.6790 23.7489 1.2179 0.2061
Car -1 -1 -0.2748 323.0710 177.9485 418.7662 211.1502 1.5371 1.6974 4.2140 -11.8900 1.8040 35.8610 -0.5931 0.8160
Car -1 -1 0.3251 134.1454 180.0984 266.6268 220.8880 1.5545 1.7390 4.3338 -16.5029 1.8606 29.1961 -0.1858 0.7893
Car -1 -1 2.6236 791.5403 168.6561 876.4164 196.3857 1.4363 1.6325 4.0650 11.9299 1.2192 38.6123 2.9208 0.3108
Car -1 -1 -0.4670 723.9879 168.3560 819.9344 201.1536 1.4893 1.6178 4.1348 7.5882 1.2854 34.0572 -0.2499 0.2329
Car -1 -1 2.4891 5.3058 185.6819 94.6423 215.9598 1.4115 1.5085 3.4035 -28.6929 2.1030 37.0327 1.8333 0.1895
Car -1 -1 2.3632 89.3675 182.4142 191.7906 215.8612 1.5113 1.6868 4.3843 -23.4852 2.0228 36.2511 1.7915 0.1885
Car -1 -1 2.4034 661.1013 174.1168 780.5420 222.7787 1.4384 1.5490 3.7040 3.5322 1.4821 23.0851 2.5527 0.1584
Car -1 -1 2.0290 459.6516 172.7767 502.0684 195.9671 1.7601 1.6777 4.0460 -10.1659 1.7546 56.9372 1.8528 0.1198
