Pedestrian -1 -1 0.4622 767.4473 156.6936 829.2368 255.7657 1.7965 0.5981 0.9612 3.6069 1.3664 13.3580 0.7217 0.8076
Pedestrian -1 -1 2.6789 661.8045 159.1532 725.4188 258.9963 1.8093 0.6287 1.0101 1.6152 1.4241 13.2733 2.7989 0.7687
Pedestrian -1 -1 2.3348 622.0404 160.6924 679.3411 252.3072 1.7812 0.6378 1.0100 0.8881 1.3977 14.3184 2.3971 0.7674
Pedestrian -1 -1 2.0969 735.8411 159.7097 789.7977 251.4865 1.7644 0.6253 1.0342 3.1309 1.3664 14.1809 2.3112 0.7269
Pedestrian -1 -1 -2.5877 829.9165 156.8220 888.5087 249.1063 1.7790 0.5941 0.9324 5.0487 1.3242 14.1742 -2.2509 0.7206
Pedestrian -1 -1 2.0082 691.8560 160.2901 739.7970 249.4304 1.7991 0.6213 1.0301 2.2985 1.3928 14.8661 2.1602 0.6887
Pedestrian -1 -1 2.2443 779.2373 158.3775 828.9189 245.0258 1.7780 0.5755 0.9100 4.1862 1.3257 15.0041 2.5127 0.4526
Pedestrian -1 -1 1.5266 732.7735 160.9406 749.7936 205.7952 1.8714 0.6650 0.9751 5.7603 1.0568 30.0245 1.7159 0.3333
Pedestrian -1 -1 -2.6950 716.0800 163.7814 741.4707 207.1309 1.7346 0.5843 0.8490 5.0144 1.0671 28.7719 -2.5226 0.1850
Pedestrian -1 -1 -1.5102 699.1622 165.8153 715.3507 207.3521 1.7163 0.6206 0.9133 4.2816 1.1110 29.7206 -1.3669 0.1827
Pedestrian -1 -1 2.4141 742.6935 155.2957 794.6549 237.8705 1.8295 0.5854 1.0305 3.7035 1.2727 16.1653 2.6368 0.1561
Pedestrian -1 -1 0.4173 839.5925 159.3841 891.6857 246.3470 1.7525 0.6114 0.8469 5.3980 1.3286 14.7575 0.7628 0.1245
Cyclist -1 -1 -1.4413 845.6230 158.1013 887.7807 250.5931 1.7543 0.5791 1.8848 5.3020 1.3311 14.3758 -1.0934 0.2065
Car -1 -1 -2.6367 559.9649 167.6567 787.9561 265.3839 1.6872 1.6997 4.2210 1.2555 1.4671 14.0863 -2.5481 0.1080
