Pedestrian -1 -1 1.4475 910.1185 157.5774 970.4826 293.1834 1.6930 0.5985 0.9107 4.3638 1.4085 9.3459 1.8732 0.8399
Pedestrian -1 -1 -1.0324 694.4940 155.6822 767.5757 280.4156 1.7782 0.6770 0.9925 1.8647 1.4260 10.6717 -0.8626 0.8141
Pedestrian -1 -1 2.1227 780.6526 155.9740 860.4868 296.5747 1.7562 0.6141 0.9452 2.8154 1.4515 9.3711 2.4071 0.7481
Pedestrian -1 -1 -1.6381 967.9134 152.3299 1023.6826 282.9738 1.7919 0.6313 0.9249 5.5959 1.4072 10.2440 -1.1494 0.6156
Pedestrian -1 -1 2.0923 873.2057 155.0582 943.5367 272.7717 1.8075 0.6161 1.0364 4.8565 1.4185 11.4119 2.4864 0.5816
Pedestrian -1 -1 1.9665 835.5386 156.0137 902.1554 279.8859 1.7583 0.6120 0.9841 3.9184 1.4124 10.6007 2.3127 0.4246
Pedestrian -1 -1 2.2627 822.8120 155.6514 891.2914 265.0466 1.8172 0.6273 1.0034 4.3304 1.4061 12.2685 2.5957 0.3580
Pedestrian -1 -1 2.2915 803.9512 150.4178 880.3661 272.0965 1.8547 0.6279 1.0477 3.7493 1.3978 11.3097 2.6050 0.2896
Pedestrian -1 -1 -2.2265 765.0905 165.3908 795.2196 216.6779 1.6953 0.5833 0.8593 5.8811 1.1974 23.8778 -1.9864 0.2372
Pedestrian -1 -1 1.9634 746.5999 166.2233 769.7291 215.9181 1.7210 0.5673 0.7173 5.3771 1.2281 24.9367 2.1748 0.2367
Pedestrian -1 -1 2.0950 781.2053 163.1465 808.7157 214.6711 1.7960 0.6147 0.8277 6.7322 1.1926 25.1509 2.3551 0.2157
Pedestrian -1 -1 2.3549 1189.5724 156.4808 1224.0000 235.8483 1.6091 0.5174 0.6812 12.5982 1.1238 14.6166 3.0572 0.1562
Cyclist -1 -1 -3.4284 924.6843 150.5692 1075.6866 281.3317 1.8157 0.5451 1.8347 5.6451 1.4017 10.2659 -2.9369 0.1135
Car -1 -1 0.2241 679.9193 172.6177 1032.4045 324.1573 1.6105 1.6770 4.1112 3.1666 1.5284 9.2904 0.5440 0.1220
