Pedestrian -1 -1 -0.2884 557.2170 171.5454 581.1492 213.1870 1.7310 0.6096 0.8695 -1.7649 1.6770 30.4260 -0.3464 0.1415
Pedestrian -1 -1 1.5261 497.3463 174.6394 514.4299 219.3174 1.7580 0.6433 0.7212 -4.2069 1.8307 28.8363 1.3819 0.1278
Cyclist -1 -1 -1.6951 560.1434 171.6184 579.4207 214.0142 1.7434 0.5727 1.9832 -1.7645 1.6929 30.6953 -1.7527 0.3715
Car -1 -1 3.4740 261.9438 183.0735 351.9912 211.0020 1.5409 1.7390 4.4586 -17.4234 2.1441 41.5510 3.0789 0.8218
Car -1 -1 2.9406 683.5590 171.3831 754.3474 197.9855 1.6444 1.7183 4.1581 6.8127 1.5538 45.5682 3.0877 0.6331
Car -1 -1 2.8105 763.8660 168.7026 839.4489 196.1340 1.6896 1.7267 4.2718 12.0072 1.4343 45.4602 3.0668 0.5406
Car -1 -1 -3.1387 593.5812 173.1020 665.3655 200.3040 1.6786 1.7549 4.4360 1.1931 1.6949 45.4796 -3.1131 0.5243
Car -1 -1 -1.0135 579.1436 172.3716 623.2580 193.0504 1.4950 1.5714 3.7437 -0.6509 1.4605 54.1703 -1.0258 0.1399
Car -1 -1 -1.2426 472.3350 175.0056 506.5632 194.2436 1.4871 1.5821 3.8060 -9.7116 1.6671 58.2271 -1.4074 0.1206
Car -1 -1 -3.3779 1096.3578 174.7303 1196.4648 203.8157 1.4489 1.5902 3.9207 27.8320 1.5510 37.6233 -2.7450 0.1182
