Pedestrian -1 -1 -1.3267 574.1837 176.7116 625.0460 289.8446 1.7303 0.6218 0.8948 -0.2065 1.7952 11.5724 -1.3457 0.8271
Car -1 -1 1.9033 755.7590 201.3183 885.3510 284.1582 1.3886 1.5665 3.6068 4.5192 2.0703 15.3415 2.1834 0.8290
Car -1 -1 -0.8060 311.9685 187.1165 453.0135 252.2322 1.4222 1.5118 3.3713 -5.7406 1.8231 18.4109 -1.1048 0.8068
Car -1 -1 1.7012 843.5651 198.8253 925.9047 264.5117 1.4464 1.6265 3.7896 7.4764 2.2251 19.5650 2.0602 0.6778
Car -1 -1 2.4043 235.0555 187.2887 402.5633 248.9487 1.4160 1.6662 4.2598 -7.9062 1.8604 19.9126 2.0304 0.6359
Car -1 -1 2.4506 181.3374 188.8304 323.8320 242.8885 1.3463 1.4817 3.6030 -10.3511 1.8563 21.0644 1.9985 0.4638
Car -1 -1 2.5826 4.3085 185.8385 146.2889 231.0635 1.4116 1.5795 3.8134 -18.9956 1.9128 25.7667 1.9521 0.3991
Car -1 -1 1.5034 1068.6710 184.5851 1102.2910 207.1770 1.4121 1.6244 4.4136 32.7559 2.2604 49.8308 2.0817 0.2661
Car -1 -1 -0.4147 0.0000 185.9649 103.7953 228.6391 1.4096 1.4962 3.4449 -21.1730 1.9319 26.8514 -1.0777 0.1926
Car -1 -1 1.6775 915.9666 189.7807 965.6888 226.5897 1.4796 1.6701 4.0904 15.2289 2.3101 33.1974 2.1035 0.1824
Car -1 -1 2.0926 375.6479 185.2243 451.1570 219.5629 1.3973 1.5359 4.0075 -8.9484 2.0005 33.0276 1.8296 0.1346
Car -1 -1 -0.5286 1184.9713 192.5968 1242.0000 243.3023 1.5350 1.6045 3.4610 21.3909 2.2185 23.8390 0.1959 0.1246
Car -1 -1 -1.6208 1096.0458 189.3483 1133.2133 216.8573 1.4559 1.5961 3.5442 29.5875 2.4701 42.4220 -1.0156 0.1205
