Car -1 -1 -1.7515 703.1543 183.4688 849.8766 288.7883 1.4284 1.6032 4.2708 2.5838 1.6424 12.3671 -1.5514 0.9169
Car -1 -1 -1.6827 668.0355 179.7001 752.2090 246.6785 1.4405 1.5846 4.0586 2.3264 1.6308 17.9724 -1.5570 0.8832
Car -1 -1 3.5982 14.6548 187.3791 341.0807 286.1582 1.4391 1.6813 4.2750 -6.8827 1.6960 11.7693 3.0785 0.8589
Car -1 -1 3.3362 306.5551 181.6827 445.2909 229.6642 1.4278 1.6274 3.9422 -7.3705 1.7208 22.8815 3.0275 0.7974
Car -1 -1 -1.6887 645.6476 178.6058 708.8963 229.1816 1.4515 1.5512 3.7643 2.0217 1.6508 23.0447 -1.6031 0.7917
Car -1 -1 1.7168 506.1012 178.1807 550.9635 212.1725 1.4621 1.5558 3.6182 -3.7603 1.7229 33.4428 1.6052 0.6942
Car -1 -1 3.3500 335.8612 176.4094 463.1135 224.1917 1.6372 1.6947 4.1152 -7.5022 1.7699 25.8601 3.0699 0.6290
Car -1 -1 0.6988 0.0000 213.3530 206.9546 375.0000 1.3855 1.6167 4.2074 -6.0270 1.7798 6.0817 -0.0602 0.4772
Car -1 -1 0.4674 177.8183 186.0329 421.7994 263.7268 1.4261 1.6634 4.2312 -6.1938 1.7102 14.5533 0.0711 0.4664
Car -1 -1 -1.6616 635.9856 177.9224 685.9401 220.1616 1.4683 1.5478 3.6022 1.8261 1.6735 27.3358 -1.5963 0.3899
Car -1 -1 -1.6010 617.1852 175.9343 648.5441 205.2334 1.4999 1.5801 3.5214 1.1639 1.6746 39.0675 -1.5720 0.2267
Car -1 -1 -1.6474 623.9614 175.0270 664.4164 210.1438 1.5242 1.5797 3.6703 1.4928 1.6307 33.4045 -1.6037 0.2155
