Pedestrian -1 -1 0.1966 916.9626 149.9710 1007.7318 308.7962 1.8034 0.5965 0.8855 4.2615 1.4584 8.5281 0.6470 0.4674
Pedestrian -1 -1 1.1860 839.8426 152.3473 917.6343 297.3507 1.8134 0.6285 0.9688 3.5402 1.4630 9.3312 1.5392 0.3796
Pedestrian -1 -1 -0.7470 1194.8040 165.9637 1224.0000 227.1703 1.6619 0.5916 0.7772 16.8734 1.2688 19.5046 -0.0403 0.3383
Pedestrian -1 -1 0.2518 894.1940 144.6439 980.8769 287.6318 1.8601 0.6254 0.9607 4.5307 1.3953 9.7375 0.6767 0.2472
Pedestrian -1 -1 2.4238 473.7663 168.7575 498.7961 217.5746 1.6897 0.6444 0.5921 -4.2096 1.2848 24.9011 2.2602 0.1042
Cyclist -1 -1 1.6292 475.5856 170.1053 494.1564 219.7714 1.6785 0.5355 1.7964 -4.2325 1.3287 24.8114 1.4641 0.6015
Cyclist -1 -1 -2.5244 1171.0146 165.0768 1224.0000 229.1309 1.6961 0.5820 1.8111 16.8651 1.2893 19.6666 -1.8220 0.1007
Car -1 -1 3.0827 524.9816 177.7636 576.1008 197.1227 1.4281 1.6050 3.7485 -4.1089 1.2275 53.1980 3.0077 0.4708
Car -1 -1 1.6323 598.4133 174.3312 632.3973 204.3260 1.4950 1.5664 3.4603 0.5725 1.1890 37.0218 1.6493 0.1597
Car -1 -1 0.3626 1178.5818 173.2433 1224.0000 237.5995 1.5238 1.5818 3.8330 17.8924 1.3536 18.8052 1.1162 0.1014
