Pedestrian -1 -1 -0.8344 778.8880 152.4988 819.3578 220.0483 1.8478 0.6570 0.9143 5.2631 1.2913 20.2605 -0.5843 0.2898
Car -1 -1 3.6406 52.3881 190.0019 188.4699 231.0717 1.5281 1.7101 4.1843 -19.4589 2.2368 28.7587 3.0498 0.6952
Car -1 -1 0.1573 435.1390 175.7655 508.5014 201.9363 1.5574 1.6854 4.1864 -8.4223 1.7392 44.0451 -0.0309 0.5951
Car -1 -1 3.5589 206.2671 188.1951 291.7429 217.9915 1.4701 1.5967 3.6250 -18.6864 2.2839 37.3764 3.0979 0.4792
Car -1 -1 3.3429 366.1663 180.7750 413.1211 197.9247 1.4873 1.6041 3.7671 -19.6725 2.2060 64.4501 3.0475 0.4417
Car -1 -1 3.4432 272.4744 182.5231 338.3026 207.2632 1.5191 1.6181 3.5495 -19.4247 2.1495 46.0390 3.0457 0.3333
Car -1 -1 3.5307 99.9321 190.3456 215.4190 224.8527 1.3826 1.6061 3.9092 -19.4827 2.1653 31.1529 2.9754 0.2995
Car -1 -1 -1.4450 396.2678 177.8449 419.5318 195.5191 1.5894 1.6309 3.9559 -19.0684 2.0753 68.1294 -1.7172 0.1883
Car -1 -1 -2.9781 480.8988 169.3195 539.6778 192.1996 1.7541 1.7830 4.3083 -7.7672 1.4835 56.2640 -3.1150 0.1628
Car -1 -1 1.9427 469.8445 178.1821 530.7793 209.9732 1.4378 1.5954 4.0596 -5.3603 1.7163 35.5080 1.7935 0.1428
