Pedestrian -1 -1 0.4879 636.3199 151.0568 706.5858 267.6783 1.8106 0.6115 0.9637 1.0347 1.3552 11.4915 0.5771 0.8239
Pedestrian -1 -1 1.5448 702.7474 165.3598 721.8529 215.8440 1.7933 0.6587 0.8826 3.8505 1.2570 25.5899 1.6941 0.3637
Pedestrian -1 -1 1.5110 1158.8766 147.8186 1224.0000 349.7677 1.7574 0.6576 0.5933 5.5420 1.4747 6.5803 2.1891 0.1690
Pedestrian -1 -1 -0.8870 337.1209 162.0459 366.0262 209.6156 1.8116 0.6391 0.8871 -9.8580 1.1103 27.4469 -1.2263 0.1485
Cyclist -1 -1 -2.8063 729.9742 148.4347 901.3306 315.7610 1.8353 0.5844 1.8941 2.4572 1.4853 8.5308 -2.5338 0.6486
Cyclist -1 -1 -0.2493 1094.4541 140.8451 1224.0000 357.0873 1.7993 0.6389 1.8555 5.6726 1.4710 6.5634 0.4414 0.1449
Car -1 -1 -2.2938 1024.8171 182.1407 1156.9559 227.8843 1.4203 1.5447 3.8247 16.3601 1.4824 24.0884 -1.7018 0.8244
Car -1 -1 -2.0847 959.4004 181.6077 1064.9875 227.3524 1.4432 1.5645 3.5386 13.7535 1.4853 24.1563 -1.5712 0.7239
Car -1 -1 -1.5865 603.3561 175.4906 633.9396 203.3814 1.3935 1.5280 3.4983 0.6743 1.1446 37.0725 -1.5668 0.5526
Car -1 -1 0.9923 1107.5089 182.6264 1224.0000 228.1608 1.4281 1.5851 3.8982 19.3451 1.5090 24.3692 1.6584 0.5173
