Pedestrian -1 -1 2.4391 0.0000 147.8348 164.7332 375.0000 1.7646 0.6695 0.7723 -2.7325 1.6639 3.3619 1.7938 0.1485
Car -1 -1 -1.7066 657.3965 186.5650 727.8147 240.1031 1.4268 1.5902 4.1280 2.4172 1.8923 22.3833 -1.6013 0.8909
Car -1 -1 -1.9301 732.5157 195.8634 970.0386 351.7323 1.4160 1.5078 3.5645 2.6511 1.7599 8.9323 -1.6521 0.8759
Car -1 -1 2.1143 124.2529 180.9878 241.9393 230.0964 1.4979 1.6315 3.9592 -14.4756 1.7987 24.6587 1.5880 0.7415
Car -1 -1 1.9570 283.4830 180.9657 346.9805 212.9753 1.4745 1.5902 3.8912 -14.7286 1.9033 36.1671 1.5725 0.7043
Car -1 -1 -1.6462 645.8621 185.9550 695.3460 227.3062 1.4256 1.6017 4.0411 2.2549 1.9744 28.1772 -1.5680 0.6188
Car -1 -1 -2.2681 877.8525 201.8250 1242.0000 375.0000 1.4947 1.5988 3.7663 2.7257 1.7032 3.2636 -1.6169 0.5729
Car -1 -1 1.5108 633.3662 183.6447 666.0678 211.5070 1.4476 1.5975 4.3934 2.1945 2.1000 41.3946 1.5628 0.5055
Car -1 -1 2.5371 0.0000 163.8226 170.0785 375.0000 1.6866 1.6953 4.1199 -6.2398 1.6361 6.2515 1.7739 0.3978
Car -1 -1 1.9173 369.6209 179.2445 412.5613 202.6378 1.4651 1.5425 3.7995 -14.5943 1.9093 48.1826 1.6244 0.2414
