Car -1 -1 -1.7556 694.2223 179.5493 795.1630 250.2122 1.4030 1.5565 3.8214 2.9186 1.5754 16.6096 -1.5856 0.8798
Car -1 -1 2.1615 114.2587 186.2064 230.1470 228.0916 1.4134 1.6884 4.3486 -16.8465 1.9724 27.9731 1.6234 0.8550
Car -1 -1 -1.9804 801.1646 186.8983 1242.0000 375.0000 1.4436 1.6644 4.4750 2.9330 1.6058 6.0579 -1.5497 0.8373
Car -1 -1 -1.6183 645.0815 177.1170 684.8171 213.3362 1.4490 1.5252 3.4471 2.2734 1.6429 31.0156 -1.5464 0.7489
Car -1 -1 2.0706 212.1246 184.1622 291.9903 218.0429 1.4130 1.5711 4.0341 -16.5532 1.9706 33.5066 1.6146 0.7421
Car -1 -1 -1.7104 673.3442 175.0748 742.9624 228.5661 1.4860 1.5727 3.7546 2.8683 1.5601 22.0854 -1.5837 0.7186
Car -1 -1 2.3757 0.0000 191.5449 70.7075 253.9909 1.4151 1.5508 3.8693 -16.9980 1.9736 19.5451 1.6665 0.6496
Car -1 -1 -2.7937 555.7943 176.8188 601.6814 192.6429 1.4758 1.6551 4.0903 -3.0186 1.8652 69.3944 -2.8374 0.2819
Car -1 -1 2.3896 349.4386 177.8052 392.8447 194.5282 1.4437 1.5358 3.6813 -21.6485 1.9068 65.4457 2.0710 0.1604
Car -1 -1 2.8341 12.9976 0.0000 1242.0000 375.0000 1.5074 1.6585 4.0330 -2.5735 1.6964 1.2819 1.8088 0.1054
