Pedestrian -1 -1 3.0715 483.7941 169.1387 510.9533 235.4281 1.7743 0.6246 0.6894 -3.1263 1.6752 19.6918 2.9154 0.2452
Car -1 -1 -1.8429 718.3492 170.9552 888.2979 279.5680 1.4815 1.6093 3.8726 2.8869 1.4559 11.8052 -1.6097 0.8680
Car -1 -1 -1.7548 658.6123 174.7083 740.7331 231.2094 1.4801 1.6192 4.1505 2.4693 1.5404 21.1657 -1.6410 0.7866
Car -1 -1 2.2361 37.0260 196.4061 168.2814 241.7176 1.3855 1.6544 4.2509 -18.4830 2.3215 26.4892 1.6314 0.7508
Car -1 -1 2.1291 161.6648 191.0641 247.8386 227.1827 1.4353 1.5578 3.9093 -18.2762 2.3105 32.6700 1.6222 0.6415
Car -1 -1 -1.7279 642.5821 175.7812 704.7406 219.1858 1.4768 1.6537 4.1912 2.2508 1.5954 26.9890 -1.6463 0.6250
Car -1 -1 2.0272 243.1269 187.5220 309.4883 217.2892 1.4518 1.6149 4.1456 -18.1393 2.2947 39.3460 1.5975 0.6031
Car -1 -1 -2.2343 910.8896 181.8561 1242.0000 375.0000 1.4397 1.6140 3.9483 2.8705 1.5049 3.1977 -1.5481 0.4771
Car -1 -1 -1.6883 626.6263 176.3672 665.7180 206.5006 1.4654 1.5782 3.8267 1.7934 1.6580 37.5088 -1.6414 0.4691
Car -1 -1 -1.4631 606.4539 175.4891 633.2252 196.3922 1.4375 1.5529 3.6116 0.7123 1.6345 51.9779 -1.4499 0.3189
Car -1 -1 1.8289 310.8568 186.2091 351.7986 209.7925 1.4145 1.5533 3.9863 -18.3881 2.3357 47.6798 1.4623 0.2975
