Car -1 -1 1.6502 507.7504 177.6858 548.1487 209.5293 1.4527 1.6595 4.1257 -4.0324 1.7057 35.6370 1.5379 0.7447
Car -1 -1 0.3849 246.2946 179.3967 402.2692 235.7986 1.5266 1.6340 3.7985 -8.1059 1.7211 20.5641 0.0134 0.7292
Car -1 -1 3.3644 386.7119 177.2964 473.4440 210.4456 1.5650 1.6591 3.8292 -8.7549 1.7872 35.1622 3.1217 0.7181
Car -1 -1 -1.5185 569.5886 175.4537 603.7531 205.7997 1.5235 1.6295 3.6938 -1.2349 1.6690 38.4044 -1.5510 0.6897
Car -1 -1 0.4950 115.6148 183.4997 333.8393 258.6756 1.5001 1.6345 3.8173 -8.1981 1.7414 15.4798 0.0147 0.6545
Car -1 -1 0.6329 37.4977 178.2820 323.3806 279.1196 1.6538 1.7312 4.2556 -7.6916 1.7605 13.0395 0.1085 0.6449
Car -1 -1 3.7799 0.0000 197.0486 205.6724 308.9846 1.4438 1.5831 3.5618 -8.1457 1.8224 10.4655 3.1306 0.5992
Car -1 -1 0.3289 300.1855 182.6915 428.3592 228.4916 1.4175 1.5529 3.6369 -7.9646 1.7483 23.4505 0.0045 0.5480
Car -1 -1 0.4123 174.5118 187.8293 357.4051 247.4328 1.3907 1.5829 3.8286 -8.5710 1.7841 18.0933 -0.0248 0.5396
Car -1 -1 0.3182 233.4362 167.6006 332.8387 199.5553 1.5852 1.6852 4.3148 -16.6604 1.3250 36.8535 -0.1039 0.2521
Car -1 -1 0.5139 0.0000 205.5327 112.2649 375.0000 1.4292 1.6108 3.9955 -8.0819 1.8443 7.8455 -0.2693 0.2424
