Pedestrian -1 -1 1.6842 284.7966 160.3631 310.6942 221.5827 1.8177 0.6258 0.8520 -9.3624 1.2213 21.4856 1.2806 0.6005
Pedestrian -1 -1 1.5567 323.1524 161.8615 341.8406 208.2894 1.8503 0.6985 0.6708 -11.0555 1.1090 28.6144 1.1936 0.2891
Pedestrian -1 -1 1.6588 303.6381 161.3479 323.4214 208.7253 1.8803 0.6742 0.7214 -11.7677 1.1217 28.4994 1.2729 0.1903
Pedestrian -1 -1 -1.5971 349.2163 159.7681 368.2325 211.5290 1.9080 0.6551 0.9187 -9.2979 1.1453 26.6024 -1.9278 0.1768
Pedestrian -1 -1 -0.1982 578.0859 167.5952 599.1088 205.8461 1.7538 0.6504 0.8648 -0.7827 1.1636 32.8253 -0.2201 0.1518
Pedestrian -1 -1 -0.2661 483.6859 166.6590 508.7193 209.2016 1.7848 0.6494 0.9171 -4.6620 1.2056 30.1411 -0.4162 0.1126
Cyclist -1 -1 -1.7120 578.5208 166.4608 596.7873 206.1510 1.7971 0.5803 1.9770 -0.8400 1.1629 33.0317 -1.7355 0.3442
Cyclist -1 -1 -1.7067 487.0356 166.8905 506.2317 209.8226 1.7763 0.5622 1.8928 -4.6672 1.2147 30.2354 -1.8565 0.3188
Car -1 -1 -2.2437 1030.2869 182.9011 1154.6779 228.1943 1.4044 1.5251 3.6259 16.3556 1.4937 23.9827 -1.6498 0.8173
Car -1 -1 -2.1159 958.1436 180.9647 1066.4263 227.4525 1.4679 1.5776 3.5337 13.7497 1.4864 24.1465 -1.6024 0.7442
Car -1 -1 0.9365 1099.4131 182.8144 1224.0000 228.8200 1.4470 1.6038 3.9850 19.2297 1.5352 24.4500 1.5981 0.7186
Car -1 -1 -1.5908 603.4935 174.7650 634.4445 203.1880 1.4213 1.5477 3.6025 0.6839 1.1360 37.1529 -1.5709 0.6242
Car -1 -1 2.4316 1040.1886 185.0270 1224.0000 258.1770 1.4784 1.5764 3.7457 11.7135 1.5839 15.3062 3.0763 0.1021
