Pedestrian -1 -1 -1.0824 835.0841 164.8944 889.8287 266.5582 1.8005 0.5877 0.9394 4.6111 1.6599 13.3121 -0.7567 0.7955
Car -1 -1 1.9843 1063.9167 193.0846 1235.0719 272.4650 1.4008 1.5547 3.6938 11.3056 1.8707 15.1450 2.6155 0.8287
Car -1 -1 -0.8146 651.1716 175.8521 776.0961 228.7669 1.4738 1.6529 3.7820 3.1786 1.5738 22.1278 -0.6745 0.6940
Car -1 -1 -1.5665 270.2152 176.6934 347.5773 249.8790 1.5392 1.5482 2.9834 -7.1255 1.6390 17.0213 -1.9578 0.5952
Car -1 -1 2.6382 439.0073 173.7843 518.7379 207.3307 1.4963 1.5457 3.3612 -6.1809 1.5426 33.9330 2.4590 0.5604
Car -1 -1 -0.4080 415.1642 173.0433 499.7876 205.2679 1.5281 1.6026 3.8069 -7.6197 1.5384 35.9877 -0.6156 0.5332
Car -1 -1 2.3772 600.5776 177.3045 718.5809 222.7434 1.3826 1.5691 3.9689 1.6726 1.5438 24.1953 2.4447 0.4862
Car -1 -1 1.9859 0.0000 170.4529 70.1126 226.3480 1.6700 1.7058 4.0841 -19.7325 1.5986 23.7511 1.2981 0.3621
Car -1 -1 2.5532 528.3202 174.3181 631.1156 215.8138 1.5108 1.6284 3.7320 -1.1926 1.5718 28.1493 2.5107 0.2657
Car -1 -1 2.4838 560.0143 176.5910 662.2885 219.2448 1.4367 1.5362 3.5229 0.0313 1.5819 26.2801 2.4843 0.2604
Car -1 -1 1.8425 1207.2200 189.0151 1242.0000 260.2914 1.4704 1.5677 4.0316 16.1459 1.8995 17.4046 2.5814 0.2456
Car -1 -1 -1.6898 256.7144 174.9837 316.1173 216.6448 1.5303 1.6836 4.2626 -13.1034 1.6230 28.9936 -2.1111 0.2423
Car -1 -1 -1.5361 263.7482 177.3909 332.5022 236.5988 1.4993 1.6546 3.9554 -8.9113 1.6436 20.7400 -1.9376 0.1782
