Car -1 -1 1.8285 348.2350 188.7928 487.3843 280.2954 1.4342 1.6193 3.8967 -3.5792 1.7858 13.9444 1.5809 0.9079
Car -1 -1 -1.8235 768.0410 187.4566 1008.5561 353.5867 1.4417 1.5832 3.8788 2.9302 1.6562 8.5942 -1.5066 0.8528
Car -1 -1 1.8042 425.2650 184.0853 522.2956 247.4492 1.4403 1.6143 4.1202 -3.5459 1.7729 19.2422 1.6237 0.8293
Car -1 -1 -1.6450 668.4816 181.1133 714.3757 218.9454 1.4191 1.5801 3.9902 3.2762 1.7856 29.9651 -1.5378 0.7813
Car -1 -1 -0.3228 859.7436 180.6808 1037.6840 241.5462 1.3960 1.5696 3.6504 8.1703 1.5995 17.7599 0.1015 0.6354
Car -1 -1 1.7754 472.2179 182.7159 541.9982 230.6355 1.4446 1.5728 3.9931 -3.4642 1.8096 24.6340 1.6365 0.6055
Car -1 -1 2.4341 0.0000 186.4895 199.1515 375.0000 1.5498 1.6250 3.6515 -3.4127 1.6346 2.6392 1.5702 0.4865
Car -1 -1 -1.5764 656.9308 179.0168 688.7006 208.6871 1.4746 1.6115 3.8072 3.3091 1.8217 38.6334 -1.4922 0.2863
Car -1 -1 1.6494 583.2474 177.9240 603.9366 195.7188 1.4437 1.4955 3.4275 -1.3922 1.8871 61.2877 1.6264 0.2831
Car -1 -1 1.6401 531.4956 181.9846 567.9485 212.6338 1.4359 1.5911 4.0005 -3.0786 1.9301 37.0112 1.5572 0.2806
