Car -1 -1 -1.7916 697.1255 185.0913 817.0938 264.7237 1.4379 1.6195 4.2511 3.0065 1.7436 15.8430 -1.6085 0.9172
Car -1 -1 -2.0041 762.4354 180.6044 1028.3362 330.0766 1.5470 1.6645 4.0611 3.4629 1.6751 9.7892 -1.6747 0.9030
Car -1 -1 1.9065 336.2305 178.3935 419.8164 223.4641 1.5037 1.6545 4.1484 -8.5043 1.7250 26.6827 1.6004 0.8345
Car -1 -1 2.2036 0.0000 180.6395 229.2869 281.8812 1.4487 1.6553 4.2091 -8.8012 1.6101 12.7863 1.6103 0.7526
Car -1 -1 -1.7184 681.1667 181.7449 750.7102 236.6445 1.4631 1.5366 3.4059 3.0275 1.7494 21.4918 -1.5812 0.7364
Car -1 -1 -1.7325 659.9763 182.3141 718.2037 225.9177 1.4157 1.5176 3.5177 2.7377 1.7806 26.0046 -1.6295 0.7012
Car -1 -1 1.8578 399.7365 180.4120 460.8256 216.3522 1.4564 1.5651 3.9975 -7.9592 1.8146 32.1239 1.6164 0.5793
Car -1 -1 1.8390 431.1656 179.7463 479.8721 210.3812 1.4773 1.5479 3.7086 -8.0145 1.8545 37.5430 1.6297 0.3137
Car -1 -1 -1.6361 652.1918 180.7512 697.1091 217.8817 1.4528 1.6437 4.2362 2.6950 1.8188 31.2705 -1.5515 0.2627
Car -1 -1 3.6528 0.0000 175.4801 67.6810 312.2703 1.5114 1.6633 4.1738 -9.9389 1.5511 9.4116 2.8544 0.1723
Car -1 -1 -0.1206 646.6638 178.4924 720.1710 204.7710 1.4420 1.5966 3.9673 4.0778 1.7677 40.7938 -0.0222 0.1457
