Car -1 -1 -1.3313 432.1496 190.6538 535.7720 258.5446 1.4511 1.6493 4.3868 -3.1881 1.9719 18.8457 -1.4974 0.9117
Car -1 -1 2.0225 177.9365 198.5105 290.2081 249.8173 1.4595 1.7381 4.1962 -12.7787 2.4154 24.7542 1.5499 0.8460
Car -1 -1 2.2100 0.0000 205.1222 165.1287 278.7364 1.4035 1.5350 3.4988 -12.4358 2.2458 17.0605 1.5873 0.7688
Car -1 -1 1.9565 1008.8537 166.1679 1242.0000 271.2011 1.4825 1.6891 4.4172 8.6733 1.3885 12.0908 2.5669 0.6654
Car -1 -1 2.0598 924.4296 171.0802 1106.9489 249.7832 1.4398 1.6062 4.0679 8.4298 1.4077 14.9814 2.5634 0.6156
Car -1 -1 -1.4675 559.5055 182.5067 603.1302 217.7214 1.5162 1.6660 4.0099 -1.3414 2.0022 34.2443 -1.5070 0.5865
Car -1 -1 2.1641 824.6191 175.0007 957.9833 228.8516 1.4171 1.6271 4.0698 8.1737 1.4853 20.9646 2.5305 0.5478
Car -1 -1 2.1259 865.1265 171.1911 1025.3230 236.2295 1.4477 1.6197 4.2681 8.3319 1.4111 17.9147 2.5545 0.5401
Car -1 -1 -0.3719 772.5669 175.6230 908.0991 219.1238 1.5342 1.7416 4.4294 8.3816 1.6406 26.5998 -0.0704 0.5265
Car -1 -1 1.8785 1155.7299 164.9724 1242.0000 304.7628 1.4719 1.6272 4.1375 8.9658 1.3892 9.3187 2.6286 0.4574
Car -1 -1 1.8527 292.7129 195.4137 343.5541 225.2469 1.4592 1.6144 3.8749 -16.2815 2.7836 40.3354 1.4709 0.4117
Car -1 -1 1.3120 719.7158 172.4872 751.8813 190.7161 1.5062 1.6580 4.3066 10.7131 1.4763 61.8357 1.4824 0.2114
