Car -1 -1 1.8526 236.4063 178.7169 448.6901 327.4423 1.6181 1.6448 3.9124 -3.4669 1.7159 9.9956 1.5260 0.8394
Car -1 -1 -3.7638 895.4337 173.3914 1242.0000 375.0000 1.4867 1.6272 3.9424 4.3063 1.4916 5.2359 -3.1034 0.7945
Car -1 -1 2.6215 771.0753 150.8281 1234.9059 327.8889 1.7408 1.7545 4.3057 4.1253 1.5246 8.1064 3.0767 0.7669
Car -1 -1 2.8370 689.2601 167.8638 835.1256 228.4468 1.6810 1.6741 3.8348 4.3302 1.5429 21.0517 3.0364 0.5723
Car -1 -1 1.7711 437.9245 170.1942 524.1543 239.5625 1.7667 1.6253 3.9726 -3.5735 1.6993 20.3820 1.5991 0.5694
Car -1 -1 1.7526 497.1736 176.4031 552.7221 216.4330 1.5152 1.5881 3.8850 -3.4647 1.6712 29.6516 1.6367 0.4081
Car -1 -1 2.8572 680.0178 172.9022 806.6581 222.2530 1.5396 1.6359 3.7481 4.2489 1.5416 23.5254 3.0330 0.3947
Car -1 -1 -0.5720 784.1160 162.5571 1079.5516 281.7927 1.6097 1.6673 3.7880 4.7039 1.4710 10.8882 -0.1748 0.2977
Car -1 -1 -0.1684 650.3466 174.8545 741.1747 208.0881 1.4962 1.6126 3.9698 3.8993 1.5920 33.5046 -0.0541 0.2743
Car -1 -1 -0.5890 648.8039 175.8818 768.0167 218.0513 1.4288 1.6174 4.1034 3.5596 1.5464 26.3089 -0.4566 0.2323
Car -1 -1 2.0456 514.2169 179.9143 573.0540 208.4258 1.4196 1.5661 3.8903 -3.5670 1.8227 39.0576 1.9547 0.2024
Car -1 -1 1.7965 464.8333 177.7473 533.7879 227.3518 1.5454 1.5588 3.6143 -3.7517 1.7259 24.7039 1.6467 0.1968
Car -1 -1 -0.3246 638.7228 173.4639 724.2524 205.9039 1.5733 1.6732 3.9539 3.5374 1.6054 36.3009 -0.2288 0.1717
