Pedestrian -1 -1 2.6831 802.6770 157.5864 918.1863 345.0769 1.7394 0.5755 0.8944 2.4448 1.5041 6.8976 3.0103 0.8535
Pedestrian -1 -1 1.8273 595.6883 162.5515 650.8317 280.5433 1.7811 0.6550 0.9637 0.2928 1.4722 11.2213 1.8538 0.8427
Pedestrian -1 -1 1.1052 490.8768 171.6918 543.5832 278.2978 1.6294 0.5238 0.8176 -1.4204 1.4563 11.2867 0.9847 0.8423
Pedestrian -1 -1 0.6813 517.3329 166.7637 589.6510 292.4857 1.7220 0.5550 0.8849 -0.7581 1.4995 10.1596 0.6102 0.6968
Pedestrian -1 -1 1.7887 461.5371 173.5807 505.7367 287.6956 1.6231 0.4962 0.7312 -1.7953 1.4890 10.4297 1.6243 0.6471
Pedestrian -1 -1 0.5819 638.4546 169.9561 721.4621 320.8422 1.6552 0.5626 0.7786 0.8450 1.5124 8.2143 0.6814 0.5602
Pedestrian -1 -1 1.8778 994.2491 133.8159 1133.9893 370.0000 1.8512 0.6515 0.8631 3.3428 1.5270 5.1949 2.4231 0.3721
Pedestrian -1 -1 1.5243 349.9028 164.1464 371.6159 218.9645 1.8297 0.6658 0.8169 -8.2842 1.1981 24.0960 1.1989 0.2384
Pedestrian -1 -1 0.4953 956.9084 132.7732 1158.6702 370.0000 1.8013 0.6577 0.8163 2.6588 1.5366 4.2513 1.0222 0.1928
Pedestrian -1 -1 0.7103 612.3403 171.3093 675.4655 294.4394 1.6433 0.4891 0.7383 0.5219 1.4872 9.8624 0.7625 0.1617
Pedestrian -1 -1 2.0769 905.8111 147.3496 1015.9833 370.0000 1.7988 0.5395 0.8087 3.0527 1.5132 6.1240 2.5199 0.1158
Car -1 -1 1.7531 411.1573 177.9291 506.7464 240.4230 1.4327 1.6613 4.1828 -3.6203 1.3154 18.3027 1.5626 0.7832
Car -1 -1 1.6341 614.2576 173.6161 644.9868 202.1617 1.6288 1.5987 3.7704 1.6373 1.0885 42.2991 1.6742 0.4733
Car -1 -1 -2.2578 999.7414 183.8639 1134.1608 236.6211 1.5414 1.6388 3.6328 14.6493 1.5690 22.6066 -1.6877 0.1837
Car -1 -1 -2.2471 1095.9705 190.3590 1226.0000 242.8680 1.4464 1.5263 3.5092 17.1288 1.6886 21.7232 -1.5851 0.1453
