Pedestrian -1 -1 1.2998 1177.3005 129.4182 1242.0000 250.5567 1.8404 0.6982 0.9186 9.5842 1.1808 11.5194 1.9810 0.3617
Pedestrian -1 -1 1.4246 0.0000 133.8959 94.0878 375.0000 1.8881 0.6564 0.8253 -4.6846 1.6041 5.7857 0.7661 0.3159
Pedestrian -1 -1 2.0653 966.1212 151.5668 1014.9099 241.2570 1.7049 0.5503 0.7746 7.4171 1.3006 14.1592 2.5389 0.2562
Pedestrian -1 -1 2.0181 1152.3939 145.9194 1202.6183 230.3206 1.7116 0.5863 0.6915 11.7826 1.1657 15.0470 2.6727 0.1953
Pedestrian -1 -1 2.1662 667.3467 169.6576 694.2123 223.9403 1.7310 0.5581 0.7288 2.2584 1.6294 23.4645 2.2602 0.1411
Pedestrian -1 -1 -1.3633 974.0514 150.5208 1010.9347 232.8015 1.7294 0.5600 0.8073 8.2520 1.2603 15.6523 -0.8863 0.1198
Pedestrian -1 -1 1.7481 691.7409 168.0670 714.6796 224.2632 1.7386 0.5906 0.7960 2.9030 1.5909 22.7886 1.8725 0.1183
Pedestrian -1 -1 -0.9958 1201.4197 145.2536 1242.0000 228.1996 1.7702 0.5938 0.8387 13.5251 1.1815 15.8028 -0.2973 0.1160
Pedestrian -1 -1 2.8697 0.0000 140.2784 119.5448 351.3858 1.8437 0.5324 0.9259 -5.3313 1.5596 6.8282 2.2254 0.1091
Cyclist -1 -1 -1.3338 634.2180 169.4534 654.1778 207.4427 1.7494 0.5246 1.8695 1.5933 1.5932 34.1956 -1.2882 0.3997
Cyclist -1 -1 -2.3156 952.4650 154.0248 1041.7131 243.6002 1.6443 0.4937 1.7173 7.4866 1.2990 14.1357 -1.8376 0.1022
Car -1 -1 2.0269 78.9637 185.5980 342.4131 322.8296 1.4616 1.5806 3.8010 -5.2129 1.6716 9.9506 1.5547 0.8694
Car -1 -1 -1.2759 374.8838 174.7114 476.2033 238.9093 1.6261 1.6600 4.0409 -5.1381 1.6844 20.4531 -1.5195 0.8516
Car -1 -1 1.8084 439.5489 177.9785 509.7342 223.4470 1.4677 1.5848 3.8640 -4.7753 1.6647 25.7059 1.6260 0.6072
