Pedestrian -1 -1 -2.6182 1025.7076 157.5031 1136.2980 311.8462 1.6711 0.5832 0.8907 5.4399 1.4238 8.1798 -2.0473 0.8831
Pedestrian -1 -1 1.4767 348.7232 158.3510 374.9529 225.0416 1.9115 0.6471 0.9607 -7.2049 1.2782 20.8314 1.1502 0.4890
Pedestrian -1 -1 -1.5085 287.0191 161.8324 307.6138 215.0953 1.7721 0.5896 0.7883 -10.4640 1.1526 23.9895 -1.9131 0.4050
Pedestrian -1 -1 1.8965 252.4743 159.3753 279.3198 212.5101 1.8508 0.6179 0.8460 -12.0498 1.1165 25.0794 1.4555 0.3846
Pedestrian -1 -1 -1.6456 312.4670 162.0385 332.5343 214.7835 1.7773 0.5912 0.7121 -9.7305 1.1568 24.2696 -2.0205 0.3710
Pedestrian -1 -1 0.3199 1026.3390 159.5153 1115.6775 299.3731 1.6630 0.5560 0.8098 5.8061 1.4151 8.8916 0.8839 0.2261
Cyclist -1 -1 -1.0373 142.4411 159.5636 202.3273 222.5489 1.7443 0.5522 1.9663 -12.5754 1.1661 20.5608 -1.5774 0.7321
Cyclist -1 -1 -2.7613 695.8484 164.1893 764.4514 228.4840 1.8340 0.5940 1.9142 3.6581 1.3703 20.9181 -2.5890 0.5576
Cyclist -1 -1 -2.4510 544.8696 164.7454 598.6165 220.5225 1.8085 0.5778 1.8579 -1.1575 1.2992 23.7087 -2.4974 0.4393
Car -1 -1 0.9208 1099.1573 183.5493 1224.0000 229.5997 1.4456 1.6063 3.9465 19.2209 1.5611 24.4354 1.5825 0.7071
Car -1 -1 -2.1042 958.5535 179.8912 1065.3883 227.0982 1.4940 1.5838 3.4875 13.7325 1.4763 24.1305 -1.5910 0.6840
Car -1 -1 -1.5894 603.3194 174.4846 634.4099 203.1810 1.4352 1.5550 3.5696 0.6813 1.1358 37.1438 -1.5695 0.6314
Car -1 -1 -2.1294 1040.8098 184.1171 1156.2122 229.3522 1.3948 1.5292 3.5392 16.4976 1.5277 23.8836 -1.5296 0.5832
