Cyclist -1 -1 -1.9233 676.1169 180.1431 702.7630 221.7481 1.7047 0.5188 1.8521 3.3414 2.0265 30.8585 -1.8172 0.2111
Car -1 -1 -3.5945 886.9524 175.1164 1153.3007 270.1551 1.7344 1.7361 4.2193 7.8264 1.7822 14.1668 -3.0994 0.7640
Car -1 -1 1.9963 203.6144 190.4882 283.5678 227.6046 1.4329 1.5944 4.0862 -16.1241 2.2635 31.8957 1.5313 0.6396
Car -1 -1 -1.4104 510.3763 185.9736 559.0750 222.5214 1.4790 1.6062 3.7116 -3.3655 2.1041 32.4581 -1.5135 0.6107
Car -1 -1 1.8348 312.0336 188.7008 369.7362 224.7354 1.4829 1.5670 3.7436 -12.3930 2.2577 33.3262 1.4809 0.6013
Car -1 -1 -1.6992 662.6673 185.3643 701.3445 213.9501 1.4156 1.5917 4.0235 3.8581 2.1371 39.5485 -1.6033 0.3773
Car -1 -1 -1.3728 526.3086 184.2397 568.7666 214.9604 1.5625 1.6473 3.7448 -3.4545 2.2264 40.0953 -1.4588 0.2367
Car -1 -1 1.0975 657.4429 186.0274 731.5576 224.4170 1.4395 1.4765 3.9241 3.4605 2.0366 30.5875 1.2084 0.1192
Car -1 -1 1.9842 370.4196 189.5993 417.0476 213.5839 1.5126 1.6292 4.0744 -15.1298 2.7362 50.5858 1.6946 0.1112
Car -1 -1 1.6224 717.7055 181.5125 737.0095 198.5170 1.4457 1.5373 3.9044 10.6607 2.2572 65.5197 1.7825 0.1020
