Car -1 -1 -1.7491 710.7162 189.3806 839.0789 288.6130 1.4212 1.5291 3.5574 2.6972 1.7543 12.7266 -1.5462 0.8588
Car -1 -1 -1.9321 788.8651 192.2526 1135.3579 375.0000 1.4322 1.4766 3.3988 2.6796 1.6519 6.4445 -1.5555 0.8111
Car -1 -1 -1.7288 678.6290 183.1558 762.5042 250.5658 1.4996 1.5535 3.3578 2.6527 1.7849 18.2577 -1.5878 0.8026
Car -1 -1 3.5046 154.3058 189.0412 406.4428 272.8150 1.5334 1.7053 4.2980 -6.5268 1.8817 14.5416 3.0889 0.7748
Car -1 -1 -1.7357 663.6661 182.3211 730.8822 235.4799 1.4975 1.5350 3.3977 2.6202 1.8182 22.6779 -1.6230 0.6785
Car -1 -1 -2.8346 302.5297 187.2165 465.0204 241.8673 1.5379 1.7284 4.3317 -6.7390 1.9867 21.6464 -3.1335 0.6743
Car -1 -1 0.5335 16.5178 182.4112 344.2863 294.5780 1.6285 1.7392 4.2150 -6.7271 1.7935 11.5270 0.0148 0.6534
Car -1 -1 -1.6591 653.2206 183.2975 702.9634 225.2535 1.4224 1.5309 3.6040 2.4579 1.8420 27.1587 -1.5706 0.5328
Car -1 -1 -2.3568 971.4496 195.9889 1242.0000 375.0000 1.4698 1.5713 3.6267 2.6079 1.5959 2.0707 -1.5246 0.5220
Car -1 -1 2.3635 0.0000 190.5072 109.9293 375.0000 1.5376 1.6376 4.0515 -5.3333 1.6988 4.5075 1.5237 0.3795
