Pedestrian -1 -1 -1.2223 424.8705 174.2881 491.0300 303.6688 1.7645 0.6453 0.9475 -2.2186 1.7865 10.3635 -1.4292 0.8779
Car -1 -1 1.8980 619.7375 195.7952 752.0674 281.4958 1.3781 1.5619 3.7352 1.6217 1.9104 14.7056 2.0044 0.8816
Car -1 -1 -0.7260 95.6131 188.2189 294.4397 267.2878 1.4314 1.5619 3.6418 -8.9401 1.8105 15.8045 -1.2340 0.7794
Car -1 -1 1.7519 708.9390 193.5935 794.2753 258.3674 1.4284 1.5937 3.7497 3.8164 2.0407 19.2494 1.9437 0.7657
Car -1 -1 -3.5311 1102.1907 189.8605 1242.0000 265.1307 1.4848 1.6407 4.2067 13.7825 1.9022 16.2793 -2.8382 0.5782
Car -1 -1 2.4158 0.1893 190.2505 222.8149 264.2766 1.3889 1.6354 4.2376 -11.4108 1.8501 16.8530 1.8277 0.4735
Car -1 -1 -0.4080 1072.8218 188.5654 1242.0000 244.9243 1.4868 1.5862 3.7600 15.7853 1.9687 20.9064 0.2313 0.4614
Car -1 -1 1.6735 778.7299 186.0651 824.5383 223.0595 1.5556 1.6857 4.2728 9.1187 2.2256 34.2739 1.9307 0.3302
Car -1 -1 -3.4406 1122.5839 193.5127 1242.0000 286.9214 1.4871 1.6571 4.2219 12.5118 1.9300 13.8290 -2.7165 0.3270
Car -1 -1 -0.4706 1175.1920 196.6129 1242.0000 309.4328 1.4897 1.5868 3.8227 11.5206 1.9099 11.4172 0.3057 0.2878
Car -1 -1 -1.5876 913.9738 187.0729 939.0069 208.2398 1.4261 1.6145 3.4601 23.2234 2.5101 53.0800 -1.1777 0.2036
Car -1 -1 -0.3440 1020.3262 187.1775 1160.6157 231.3242 1.4531 1.6335 3.8450 17.0109 1.9901 25.7901 0.2332 0.1887
