Pedestrian -1 -1 1.8203 259.4006 164.5221 294.5944 235.8273 1.8545 0.6438 0.9238 -8.9326 1.6382 19.2749 1.3912 0.4482
Pedestrian -1 -1 -0.2406 377.7722 165.6489 417.2921 230.5107 1.7592 0.6306 0.9317 -5.9605 1.5642 20.0739 -0.5261 0.2181
Pedestrian -1 -1 1.7139 234.2353 165.4504 264.9193 236.7940 1.8468 0.6121 0.8525 -9.6175 1.6555 19.1757 1.2542 0.1527
Cyclist -1 -1 -1.7697 382.6600 165.9479 416.5547 231.1835 1.7364 0.5443 1.9003 -5.9466 1.5529 20.1704 -2.0534 0.3809
Car -1 -1 -3.1792 632.4314 168.7989 812.5234 231.0926 1.5739 1.7459 4.5612 2.8950 1.4718 19.3412 -3.0336 0.8455
Car -1 -1 -0.6252 1027.5636 156.8718 1242.0000 221.7551 1.5985 1.7311 4.4334 13.4648 1.2051 18.6566 -0.0078 0.8392
Car -1 -1 -0.4068 839.2349 163.3393 1032.9453 226.9224 1.6039 1.7236 4.3393 8.4543 1.3643 19.0694 0.0043 0.7901
Car -1 -1 -0.8989 533.9213 169.5007 626.6735 211.4717 1.5415 1.6254 3.8431 -1.1481 1.4187 28.5288 -0.9393 0.6661
Car -1 -1 -1.0053 605.8937 162.0960 695.8776 207.0278 1.6362 1.6677 3.9684 1.6355 1.2448 28.3699 -0.9488 0.5733
Car -1 -1 -1.5662 1000.1059 154.6316 1048.5796 197.3451 1.5650 1.5623 3.7275 16.2728 0.8977 28.4390 -1.0511 0.2893
Car -1 -1 -1.2207 761.7894 158.6138 845.5424 203.4989 1.5780 1.7064 4.3892 7.4554 1.0777 27.6506 -0.9604 0.2376
Car -1 -1 -1.2734 858.3173 157.0367 932.3452 199.3758 1.5522 1.6154 4.0664 11.3027 0.9727 28.5449 -0.9001 0.1504
