Pedestrian -1 -1 1.0945 454.0254 157.1317 505.0237 253.4884 1.8463 0.6480 0.9320 -2.5533 1.4001 14.1097 0.9212 0.8176
Pedestrian -1 -1 1.5197 316.2294 158.8820 343.9981 228.8612 1.8349 0.6610 0.7913 -7.4407 1.2697 19.0303 1.1545 0.6858
Pedestrian -1 -1 -1.6751 194.0998 153.4884 225.4306 230.5981 1.8693 0.5941 0.9629 -9.9394 1.2161 17.7000 -2.1772 0.5827
Pedestrian -1 -1 1.5029 256.1079 158.0199 282.6566 228.9215 1.8075 0.5790 0.8141 -8.8321 1.2360 18.5165 1.0663 0.3041
Car -1 -1 -2.2389 1029.2708 183.0293 1154.2150 228.5407 1.4111 1.5317 3.6654 16.3471 1.5052 24.0108 -1.6458 0.8046
Car -1 -1 -1.7279 536.4521 172.8680 594.0874 212.6281 1.5091 1.7042 4.3366 -1.7387 1.2209 29.1303 -1.7851 0.7926
Car -1 -1 -2.1041 959.3014 181.2425 1066.9821 227.8268 1.4693 1.5734 3.5518 13.7758 1.4980 24.1423 -1.5897 0.7123
Car -1 -1 0.9483 1098.0388 183.0130 1224.0000 228.9379 1.4443 1.6161 4.0546 19.2347 1.5403 24.5121 1.6088 0.7060
Car -1 -1 -1.5847 603.1193 174.7624 634.1236 203.1598 1.4192 1.5495 3.6815 0.6769 1.1339 37.1757 -1.5650 0.6636
Car -1 -1 2.0235 528.1938 168.8288 564.8950 188.4558 1.6849 1.6599 4.0116 -5.1357 0.6842 62.8623 1.9441 0.2877
