Car -1 -1 -1.6427 913.8137 157.5973 1009.9606 238.1078 1.5835 1.6081 3.9659 7.7719 1.2838 16.3279 -1.2059 0.7504
Car -1 -1 -0.9269 951.9312 181.0631 1242.0000 312.7484 1.3507 1.5664 3.8950 6.3326 1.4683 8.9349 -0.3264 0.6631
Car -1 -1 -2.3427 215.2202 160.0275 345.9655 209.9052 1.6563 1.7294 4.2658 -11.7028 1.2307 25.5399 -2.7687 0.6421
Car -1 -1 -1.5336 800.1729 149.0307 870.0746 219.1778 1.7611 1.7018 3.8696 6.3138 1.1634 20.2192 -1.2355 0.5393
Car -1 -1 0.4234 1053.1287 180.2854 1242.0000 375.0000 1.5105 1.6062 3.7279 3.4427 1.5535 2.1518 1.3753 0.4569
Car -1 -1 0.4352 1064.6206 159.2611 1242.0000 375.0000 1.5383 1.6223 3.8568 5.5176 1.4825 5.0647 1.2343 0.3815
Car -1 -1 -2.4121 291.6403 159.1059 409.3110 204.8787 1.6755 1.7318 4.2198 -10.1158 1.1726 28.0046 -2.7559 0.3214
Car -1 -1 2.4751 11.6595 157.6559 237.7648 234.9781 1.5485 1.6994 4.1640 -11.0123 1.2445 16.6921 1.8991 0.2768
Car -1 -1 -1.5900 895.0691 151.6736 950.6807 200.4756 1.5824 1.6767 4.1467 10.9953 0.8960 25.6296 -1.1891 0.2626
Car -1 -1 -2.1326 145.6470 158.9734 278.3001 211.8910 1.5344 1.6542 4.2344 -12.5816 1.1323 22.6708 -2.6345 0.2519
