Pedestrian -1 -1 1.9816 396.0412 165.2823 471.7094 310.9797 1.6524 0.5892 0.8551 -2.0595 1.4517 8.4871 1.7530 0.8512
Pedestrian -1 -1 2.6986 366.7186 158.1134 448.1703 297.9232 1.8012 0.6332 0.8852 -2.7086 1.4806 9.6316 2.4341 0.8249
Pedestrian -1 -1 3.2222 448.1834 159.4894 502.0044 263.8746 1.7992 0.6551 0.8896 -2.2984 1.3935 12.5492 3.0468 0.7749
Pedestrian -1 -1 0.5171 461.1939 164.1771 512.1358 247.8540 1.7654 0.5933 0.9187 -2.5592 1.3674 15.3502 0.3567 0.6846
Pedestrian -1 -1 3.2829 477.2191 163.3402 520.4331 236.6320 1.8464 0.6094 1.0196 -2.6927 1.3498 18.1133 3.1393 0.6200
Pedestrian -1 -1 3.0679 483.0938 164.0685 521.6591 235.3785 1.8571 0.6276 0.9733 -2.7158 1.3626 18.8179 2.9285 0.5668
Pedestrian -1 -1 1.7061 688.7441 166.5188 713.4402 231.8975 1.7202 0.5785 0.6342 2.6069 1.2851 18.9811 1.8418 0.3791
Pedestrian -1 -1 1.6797 228.3358 141.7449 326.9193 370.0000 1.8154 0.6241 0.6223 -2.5563 1.5179 5.4945 1.2663 0.2655
Pedestrian -1 -1 2.0731 512.5615 165.1362 541.3984 217.8945 1.8197 0.6795 0.8612 -2.6953 1.2012 24.9111 1.9683 0.1876
Car -1 -1 -1.6023 562.3195 181.8657 671.2406 280.5679 1.3910 1.5385 3.5779 0.1129 1.3749 11.7634 -1.5918 0.7130
Car -1 -1 2.0336 342.7377 181.2481 402.2858 209.0888 1.4208 1.5514 3.6878 -12.3243 1.3272 38.0187 1.7243 0.6458
Car -1 -1 -1.6106 571.1812 172.0994 600.8340 197.6172 1.4898 1.6531 4.2050 -1.0793 0.8484 43.4257 -1.6335 0.5426
Car -1 -1 1.6936 495.3893 174.7405 530.6791 201.8861 1.4924 1.5657 3.7131 -5.1329 1.0337 40.7246 1.5709 0.3246
Car -1 -1 -0.3744 812.2501 164.5819 890.4026 192.2497 1.5999 1.6877 4.0185 14.6447 0.5299 41.8005 -0.0381 0.2356
Car -1 -1 1.9673 429.7899 174.7656 473.0535 196.0348 1.4974 1.6153 4.1724 -11.0645 0.9113 51.9756 1.7606 0.2142
Car -1 -1 -1.5853 577.7826 174.2592 638.4420 228.7031 1.4720 1.6408 4.0234 0.0899 1.2341 21.1300 -1.5796 0.1783
