Pedestrian -1 -1 1.0542 751.1336 152.1172 816.6869 270.9461 1.8682 0.6251 1.0137 2.8940 1.4237 11.6845 1.2925 0.8945
Pedestrian -1 -1 0.9045 791.4340 149.1732 876.1098 292.2466 1.8546 0.6328 0.9803 3.0818 1.4502 9.7312 1.2036 0.8639
Pedestrian -1 -1 1.0900 681.5485 154.7359 748.1465 279.9710 1.8580 0.6596 0.9474 1.6539 1.4774 11.0404 1.2363 0.7922
Pedestrian -1 -1 0.7817 823.7481 151.4885 906.6012 287.5722 1.8557 0.6112 0.9699 3.6926 1.4618 10.2065 1.1207 0.7406
Pedestrian -1 -1 1.0560 712.1122 151.5487 777.9362 272.2300 1.8754 0.6494 0.9849 2.2267 1.4271 11.5533 1.2431 0.6995
Pedestrian -1 -1 1.0241 427.1758 167.0569 453.4597 216.3817 1.7332 0.6296 0.7310 -5.9271 1.2623 25.3208 0.7987 0.3191
Pedestrian -1 -1 -1.9567 412.4104 168.2160 435.2180 217.5489 1.6971 0.5916 0.6005 -6.3693 1.2761 24.7353 -2.2039 0.1641
Car -1 -1 -2.2271 1029.7882 182.9234 1153.7312 228.2825 1.4078 1.5261 3.6649 16.3520 1.4981 24.0165 -1.6340 0.8126
Car -1 -1 0.9523 1100.5574 182.8418 1224.0000 228.6148 1.4396 1.6027 3.9792 19.2538 1.5289 24.4616 1.6143 0.7215
Car -1 -1 -2.0943 959.2472 180.7388 1066.2825 227.7415 1.4870 1.5883 3.5375 13.7721 1.4973 24.1569 -1.5803 0.6788
Car -1 -1 -1.5953 603.4938 175.1755 634.7488 203.4627 1.4144 1.5506 3.5617 0.6902 1.1496 37.1338 -1.5752 0.6222
