Car -1 -1 -2.0032 829.6346 186.2557 1242.0000 375.0000 1.4696 1.5650 3.7968 2.8355 1.6032 5.2417 -1.5318 0.8580
Car -1 -1 -1.9212 726.5748 178.3645 939.2673 304.4109 1.5084 1.6433 4.1283 3.0371 1.6086 10.9462 -1.6586 0.8494
Car -1 -1 3.0246 104.6630 188.7518 396.4029 302.0695 1.3727 1.5298 3.7108 -5.3420 1.6481 10.8385 2.5758 0.7776
Car -1 -1 -1.6253 608.3652 170.6600 665.9518 227.1506 1.6959 1.6545 3.6337 0.7672 1.6304 23.4945 -1.5938 0.5122
Car -1 -1 3.2503 0.0000 191.3432 250.7542 375.0000 1.4376 1.5636 3.8119 -4.9887 1.6212 5.4139 2.5300 0.5022
Car -1 -1 -1.2808 483.3371 179.3972 527.4266 205.6582 1.4579 1.5994 3.7308 -6.2151 1.8660 42.9943 -1.4239 0.3552
Car -1 -1 -1.7685 377.2346 179.6909 407.9110 199.8367 1.4779 1.5946 3.7040 -17.0193 2.0308 56.3028 -2.0610 0.3077
Car -1 -1 -1.8426 406.6805 179.7007 441.9232 200.2109 1.5047 1.6424 4.0631 -14.6132 2.0623 56.5512 -2.0947 0.2885
Car -1 -1 1.3033 578.7146 180.3901 611.9266 199.9247 1.4532 1.6382 4.0054 -1.2332 2.0765 57.4887 1.2815 0.1947
Car -1 -1 -1.5818 323.8239 180.3660 346.5372 200.7346 1.4883 1.6027 3.6002 -21.4255 2.0937 56.1399 -1.9450 0.1872
