Car -1 -1 0.3225 113.8210 190.6258 395.0939 276.5492 1.3995 1.6591 4.3400 -6.3849 1.7536 13.2770 -0.1185 0.9190
Car -1 -1 -1.8931 724.2290 187.2449 968.6398 343.4582 1.4181 1.5533 3.9171 2.5432 1.6361 8.9134 -1.6252 0.8833
Car -1 -1 -1.6686 636.6808 181.6458 693.4337 227.5225 1.4441 1.5873 4.0708 1.8268 1.7809 25.5542 -1.5988 0.8424
Car -1 -1 -1.7243 651.6403 184.0075 734.5174 243.5584 1.3973 1.5907 4.2992 2.1267 1.7396 19.9328 -1.6204 0.8274
Car -1 -1 3.2607 365.6840 182.7035 467.4573 218.9704 1.4358 1.6192 3.9521 -8.0691 1.8635 30.2261 3.0016 0.7415
Car -1 -1 3.3619 259.1261 185.7165 425.7976 243.3379 1.4109 1.6207 3.8917 -7.0413 1.7720 19.1849 3.0141 0.6677
Car -1 -1 -1.6533 621.9593 181.3923 666.8258 218.4442 1.4278 1.5758 3.8101 1.3606 1.8135 30.6272 -1.6100 0.6449
Car -1 -1 -2.1970 879.8561 192.0227 1242.0000 375.0000 1.4474 1.6269 4.1266 2.9289 1.6020 3.7397 -1.5710 0.6296
Car -1 -1 1.6570 517.6556 181.0479 547.8156 204.5209 1.4084 1.5940 4.1971 -5.0074 1.9652 46.8806 1.5507 0.4277
Car -1 -1 0.1993 310.1198 184.6247 462.5640 236.4953 1.4496 1.6503 4.1198 -6.6484 1.8196 21.6421 -0.0959 0.4133
Car -1 -1 3.2546 379.4879 176.8091 478.2851 214.0352 1.6389 1.7217 4.2317 -8.2797 1.8271 33.1327 3.0112 0.1928
