Pedestrian -1 -1 1.5782 862.1449 144.6277 933.8338 325.4665 1.8109 0.6740 0.9598 3.1295 1.4270 7.6454 1.9534 0.8834
Pedestrian -1 -1 1.3543 552.0421 158.8103 590.9348 249.3297 1.7773 0.6109 0.8964 -0.6896 1.3016 14.3893 1.3088 0.8674
Pedestrian -1 -1 0.7726 564.7308 155.2443 624.0351 260.4726 1.7928 0.5981 0.8882 -0.1981 1.3195 12.5635 0.7585 0.8530
Pedestrian -1 -1 -1.9432 758.9899 162.2157 823.8359 290.5766 1.6649 0.5674 0.8704 2.5042 1.3953 9.6321 -1.6957 0.8505
Pedestrian -1 -1 0.3668 439.3174 161.8259 491.8821 250.2909 1.6894 0.5688 0.8648 -2.7249 1.2844 13.8539 0.1784 0.8150
Pedestrian -1 -1 0.7635 370.4082 167.7238 413.6674 240.2332 1.6413 0.5170 0.8398 -4.9354 1.2944 16.4218 0.4784 0.6756
Pedestrian -1 -1 0.6514 386.4257 167.1132 426.8340 237.2890 1.6784 0.5350 0.7913 -4.8377 1.2973 17.3021 0.3850 0.5894
Pedestrian -1 -1 0.0024 292.2677 165.1859 329.0363 230.9570 1.6684 0.5297 0.8703 -7.6106 1.2152 18.3388 -0.3833 0.5893
Pedestrian -1 -1 2.4754 336.2100 168.5272 371.5327 231.4341 1.6456 0.5413 0.7103 -6.7014 1.2656 18.9364 2.1421 0.4354
Pedestrian -1 -1 2.3344 787.0263 160.8245 892.1225 350.1339 1.7190 0.5678 0.8117 2.2428 1.5181 6.8592 2.6379 0.3812
Cyclist -1 -1 0.8588 670.1681 158.8826 753.5371 253.1293 1.7216 0.5414 1.8254 2.0532 1.2805 13.8256 1.0043 0.6128
Car -1 -1 -2.1287 1048.6715 180.9720 1182.9360 226.1450 1.4187 1.6463 4.3917 17.4946 1.3530 24.4410 -1.5120 0.6685
Car -1 -1 -2.1688 1128.5844 181.6108 1226.0000 224.9323 1.3846 1.5729 4.1153 20.5289 1.3381 24.7135 -1.4804 0.5714
Car -1 -1 0.3997 685.4965 163.8811 836.9712 230.0630 1.7656 1.7116 3.9754 4.5580 1.2540 20.7031 0.6147 0.5573
Car -1 -1 1.4794 615.0295 169.6051 645.6421 196.1284 1.6029 1.5960 3.7056 1.6952 0.7882 44.6172 1.5188 0.4703
Car -1 -1 -2.1282 974.3491 179.0769 1080.6167 224.6371 1.4919 1.5833 3.4872 14.8068 1.3612 24.9105 -1.5959 0.4590
