Car -1 -1 -1.8631 727.6548 184.0926 953.4992 325.3553 1.4608 1.6447 4.2994 2.8021 1.6504 9.9754 -1.5981 0.8855
Car -1 -1 1.7511 460.4191 183.4417 534.2208 234.5073 1.4405 1.6453 4.0044 -3.5704 1.8112 23.2154 1.5995 0.8453
Car -1 -1 -1.6791 695.6469 183.3324 779.9845 251.0311 1.4289 1.5863 4.0088 3.0037 1.7190 17.9044 -1.5165 0.8362
Car -1 -1 1.8902 268.6988 176.0406 473.6045 305.9922 1.6634 1.7547 4.3113 -3.5631 1.7242 11.5165 1.5957 0.7837
Car -1 -1 -1.6213 658.4391 180.4846 691.3679 209.0755 1.4353 1.5752 3.8721 3.4484 1.8713 39.2308 -1.5348 0.6863
Car -1 -1 -0.2151 778.6359 178.9340 892.3170 217.1426 1.3670 1.5680 3.8142 8.3350 1.6032 27.0438 0.0802 0.6517
Car -1 -1 1.7354 491.2469 181.7928 550.9214 223.8871 1.4821 1.6518 4.3119 -3.4699 1.8629 28.5215 1.6148 0.6501
Car -1 -1 2.3379 0.0000 203.8704 270.4431 375.0000 1.5117 1.5645 3.5711 -3.3996 1.7424 3.5391 1.6095 0.5110
Car -1 -1 1.5752 550.6218 180.5725 576.2155 205.1311 1.4633 1.5679 3.8948 -3.0095 1.9795 46.2323 1.5101 0.3084
Car -1 -1 1.6890 516.5258 181.5734 561.1509 216.0505 1.4701 1.6045 4.2015 -3.3234 1.9063 33.9509 1.5916 0.1994
