Pedestrian -1 -1 1.7040 166.1941 160.2642 206.9657 245.6580 1.8643 0.6799 0.8768 -9.5929 1.5898 16.2849 1.1785 0.3013
Car -1 -1 -1.8084 697.0096 180.8532 784.5742 239.9795 1.5191 1.6072 3.8947 3.6591 1.7753 21.0742 -1.6396 0.8635
Car -1 -1 -2.2626 0.0000 182.0469 238.5220 291.4695 1.4170 1.5924 3.7632 -7.7886 1.5713 10.8165 -2.8753 0.8283
Car -1 -1 2.0792 212.0981 178.7516 357.1523 240.3845 1.4540 1.7023 4.2844 -8.7071 1.6331 19.6567 1.6668 0.8271
Car -1 -1 -1.7307 669.9109 181.4021 730.6393 224.2398 1.4427 1.6101 4.1260 3.2785 1.7905 27.2286 -1.6129 0.8168
Car -1 -1 1.8428 432.1146 176.7632 482.6288 208.6354 1.5722 1.6188 3.8906 -8.0245 1.7896 38.0720 1.6360 0.7163
Car -1 -1 1.9116 310.3700 178.0788 401.2888 227.0099 1.4795 1.6249 3.9897 -8.4608 1.6700 24.2433 1.5788 0.6358
Car -1 -1 -1.6482 667.0667 181.5914 706.6257 215.7420 1.4303 1.5128 3.4528 3.4117 1.8496 32.8535 -1.5463 0.4384
Car -1 -1 1.8723 465.2029 178.1425 511.2456 204.9693 1.5178 1.6274 4.0342 -7.3588 1.8544 43.7600 1.7063 0.2783
Car -1 -1 -1.4881 651.8434 181.4333 684.2797 208.0873 1.4392 1.5876 3.8682 3.4105 1.9669 42.3056 -1.4088 0.1664
