Pedestrian -1 -1 -0.9635 258.2644 176.9983 352.6320 327.9757 1.7439 0.6510 0.9363 -3.7814 1.7983 8.8872 -1.3560 0.8605
Car -1 -1 1.9222 483.8764 199.2721 631.7345 296.8583 1.3841 1.5371 3.6086 -0.8542 1.9404 13.2337 1.8577 0.9013
Car -1 -1 1.8030 581.6062 197.4858 675.5059 266.9127 1.4341 1.5746 3.6642 0.5234 2.1257 18.2736 1.8300 0.7907
Car -1 -1 -3.5264 966.4088 193.8546 1196.5396 264.5146 1.4745 1.6284 4.2161 10.8212 2.0014 16.9191 -2.9662 0.5234
Car -1 -1 2.7075 886.6181 190.4406 1010.6821 230.9946 1.4197 1.5965 3.8522 12.4495 2.0920 26.7603 3.1380 0.4601
Car -1 -1 -0.5405 1036.3298 199.1363 1242.0000 300.4448 1.4575 1.5744 3.8552 9.3994 1.9281 11.9020 0.1151 0.3808
Car -1 -1 -0.4440 1102.8475 201.7454 1242.0000 341.2953 1.4604 1.5865 3.8569 8.8969 1.8909 9.4177 0.2965 0.3210
Car -1 -1 1.7249 653.8441 185.8674 704.6842 225.5566 1.6564 1.7431 4.3216 3.2848 2.3105 33.9336 1.8198 0.3171
Car -1 -1 -3.4828 982.5510 195.3244 1242.0000 283.6592 1.4842 1.7027 4.5117 9.9874 1.9717 14.2368 -2.8816 0.2832
Car -1 -1 2.6317 936.4786 191.1790 1085.4330 244.0021 1.4937 1.5952 3.6181 11.9854 2.0685 21.7929 3.1281 0.2713
Car -1 -1 -0.7061 0.0000 198.7553 117.0137 303.1952 1.4271 1.6360 4.1285 -11.4380 1.9756 13.0983 -1.4140 0.1548
Car -1 -1 1.5169 843.3708 188.1330 880.9921 220.9530 1.5053 1.6051 3.3941 12.7302 2.3213 36.6660 1.8479 0.1491
Car -1 -1 -0.5630 851.5612 189.7586 945.7504 226.4596 1.5081 1.5711 3.5654 12.6415 2.2787 31.7690 -0.1882 0.1250
