Car -1 -1 0.4967 238.9530 187.3651 442.0811 258.4538 1.4059 1.5977 3.8706 -5.8709 1.7451 15.7743 0.1453 0.8895
Car -1 -1 1.7724 137.4203 189.7827 224.6127 245.6497 1.4363 1.5385 3.6181 -12.8289 1.9918 21.6959 1.2435 0.7745
Car -1 -1 1.8722 24.5562 191.8593 107.1103 232.8104 1.4083 1.5548 3.7925 -21.6158 2.2201 28.7579 1.2319 0.7610
Car -1 -1 2.0032 0.0000 194.3607 44.9471 253.5343 1.4821 1.6261 3.9880 -19.0011 2.1951 21.7659 1.2915 0.3854
Car -1 -1 1.7499 156.9840 184.5523 233.1523 232.2739 1.5457 1.7053 4.2018 -15.3046 2.0164 26.7432 1.2341 0.2623
Car -1 -1 1.8869 64.7773 188.7796 138.5147 224.8667 1.4910 1.6237 4.1163 -23.8551 2.2897 33.9606 1.2781 0.2434
Car -1 -1 2.1117 203.0332 185.9881 268.0234 214.4398 1.4556 1.5379 3.7305 -21.0199 2.2297 40.5883 1.6362 0.2016
Car -1 -1 -3.0827 1112.5234 164.2838 1242.0000 205.9192 1.4499 1.6171 3.9622 21.3001 1.1518 27.0390 -2.4209 0.1959
Car -1 -1 -2.7699 785.1083 178.6500 843.5762 200.3225 1.4239 1.5704 3.5732 14.1174 1.8397 50.0136 -2.4968 0.1740
Car -1 -1 -2.5494 623.3907 179.0621 690.5796 203.6657 1.4455 1.6350 3.9569 2.8839 1.8505 45.1775 -2.4866 0.1620
