Car -1 -1 -0.3809 780.7346 178.4708 1113.5723 302.9422 1.5087 1.6337 3.7005 4.2719 1.5911 9.6787 0.0226 0.8108
Car -1 -1 2.8659 679.4386 180.9090 847.1772 235.7233 1.4160 1.6364 4.2356 4.1049 1.6494 19.8996 3.0657 0.7716
Car -1 -1 1.7542 400.9523 178.3359 508.6373 265.0620 1.6417 1.6069 3.8806 -3.3161 1.7774 15.8591 1.5506 0.7399
Car -1 -1 2.0067 0.0000 165.2137 397.3303 375.0000 1.7083 1.6623 4.1150 -3.4369 1.6594 6.7283 1.5494 0.7367
Car -1 -1 2.7218 717.5260 176.3409 1006.2875 274.2521 1.5027 1.6867 4.3058 4.0888 1.5672 12.2105 3.0368 0.6420
Car -1 -1 2.5239 851.7996 159.1997 1242.0000 353.2515 1.6779 1.6919 3.8322 4.5733 1.5602 7.2179 3.0695 0.5976
Car -1 -1 2.8565 662.5316 176.2993 800.3123 228.3287 1.5349 1.6446 3.9267 3.6839 1.6477 22.4859 3.0160 0.5695
Car -1 -1 1.9819 447.9558 186.9867 539.2154 236.9330 1.4193 1.5511 3.8312 -3.7662 1.9242 23.7091 1.8253 0.4897
Car -1 -1 1.9208 300.8173 188.2615 461.5435 300.8946 1.4827 1.4478 3.0582 -3.5329 1.7620 11.4926 1.6281 0.3901
Car -1 -1 1.6092 622.2895 179.1894 644.5739 200.2602 1.5315 1.5758 3.7345 1.8048 2.0361 55.5120 1.6411 0.1909
Car -1 -1 1.6616 506.7934 176.0632 546.1320 212.8360 1.7903 1.6677 4.1200 -4.3300 1.9670 37.5675 1.5471 0.1467
