Car -1 -1 -1.7619 701.2282 179.6325 814.0687 261.2128 1.5097 1.6183 3.9326 2.9991 1.6756 15.6486 -1.5770 0.9155
Car -1 -1 1.9420 156.0787 187.0890 437.2554 349.6073 1.5092 1.7068 4.3514 -3.6528 1.7353 9.2587 1.5751 0.8379
Car -1 -1 -1.6464 662.5388 180.9695 714.9186 223.9565 1.4332 1.6080 4.1550 2.8207 1.7603 26.9444 -1.5439 0.7781
Car -1 -1 1.8830 348.9059 191.0087 488.6422 281.7346 1.4392 1.5389 3.7270 -3.6180 1.8428 14.1166 1.6357 0.6790
Car -1 -1 1.7464 435.1633 186.2585 517.9221 248.9206 1.4608 1.5425 3.8684 -3.5594 1.8610 19.5824 1.5682 0.6000
Car -1 -1 2.2691 0.0000 202.1461 293.7879 375.0000 1.4713 1.6550 4.1490 -3.5987 1.7222 4.0871 1.5788 0.5790
Car -1 -1 1.6878 521.2885 182.3263 559.1288 213.4750 1.4974 1.5425 3.7562 -3.6377 2.0180 37.7301 1.5918 0.4702
Car -1 -1 1.7208 472.4634 185.7088 536.1850 232.9800 1.4320 1.5829 4.1245 -3.6225 1.9154 25.0470 1.5779 0.3692
Car -1 -1 -1.6566 632.0699 177.9628 655.4531 196.5368 1.4485 1.5890 3.8278 2.7199 1.8824 59.2821 -1.6114 0.1546
Car -1 -1 1.6026 681.9538 174.1332 704.5585 194.1162 1.5243 1.6632 4.2089 6.6435 1.6305 57.5206 1.7166 0.1037
