Pedestrian -1 -1 1.4560 729.9274 160.2898 755.0507 220.8777 1.7835 0.6404 0.8965 4.0976 1.1902 21.2792 1.6453 0.6075
Pedestrian -1 -1 -1.9477 1114.2433 133.6913 1184.2375 243.0753 1.8140 0.6539 0.9348 9.3678 1.0394 12.2575 -1.3059 0.5054
Pedestrian -1 -1 1.4608 756.4340 158.7818 781.5013 219.3586 1.8061 0.6444 0.9167 4.9617 1.1601 21.5681 1.6855 0.4394
Pedestrian -1 -1 1.4245 779.7375 157.3949 807.3679 218.1478 1.8010 0.6903 0.8362 5.6692 1.1176 21.4094 1.6815 0.3888
Pedestrian -1 -1 2.6190 137.8149 169.4426 250.1744 370.0000 1.6867 0.6639 0.6326 -3.7448 1.5957 6.3612 2.1100 0.1137
Cyclist -1 -1 2.0334 94.8868 174.2370 265.1185 370.0000 1.6903 0.5289 1.7481 -3.7036 1.6445 6.2470 1.5217 0.6546
Car -1 -1 1.9501 204.7599 184.4518 373.0650 283.4600 1.5710 1.5790 3.6379 -5.7259 1.6567 13.1947 1.5510 0.8711
Car -1 -1 2.4397 0.0000 215.0997 111.4489 370.0000 1.4297 1.5898 4.1595 -5.8535 1.7799 5.0074 1.6090 0.3631
Car -1 -1 1.9216 359.8862 187.7164 450.2484 240.7903 1.4178 1.5053 3.3891 -5.8999 1.6527 21.1104 1.6545 0.3338
Car -1 -1 1.0603 812.9919 166.7923 883.8456 200.4087 1.4567 1.5274 3.5527 11.0987 0.8642 32.5199 1.3879 0.1434
Car -1 -1 1.7677 0.0000 193.9060 336.4436 370.0000 1.4877 1.6661 4.0775 -3.0271 1.6290 5.1603 1.2650 0.1039
Car -1 -1 -0.3399 820.6760 163.2160 883.1053 182.7181 1.5055 1.6748 4.3063 19.3293 0.1725 55.4221 -0.0043 0.1025
