Cyclist -1 -1 -1.9083 805.0221 161.4837 920.3997 347.9873 1.7688 0.5578 1.8185 2.5906 1.6613 7.7569 -1.5988 0.6471
Car -1 -1 -1.3201 377.0635 171.9480 523.1259 278.7776 1.6479 1.6365 3.8794 -2.7640 1.6343 13.1028 -1.5248 0.8892
Car -1 -1 -1.7962 704.9521 175.7074 786.3362 228.8487 1.6094 1.7193 4.3919 4.4070 1.7148 24.3241 -1.6198 0.8783
Car -1 -1 -1.1288 84.4807 196.1873 447.6054 375.0000 1.3548 1.5035 3.5864 -2.8092 1.6310 6.6954 -1.5132 0.8666
Car -1 -1 -1.4032 470.7758 179.5207 554.5076 238.6360 1.4343 1.6129 4.2710 -2.6456 1.6409 20.1563 -1.5327 0.8453
Car -1 -1 -0.6465 1005.9379 182.3124 1225.8374 249.3723 1.5360 1.7203 4.2770 12.2912 1.7819 17.7616 -0.0496 0.8385
Car -1 -1 -0.5532 886.4053 182.0224 1019.0493 222.9048 1.4681 1.7254 4.3114 12.9721 1.8322 27.5148 -0.1173 0.7999
Car -1 -1 2.0823 159.4802 173.9579 274.0462 218.9001 1.5360 1.7667 4.5129 -14.6051 1.5812 27.0422 1.5910 0.7845
Car -1 -1 2.0228 275.5889 175.9320 344.6648 207.7600 1.4696 1.6386 3.8243 -14.7672 1.6304 35.6517 1.6325 0.7068
Car -1 -1 2.2223 40.2673 175.3733 174.8474 231.1420 1.5059 1.5424 3.3433 -14.7598 1.5867 21.3442 1.6230 0.6527
Car -1 -1 1.1101 890.7703 191.6586 1242.0000 375.0000 1.4103 1.6071 3.9318 4.2941 1.6547 7.3550 1.6201 0.6156
Car -1 -1 1.7995 336.0048 175.0791 379.6079 202.7122 1.5183 1.5904 3.6817 -14.6098 1.6536 41.8640 1.4654 0.5039
Car -1 -1 2.3330 0.0000 175.5238 65.3857 247.3351 1.4454 1.5800 3.7084 -14.7786 1.5140 16.5456 1.6119 0.4520
Car -1 -1 -1.4479 506.1937 179.3487 560.4641 222.9183 1.4508 1.5418 3.5938 -2.7795 1.7048 26.3734 -1.5525 0.3392
