Pedestrian -1 -1 3.4049 137.2129 174.6104 184.4179 245.9967 1.6335 0.5233 0.8298 -10.5571 1.6759 16.8953 2.8533 0.7937
Pedestrian -1 -1 1.6061 379.1320 169.4729 402.9045 229.8612 1.7297 0.6397 0.7196 -6.4424 1.6332 21.0933 1.3127 0.2516
Car -1 -1 0.2721 232.4978 177.6292 364.3684 219.8429 1.5666 1.7510 4.4218 -12.1118 1.7612 28.1921 -0.1306 0.8696
Car -1 -1 -0.3320 647.8434 167.0707 758.0766 209.9379 1.7042 1.7406 4.2016 3.7878 1.4746 29.9671 -0.2081 0.7990
Car -1 -1 -1.0672 505.9287 172.7281 564.4365 201.0929 1.5824 1.6271 4.1452 -4.3741 1.5757 42.4757 -1.1696 0.7224
Car -1 -1 0.7946 0.0000 186.1264 52.6363 226.6557 1.4321 1.5992 3.9241 -23.4784 1.9485 27.0873 0.0852 0.3463
Car -1 -1 -0.5464 855.7915 169.6220 948.4830 199.2263 1.4151 1.6163 3.9841 14.3526 1.2610 35.6142 -0.1665 0.2496
Car -1 -1 2.5947 0.0000 184.0052 91.7861 215.0228 1.3601 1.5033 3.6094 -27.5364 1.9316 34.9960 1.9316 0.2091
Car -1 -1 2.1220 477.7559 171.4817 523.9778 195.8443 1.7609 1.6712 3.8423 -8.1854 1.6621 54.2436 1.9726 0.1787
Car -1 -1 2.5237 875.8638 162.7553 939.2924 186.8297 1.6020 1.6532 3.7374 20.2633 0.9304 49.2422 2.9118 0.1680
