Pedestrian -1 -1 0.6659 777.8484 158.9196 833.0834 250.5739 1.8817 0.6365 0.9403 4.2282 1.4402 15.0781 0.9355 0.8631
Pedestrian -1 -1 2.7034 900.9321 167.1896 953.2168 245.8057 1.6823 0.5486 0.8866 6.9707 1.3991 15.4082 3.1222 0.8561
Pedestrian -1 -1 -0.8173 1090.1704 157.0925 1224.0000 352.5000 1.7277 0.6123 0.9341 5.1652 1.5224 6.6298 -0.1768 0.8494
Pedestrian -1 -1 1.9886 567.0861 164.8510 602.2001 232.4414 1.7492 0.6220 0.9042 -0.5708 1.3458 18.8299 1.9606 0.8330
Pedestrian -1 -1 1.2332 516.9208 164.0209 549.7216 231.5891 1.7939 0.6165 0.9371 -2.0015 1.3580 19.3219 1.1334 0.7832
Pedestrian -1 -1 -2.4560 632.7354 162.6576 672.6149 227.1226 1.8347 0.6165 0.9993 1.3582 1.3284 20.6838 -2.3897 0.7510
Pedestrian -1 -1 0.9602 531.3423 163.9783 567.9228 228.5804 1.7889 0.6111 0.9382 -1.6154 1.3330 20.1305 0.8831 0.6682
Pedestrian -1 -1 2.6349 465.2598 166.9774 495.5142 213.9612 1.7834 0.6390 0.9659 -4.8510 1.2716 27.3851 2.4633 0.4449
Pedestrian -1 -1 1.5755 519.4647 166.8705 538.8600 226.5645 1.7405 0.5631 0.7138 -2.2832 1.3447 20.9935 1.4706 0.4131
Pedestrian -1 -1 0.7773 539.8971 166.1684 570.6340 225.7602 1.7717 0.6107 0.7061 -1.5436 1.3472 21.4773 0.7083 0.3505
Pedestrian -1 -1 2.6681 481.0006 166.9694 510.4094 214.8302 1.7623 0.5787 0.9297 -4.1279 1.2656 26.5358 2.5173 0.2989
Pedestrian -1 -1 -0.0492 1118.5822 158.3953 1224.0000 339.8270 1.7499 0.5598 0.8232 5.7579 1.5384 7.2781 0.6007 0.2385
Car -1 -1 1.0691 985.5057 182.7646 1072.1597 217.0540 1.4684 1.6359 4.1051 19.4141 1.5810 32.6247 1.6031 0.6091
Car -1 -1 -2.1241 927.9615 182.2327 1009.3822 215.5587 1.4162 1.5336 3.7559 16.4305 1.5013 32.1778 -1.6545 0.5383
Car -1 -1 -1.6144 606.8795 176.4192 632.9219 199.5188 1.4244 1.5198 3.4117 0.9224 1.1741 45.3149 -1.5925 0.4473
Car -1 -1 -2.1120 1134.0704 182.0193 1224.0000 217.2634 1.5008 1.6027 3.8012 26.1572 1.5758 32.2658 -1.4342 0.3204
