Car -1 -1 -0.2967 720.9941 176.4114 889.9697 239.3772 1.4630 1.5993 3.6991 4.6743 1.5552 17.7415 -0.0439 0.8367
Car -1 -1 2.4798 771.8409 172.4059 1133.6031 309.4969 1.5940 1.7142 4.2935 4.4910 1.5892 9.7334 2.8997 0.7676
Car -1 -1 -0.6421 860.6979 183.1192 1242.0000 361.9264 1.4388 1.6438 4.0319 4.6378 1.5506 6.8720 -0.0689 0.7482
Car -1 -1 -0.4524 703.8028 179.1438 853.9149 232.5084 1.3987 1.5595 3.8368 4.6912 1.5873 20.3884 -0.2301 0.5740
Car -1 -1 -0.2468 673.2548 172.3521 802.9336 220.7130 1.6336 1.7073 4.1975 4.4007 1.6170 25.3837 -0.0778 0.4443
Car -1 -1 1.7261 458.8867 186.2079 503.8057 219.7031 1.3991 1.5045 3.6147 -5.9404 2.0515 33.4098 1.5510 0.3523
Car -1 -1 1.6805 482.6526 184.6218 518.8759 213.8833 1.4261 1.5173 3.7036 -5.8266 2.0860 38.5560 1.5310 0.3287
Car -1 -1 -2.6866 622.0215 175.7677 673.0399 193.0839 1.4536 1.6465 4.1359 3.2388 1.7148 62.8671 -2.6357 0.3197
Car -1 -1 2.3171 1018.0530 180.4264 1242.0000 375.0000 1.4882 1.6039 4.0499 4.8019 1.5414 4.2113 3.1333 0.2599
Car -1 -1 1.8118 493.5094 182.4907 535.1708 208.0079 1.4233 1.5722 4.1587 -5.8124 2.0403 44.0212 1.6808 0.2422
