Pedestrian -1 -1 0.9295 1011.8883 137.1382 1126.6849 307.6854 1.8483 0.6583 0.9554 5.2760 1.3801 8.1611 1.4875 0.8595
Pedestrian -1 -1 0.8819 1064.2770 135.0271 1212.8927 359.1006 1.8300 0.6358 0.8577 4.6034 1.4603 6.2207 1.4967 0.7499
Pedestrian -1 -1 0.7704 1089.4907 130.9911 1212.6425 303.4287 1.8610 0.6461 0.9305 6.2038 1.3284 8.1380 1.4049 0.6412
Pedestrian -1 -1 0.8471 1115.1144 123.9250 1224.0000 347.7157 1.8673 0.6574 0.9366 5.2352 1.3970 6.3816 1.5118 0.4675
Pedestrian -1 -1 1.5243 787.3874 162.2956 802.7593 203.9060 1.8022 0.6161 0.7367 8.3218 1.0152 31.0431 1.7853 0.1508
Pedestrian -1 -1 2.9546 366.2393 174.2869 394.1577 227.1373 1.6365 0.5691 0.7488 -7.1296 1.4456 22.3156 2.6512 0.1149
Pedestrian -1 -1 1.4041 762.0382 161.9264 779.9623 203.2503 1.8256 0.6418 0.8881 7.4170 1.0065 31.6937 1.6335 0.1058
Pedestrian -1 -1 0.9381 373.3184 169.0804 406.5294 232.4647 1.7808 0.6583 0.6480 -6.2145 1.4616 20.3181 0.6473 0.1012
Cyclist -1 -1 2.3267 361.1260 169.7701 421.7265 234.6272 1.7870 0.5523 1.8525 -6.1757 1.4929 20.4273 2.0391 0.5173
Car -1 -1 2.2119 475.6303 172.0920 576.7297 219.7322 1.6910 1.6761 4.2352 -2.9737 1.3941 27.3405 2.1065 0.7458
Car -1 -1 -1.1122 299.2917 180.9935 366.8675 211.7377 1.4573 1.6035 3.8950 -13.6150 1.4850 35.5909 -1.4730 0.2701
Car -1 -1 -1.5096 361.0451 177.5205 400.9291 210.8891 1.5809 1.6539 4.1371 -11.2639 1.4412 35.6992 -1.8111 0.1583
Car -1 -1 -3.2777 742.3421 166.8004 794.8903 183.5575 1.4380 1.6573 4.2797 14.2588 0.2636 61.6916 -3.0500 0.1153
Car -1 -1 2.4293 972.2576 132.4892 1224.0000 324.9641 1.7674 1.7855 4.2222 6.3798 1.3282 7.4258 3.1198 0.1023
