Pedestrian -1 -1 -1.5375 311.2181 173.5628 331.9053 226.0097 1.7268 0.6187 0.7835 -9.7294 1.7515 24.2400 -1.9158 0.1836
Car -1 -1 -1.7900 678.0706 179.4991 740.7407 219.9926 1.4516 1.5940 4.0638 3.8197 1.7351 28.6455 -1.6595 0.8899
Car -1 -1 -2.4553 262.2213 182.5736 431.2552 246.5981 1.4443 1.6025 3.8387 -6.6367 1.7071 18.0908 -2.8027 0.8830
Car -1 -1 3.3319 0.0000 186.4301 199.6008 268.6710 1.4307 1.6502 4.1678 -10.8882 1.7387 14.7189 2.7035 0.8428
Car -1 -1 1.8264 468.0493 179.2766 509.8724 204.9497 1.5148 1.6554 3.9852 -7.6365 1.9399 45.6595 1.6612 0.6435
Car -1 -1 -1.7187 664.4471 180.5686 710.2461 213.0352 1.4235 1.5971 3.9838 3.6109 1.8157 34.6212 -1.6163 0.5232
Car -1 -1 1.8758 388.8733 179.2501 456.4753 217.3387 1.5303 1.6581 4.3511 -8.2361 1.8336 31.9496 1.6251 0.4123
Car -1 -1 -1.2678 71.2644 174.6395 158.0523 218.1329 1.4805 1.5818 3.7738 -18.2938 1.5521 26.7598 -1.8630 0.2689
Car -1 -1 1.6148 493.6946 178.8951 518.3102 201.5353 1.5077 1.5565 3.9559 -7.3713 1.9537 51.1830 1.4721 0.2147
Car -1 -1 2.0608 331.2822 183.3421 428.5585 226.6342 1.4274 1.6288 4.3337 -8.5756 1.8560 27.1731 1.7574 0.1421
Car -1 -1 1.6899 644.7776 176.8121 674.2570 199.8196 1.5085 1.5993 3.8434 3.4408 1.7946 50.0440 1.7577 0.1122
