Pedestrian -1 -1 2.1421 294.2254 165.3558 340.7829 241.2061 1.8478 0.6461 0.9980 -7.3838 1.6655 18.1256 1.7599 0.5860
Car -1 -1 -0.0469 405.2373 147.8846 1168.0930 375.0000 1.6594 1.7475 4.3478 0.9384 1.5235 5.0698 0.1238 0.8442
Car -1 -1 -3.3860 703.2239 167.1127 1024.3157 279.6673 1.5074 1.6756 4.1616 3.4699 1.4308 10.6257 -3.0794 0.7259
Car -1 -1 -3.5994 942.0380 165.9518 1169.1489 235.9663 1.5371 1.7076 4.1967 10.2003 1.3859 16.8533 -3.0633 0.6428
Car -1 -1 -1.0530 665.8911 170.3713 758.7271 214.6565 1.4956 1.6092 3.9879 3.7748 1.4121 26.4344 -0.9132 0.4239
Car -1 -1 -2.6577 253.9692 179.8490 380.3392 225.5724 1.5038 1.6714 3.7185 -10.1611 1.7571 25.0617 -3.0396 0.3071
Car -1 -1 2.3239 1156.1772 165.0927 1242.0000 232.9705 1.4290 1.5904 4.0586 14.7393 1.2660 16.1572 3.0541 0.2680
Car -1 -1 -1.1844 934.2452 162.3617 1023.5452 205.2838 1.4327 1.5627 3.7764 13.2453 1.0829 25.9116 -0.7167 0.2568
Car -1 -1 -1.6724 1098.2296 159.2177 1166.0723 204.8001 1.4883 1.5456 3.6907 18.3488 1.0434 25.5428 -1.0551 0.1858
Car -1 -1 -0.9312 584.3900 168.3587 686.9872 212.0212 1.4939 1.6591 4.1581 0.9902 1.3405 26.8258 -0.8953 0.1680
Car -1 -1 -3.2965 725.6701 164.1123 907.6082 231.2025 1.5130 1.6275 3.9744 4.7752 1.3162 17.2949 -3.0320 0.1314
