Pedestrian -1 -1 -2.4599 635.8271 149.2069 739.4444 324.9447 1.8207 0.6030 0.9869 0.8616 1.4982 7.8826 -2.3535 0.7478
Pedestrian -1 -1 0.6923 698.3434 152.9390 783.5461 295.8355 1.8092 0.5916 0.9692 1.7701 1.4619 9.5081 0.8722 0.7455
Pedestrian -1 -1 0.5682 666.9385 148.7916 761.7857 306.1142 1.8498 0.5837 1.0212 1.3152 1.4787 8.8631 0.7122 0.5479
Pedestrian -1 -1 1.6211 323.4595 161.0005 343.3248 211.8295 1.8785 0.6547 0.8258 -10.2463 1.1594 26.6189 1.2595 0.5004
Pedestrian -1 -1 1.7772 300.2559 161.1537 323.9314 211.6964 1.8537 0.6435 0.9026 -10.9683 1.1457 26.4287 1.3900 0.3189
Pedestrian -1 -1 -2.7229 386.7511 168.1541 407.0035 205.2556 1.7618 0.6489 0.7317 -10.0044 1.1770 33.9403 -3.0053 0.1907
Cyclist -1 -1 -1.7637 268.3951 162.6059 307.9337 235.8444 1.6911 0.5483 1.8260 -7.7767 1.2796 17.2274 -2.1789 0.4699
Cyclist -1 -1 -2.6648 624.2632 168.0393 679.7004 221.9222 1.7333 0.5454 1.7811 1.5185 1.3340 23.4326 -2.5993 0.2055
Car -1 -1 -2.2506 1027.1128 182.6199 1155.4617 228.1571 1.4128 1.5336 3.7930 16.3631 1.4924 24.0695 -1.6582 0.8416
Car -1 -1 -2.1015 959.1370 181.4333 1066.3409 227.5955 1.4554 1.5761 3.5318 13.7604 1.4912 24.1375 -1.5875 0.7435
Car -1 -1 0.9546 1104.4216 181.9132 1224.0000 229.4720 1.5039 1.6094 3.8593 19.3371 1.5582 24.4361 1.6191 0.7219
Car -1 -1 -1.5590 602.8668 175.9069 633.6330 203.4854 1.3764 1.5364 3.6095 0.7050 1.1486 37.1113 -1.5384 0.6203
Car -1 -1 0.5511 623.8826 172.7201 750.8939 223.5216 1.5261 1.6311 3.8233 2.6085 1.2940 23.0556 0.6639 0.3813
