Pedestrian -1 -1 1.6852 843.7185 148.6604 912.8228 314.1098 1.7949 0.6595 0.9696 3.1786 1.4226 8.2465 2.0414 0.8177
Pedestrian -1 -1 -0.3757 535.5618 158.6612 587.1353 241.1765 1.7385 0.6053 0.9645 -0.9451 1.2248 15.3690 -0.4344 0.7917
Pedestrian -1 -1 1.0928 549.3124 162.7696 592.4561 253.5097 1.6990 0.5379 0.7761 -0.6683 1.3196 13.7040 1.0466 0.7741
Pedestrian -1 -1 2.0693 776.6893 152.9763 854.6477 302.7800 1.7567 0.6036 0.8488 2.6064 1.4048 8.7999 2.3486 0.7459
Pedestrian -1 -1 -2.2213 732.4211 165.1803 797.4880 277.9872 1.6445 0.5788 0.8340 2.4198 1.3846 10.8021 -2.0060 0.7123
Pedestrian -1 -1 0.5973 431.0819 163.7739 478.0252 244.3067 1.6611 0.5552 0.8010 -3.1821 1.2637 14.9887 0.3938 0.6666
Pedestrian -1 -1 2.2515 298.2249 164.8125 334.1890 224.4797 1.6561 0.5553 0.8182 -8.1737 1.1497 20.0929 1.8723 0.6361
Pedestrian -1 -1 0.4958 741.6992 156.2708 841.4312 323.0765 1.7387 0.5879 0.9063 2.0500 1.4604 7.8870 0.7414 0.6207
Pedestrian -1 -1 0.8777 368.0525 166.7145 407.5230 235.7927 1.6671 0.5298 0.8283 -5.3646 1.2729 17.5086 0.5870 0.5250
Pedestrian -1 -1 1.7003 342.6577 163.5861 368.0297 225.7240 1.7538 0.5868 0.8288 -7.1732 1.2042 20.4157 1.3689 0.5232
Pedestrian -1 -1 0.7839 382.9067 167.6482 418.1987 232.8322 1.6689 0.5280 0.7290 -5.3308 1.2745 18.5060 0.5096 0.5034
Cyclist -1 -1 0.9176 631.3533 161.1846 700.9771 242.8310 1.7118 0.5380 1.8254 1.3390 1.2536 15.7327 1.0022 0.6041
Car -1 -1 0.9699 1032.5781 180.6562 1167.7129 225.1188 1.4430 1.7053 4.4084 17.4528 1.3648 25.1472 1.5722 0.6672
Car -1 -1 0.9807 1114.6395 180.9209 1226.0000 224.6668 1.4416 1.6209 4.0862 20.5225 1.3709 25.3996 1.6557 0.5206
Car -1 -1 -2.0436 973.1299 177.3505 1071.8959 222.2212 1.5061 1.6097 3.5381 15.0080 1.3142 25.5381 -1.5162 0.2979
