Cyclist -1 -1 1.8374 533.4531 176.3345 559.3816 222.5065 1.6862 0.5229 1.8223 -2.4455 1.8235 27.4337 1.7487 0.2619
Car -1 -1 -1.8201 731.5073 170.4087 998.1270 359.5135 1.6559 1.7172 4.3941 2.5508 1.6348 8.5373 -1.5406 0.8819
Car -1 -1 -1.6680 688.3069 183.1038 764.2995 247.5858 1.4130 1.5192 3.4638 2.7824 1.6962 18.1395 -1.5191 0.7722
Car -1 -1 -0.3229 303.3158 170.1373 491.3000 249.5327 1.7978 1.7670 4.2245 -5.3714 1.7367 18.2644 -0.6057 0.7065
Car -1 -1 3.3762 0.0000 156.1521 200.2416 375.0000 1.7050 1.7102 4.0619 -5.2479 1.6318 4.9679 2.5902 0.5709
Car -1 -1 2.8317 381.7801 183.8371 511.6806 230.5669 1.3959 1.5604 3.9271 -5.4481 1.7871 24.0024 2.6104 0.5583
Car -1 -1 -2.3963 953.5439 192.0030 1242.0000 375.0000 1.4720 1.5430 3.4801 2.5636 1.5748 2.1118 -1.5812 0.5019
Car -1 -1 2.6738 451.2748 180.9216 546.1334 216.2664 1.4567 1.6246 3.8886 -4.9988 1.8388 32.3447 2.5211 0.4101
Car -1 -1 3.0800 0.0000 180.3483 342.6330 371.8162 1.5056 1.6664 4.2341 -5.3523 1.6069 7.7670 2.4922 0.3284
Car -1 -1 1.6576 623.9472 179.1710 645.8490 196.9147 1.4423 1.5616 3.8141 2.1467 2.0034 62.0512 1.6916 0.1978
