Car -1 -1 -1.7160 172.4129 175.3145 262.9680 241.0835 1.7313 1.7518 4.3566 -11.7760 1.8125 21.4291 -2.2135 0.8777
Car -1 -1 1.1707 963.9718 159.6334 1153.0139 238.0910 1.4710 1.8163 4.5666 9.5272 1.2235 15.9074 1.7019 0.8343
Car -1 -1 2.1249 567.1553 174.3824 695.4130 231.8807 1.4233 1.6522 4.1282 0.6593 1.4710 20.1504 2.1564 0.7540
Car -1 -1 -1.2818 0.0000 190.1500 142.6308 338.7096 1.4670 1.7123 4.4658 -8.1030 1.7662 10.0706 -1.9466 0.7200
Car -1 -1 1.6750 725.3791 171.6720 813.6513 239.9853 1.4083 1.6303 4.0884 3.8278 1.3843 17.0694 1.8912 0.6086
Car -1 -1 0.8809 1045.2722 155.7488 1242.0000 230.3078 1.5135 1.7474 4.4179 12.4591 1.1667 16.9041 1.5076 0.6076
Car -1 -1 2.0398 524.3004 174.0533 629.4954 224.2902 1.4288 1.6355 4.1185 -0.9817 1.4709 22.8382 1.9967 0.5496
Car -1 -1 2.2227 830.7753 178.3365 927.8267 216.9511 1.4186 1.5923 3.8935 10.6988 1.6502 28.7089 2.5755 0.4201
Car -1 -1 2.2131 483.8822 176.1246 586.5173 220.4796 1.3929 1.5573 3.8168 -2.5481 1.5158 24.9935 2.1120 0.4031
Car -1 -1 2.0501 445.2814 176.0713 529.2498 217.3485 1.4148 1.5378 3.7650 -4.5584 1.5449 27.0720 1.8844 0.3431
Car -1 -1 2.1686 887.2887 175.4337 995.1136 217.6177 1.4474 1.6303 4.0786 12.2535 1.5496 26.7272 2.5939 0.3415
Car -1 -1 2.2977 698.1923 178.6321 781.0672 209.9794 1.4074 1.6145 4.1494 6.2908 1.7036 35.0187 2.4735 0.3041
Car -1 -1 2.0740 418.7478 176.6921 492.2498 214.7704 1.4310 1.4740 3.3691 -6.2470 1.5970 29.3079 1.8654 0.2848
