Car -1 -1 2.6754 683.3071 175.9099 840.5400 227.2746 1.4692 1.6979 4.4499 4.6037 1.5695 22.2040 2.8766 0.9094
Car -1 -1 -3.5055 896.1027 174.3797 1041.5326 216.4660 1.4432 1.6997 4.3443 12.7088 1.5004 25.8520 -3.0536 0.8925
Car -1 -1 1.8163 410.4877 177.4017 456.8174 203.6280 1.4864 1.7214 4.3618 -10.6777 1.7768 43.8362 1.5784 0.7722
Car -1 -1 -3.8015 1149.4709 169.1486 1242.0000 214.0369 1.5169 1.6868 4.1806 21.6292 1.3920 25.3090 -3.1003 0.6246
Car -1 -1 -1.4590 545.8132 177.5027 575.8532 201.0059 1.4588 1.5798 3.5619 -3.2187 1.7757 47.3122 -1.5270 0.5374
Car -1 -1 -3.6916 1100.7961 169.4142 1231.9772 208.3514 1.4751 1.6398 3.7847 21.7167 1.3451 28.3334 -3.0429 0.3929
Car -1 -1 1.8507 395.4970 180.0017 426.0834 197.4943 1.4787 1.6182 3.9174 -17.8060 2.1382 64.5664 1.5823 0.2542
Car -1 -1 -2.2995 635.9861 169.5692 702.5995 200.5566 1.9148 1.7949 4.4588 3.7662 1.7121 46.9006 -2.2203 0.2102
Car -1 -1 -1.1575 375.5240 176.8881 424.0182 202.0611 1.5308 1.6130 3.7851 -13.5186 1.8022 46.4915 -1.4393 0.1409
Car -1 -1 -3.4564 965.4496 165.9701 1089.7192 210.2690 1.7065 1.7326 3.9839 16.6590 1.4417 29.0404 -2.9403 0.1170
