Car -1 -1 -1.7720 745.5331 183.2848 864.9694 265.3469 1.4322 1.5768 4.0328 3.8829 1.6814 15.1599 -1.5269 0.8997
Car -1 -1 -1.9023 798.6727 183.0865 1063.4623 339.1264 1.4953 1.6593 4.2547 3.7117 1.6588 9.3488 -1.5363 0.8772
Car -1 -1 0.4982 41.7619 176.1734 444.6783 317.3206 1.4758 1.6386 3.9463 -4.1814 1.5195 8.5074 0.0530 0.8272
Car -1 -1 -1.7192 728.1286 182.6686 805.7800 240.3918 1.4174 1.5492 3.8215 4.2701 1.7208 20.3278 -1.5159 0.8269
Car -1 -1 -2.0451 914.8209 188.2131 1242.0000 375.0000 1.4720 1.6745 4.3111 3.0146 1.6021 3.8339 -1.4163 0.7223
Car -1 -1 0.3237 307.3423 178.5574 533.4023 260.9815 1.4562 1.6239 3.8747 -3.5823 1.5734 13.8296 0.0741 0.6353
Car -1 -1 -1.7594 698.3932 181.1174 761.5483 222.9164 1.4250 1.5976 4.1546 4.4447 1.7648 27.5280 -1.6016 0.6236
Car -1 -1 0.1304 468.6830 178.4885 584.1757 216.4691 1.4620 1.7081 4.4146 -3.3273 1.6952 28.9253 0.0163 0.6139
Car -1 -1 0.4093 222.8229 170.2987 499.5903 284.5680 1.6057 1.6413 3.6846 -3.7626 1.5702 11.1184 0.0895 0.5596
Car -1 -1 -2.9926 509.0411 174.2138 604.6415 209.5154 1.6423 1.7327 4.3738 -2.5471 1.7099 34.6728 -3.0659 0.4902
Car -1 -1 0.2604 345.5448 183.0294 533.6311 248.6098 1.3913 1.5503 3.8932 -3.8328 1.6349 16.4060 0.0337 0.3879
