Car -1 -1 1.9109 203.2528 195.7366 444.8281 343.2882 1.4310 1.6398 4.0616 -3.5428 1.8023 9.6594 1.5673 0.8985
Car -1 -1 -1.9140 726.6637 173.7546 937.2582 309.0287 1.5951 1.6524 3.7295 2.9025 1.6110 10.4565 -1.6516 0.8789
Car -1 -1 1.7519 411.7764 184.9417 495.1285 243.8871 1.4472 1.6057 4.0515 -4.3988 1.8270 20.5985 1.5434 0.7753
Car -1 -1 -1.7548 626.0064 179.1796 668.8475 207.6281 1.4437 1.6130 4.1298 1.9677 1.8112 39.7267 -1.7062 0.7350
Car -1 -1 -1.4742 513.1606 181.7444 554.8304 213.8987 1.4204 1.6156 4.2844 -3.6852 1.8811 35.2073 -1.5783 0.7093
Car -1 -1 1.7269 466.6089 185.5135 527.6014 230.9393 1.4052 1.5303 3.8347 -3.9235 1.8833 25.3071 1.5740 0.6439
Car -1 -1 -2.2966 939.9934 187.2320 1242.0000 375.0000 1.4722 1.5728 3.7214 3.0058 1.5716 3.1028 -1.5741 0.4510
Car -1 -1 -1.6672 682.4713 181.4531 763.1597 249.9398 1.4501 1.5599 3.5977 2.5958 1.6817 17.5689 -1.5239 0.3213
Car -1 -1 -1.3731 618.3104 176.9542 645.8782 195.8469 1.4561 1.5507 3.6316 1.7945 1.7994 58.3970 -1.3430 0.1686
Car -1 -1 1.9110 673.4326 175.8390 705.5797 194.4252 1.4746 1.5501 3.5712 6.5961 1.7305 59.8126 2.0199 0.1155
