Car -1 -1 -0.2949 758.3777 176.1588 1032.4481 279.8737 1.4935 1.6320 3.6863 4.2686 1.5501 11.3620 0.0551 0.8121
Car -1 -1 1.9418 128.5146 170.0385 429.6944 366.2858 1.7423 1.6848 4.1392 -3.5118 1.7176 8.4820 1.5593 0.7790
Car -1 -1 2.8763 671.8323 181.3144 826.7052 231.7049 1.4162 1.6453 4.2677 4.0554 1.6816 21.6071 3.0586 0.7531
Car -1 -1 2.6693 802.7162 161.7666 1164.4581 307.8032 1.6279 1.6422 3.6293 4.3714 1.5046 8.9159 3.1113 0.7260
Car -1 -1 1.7494 423.8576 179.5011 517.1025 256.0286 1.6270 1.5698 3.7292 -3.3189 1.8061 17.5316 1.5642 0.6980
Car -1 -1 2.8341 658.4420 176.2662 782.2039 225.4343 1.5640 1.6279 3.7875 3.6144 1.6841 24.2107 2.9798 0.6836
Car -1 -1 2.7116 703.1794 177.4029 947.0955 262.3803 1.4861 1.6690 4.1891 4.0060 1.5813 13.8880 2.9859 0.5833
Car -1 -1 1.9783 458.6581 186.1346 544.8341 232.1310 1.4147 1.5672 3.9594 -3.7721 1.9238 25.5250 1.8324 0.5085
Car -1 -1 1.8666 334.2522 190.5282 472.0360 286.8098 1.4640 1.5019 3.3297 -3.7007 1.8308 13.2725 1.5989 0.2482
Car -1 -1 1.6143 512.0856 176.7785 547.1791 211.5177 1.7699 1.7209 4.3597 -4.3808 1.9972 39.4944 1.5041 0.2298
Car -1 -1 -0.4583 675.2391 179.6594 784.5486 221.8362 1.4601 1.5369 3.6867 4.3729 1.7240 26.6639 -0.2982 0.1424
