Car -1 -1 1.6795 407.2246 186.4402 480.6697 248.4194 1.4712 1.5703 3.6531 -4.5225 1.8815 19.8624 1.4578 0.8045
Car -1 -1 -0.7224 878.0338 196.1613 1228.7462 332.8095 1.4237 1.5513 3.6607 5.3932 1.7518 9.0197 -0.1989 0.6989
Car -1 -1 -2.0944 790.6086 206.7105 1242.0000 375.0000 1.4406 1.5531 3.7420 2.3515 1.7323 4.2957 -1.6236 0.6893
Car -1 -1 -0.3726 681.4167 188.5776 829.3351 240.4709 1.4588 1.6601 4.1393 4.3800 1.9688 22.1915 -0.1812 0.5941
Car -1 -1 -0.4216 757.4097 189.2476 978.4935 270.9983 1.4707 1.5868 3.8247 4.9821 1.8189 14.3372 -0.0945 0.5362
Car -1 -1 -0.4365 699.1915 187.3527 859.1502 248.1824 1.4737 1.6009 3.8368 4.4215 1.8846 19.2369 -0.2149 0.5168
Car -1 -1 2.8132 639.1772 184.0069 743.0838 221.8709 1.4346 1.5807 3.8802 3.2205 1.9054 29.2347 2.9211 0.4299
Car -1 -1 1.7265 455.5307 186.3658 502.7987 222.1248 1.4167 1.4989 3.6640 -5.7516 2.0477 31.8273 1.5486 0.4294
Car -1 -1 2.5880 755.0475 181.7332 1069.3381 292.9049 1.5528 1.7131 4.3982 4.6679 1.7099 11.5046 2.9635 0.4246
Car -1 -1 -1.6397 635.3672 184.1865 677.1996 220.4696 1.4908 1.6196 3.7894 2.0053 2.0352 32.7333 -1.5798 0.3372
Car -1 -1 1.4501 560.9630 184.9964 587.5542 204.5128 1.4616 1.6586 4.3445 -2.9909 2.4958 59.1540 1.3993 0.2560
Car -1 -1 1.4795 612.3621 182.4263 648.6589 212.8910 1.5523 1.6391 4.1115 1.0570 2.1137 40.1895 1.5050 0.2398
Car -1 -1 2.5426 651.6088 185.1660 784.3689 232.1448 1.4434 1.6479 4.3320 3.6780 1.8949 24.7427 2.6877 0.2039
