Car -1 -1 -1.9638 821.8525 190.3684 1242.0000 375.0000 1.4010 1.5454 3.7823 2.8733 1.5874 5.7361 -1.5210 0.8646
Car -1 -1 -1.9036 736.9605 181.7657 916.6169 295.7381 1.4434 1.5252 3.5293 3.1103 1.6049 11.2327 -1.6413 0.8495
Car -1 -1 -1.6999 695.5212 181.3466 787.2027 256.1973 1.4410 1.5242 3.4988 2.7629 1.6515 16.0680 -1.5336 0.7850
Car -1 -1 3.5394 88.4896 182.9277 415.0585 300.6464 1.4649 1.5998 3.7290 -4.8230 1.6172 10.0033 3.0999 0.6879
Car -1 -1 -2.4142 0.0000 183.4689 332.5898 375.0000 1.5005 1.6221 3.7149 -4.1475 1.5878 4.9911 -3.0819 0.6814
Car -1 -1 -2.5911 0.0000 183.5231 377.3401 343.0890 1.4506 1.6037 3.8530 -4.6563 1.5738 7.4862 -3.1322 0.6720
Car -1 -1 -2.6984 212.1402 169.8248 488.4310 277.5529 1.7059 1.7389 4.1699 -4.4350 1.6583 12.5131 -3.0331 0.6654
Car -1 -1 -1.7340 670.4039 172.8080 731.3857 222.6122 1.6805 1.6190 3.5189 3.1763 1.6793 26.1370 -1.6151 0.5267
Car -1 -1 -1.7615 684.2026 179.9724 763.9008 236.7806 1.4702 1.5866 3.7038 3.1770 1.6966 21.0279 -1.6145 0.4990
Car -1 -1 -1.6981 651.3517 175.5674 696.7953 207.8221 1.4850 1.6882 4.3451 3.0736 1.6283 35.7943 -1.6137 0.2551
Car -1 -1 -1.7394 640.9734 174.1299 673.1866 196.7769 1.4515 1.5549 3.6449 3.0860 1.5407 48.3490 -1.6765 0.1891
