Car -1 -1 -1.7376 682.9919 184.9055 768.7753 246.4146 1.4255 1.5892 4.1660 2.9838 1.7890 19.6390 -1.5899 0.9170
Car -1 -1 -1.8927 726.5286 181.9156 887.2874 280.1118 1.5142 1.6365 4.0717 3.4432 1.7117 13.6046 -1.6510 0.8992
Car -1 -1 1.8981 373.7871 175.6243 444.8715 215.5564 1.5585 1.6607 4.0967 -8.4379 1.6841 30.5422 1.6304 0.8088
Car -1 -1 2.2273 0.0000 178.5123 209.1656 287.6470 1.4473 1.7289 4.3802 -8.8597 1.5593 12.0123 1.6022 0.7839
Car -1 -1 2.1132 133.9274 174.9949 310.9986 252.3811 1.5473 1.6574 4.1572 -8.7567 1.6035 16.6701 1.6358 0.7202
Car -1 -1 -1.6785 674.1951 181.9390 729.7518 227.2550 1.4325 1.5362 3.5531 3.1133 1.7741 25.3086 -1.5582 0.6147
Car -1 -1 1.8690 423.2641 178.2663 480.8087 210.0109 1.4626 1.6586 4.1637 -7.8657 1.7500 36.1184 1.6557 0.5085
Car -1 -1 1.4579 654.9355 181.3365 701.9681 219.1889 1.4319 1.5361 3.4800 2.7331 1.8037 29.8371 1.5476 0.2317
Car -1 -1 -1.3171 646.9594 180.5790 697.9236 213.3786 1.4394 1.5643 3.6884 3.0082 1.8316 34.6021 -1.2317 0.1905
Car -1 -1 1.8235 450.0075 178.5180 496.3556 206.1053 1.4766 1.6429 4.1269 -7.8583 1.8201 41.5975 1.6376 0.1587
