Pedestrian -1 -1 1.8435 660.1340 168.3959 681.3508 212.7741 1.8499 0.6788 0.9124 2.5414 1.6644 30.6204 1.9249 0.1684
Car -1 -1 -1.3044 320.3950 171.0578 494.7273 291.3053 1.6234 1.6667 4.0498 -3.1133 1.5995 11.7733 -1.5582 0.8881
Car -1 -1 -1.8695 695.9935 182.8156 781.2776 234.8215 1.3813 1.5372 3.4882 3.7250 1.7064 21.6925 -1.7025 0.8703
Car -1 -1 -1.3880 431.5295 177.8793 519.6424 243.8829 1.4701 1.5526 3.4627 -3.3093 1.6084 18.0662 -1.5673 0.7383
Car -1 -1 -1.4452 527.8052 176.2445 562.9141 203.5181 1.5175 1.6062 3.7338 -3.7978 1.7265 42.5095 -1.5342 0.7274
Car -1 -1 -1.6874 686.6552 179.6644 741.2965 223.0246 1.4273 1.5329 3.5145 3.6471 1.6905 26.0767 -1.5507 0.6876
Car -1 -1 -0.9028 0.0000 136.1749 317.9055 375.0000 1.6301 1.6298 3.9620 -3.1291 1.5470 3.6279 -1.5792 0.5979
Car -1 -1 2.0490 207.0955 174.8861 288.2716 211.2275 1.4658 1.5617 3.7853 -15.6127 1.5594 31.2185 1.5884 0.5054
Car -1 -1 2.2073 80.5867 171.9401 211.4197 225.3240 1.6893 1.6565 4.1324 -15.9108 1.6608 24.9519 1.6442 0.2439
Car -1 -1 -1.4755 648.0436 176.9108 675.8151 199.4833 1.4418 1.5379 3.6010 3.5046 1.7265 48.6707 -1.4045 0.2202
Car -1 -1 -1.4446 545.4479 175.1482 573.7681 196.3862 1.5223 1.6211 4.1228 -3.7780 1.7020 54.2752 -1.5142 0.1848
