Pedestrian -1 -1 -1.5730 801.7007 163.1266 835.6993 254.8605 1.7076 0.6095 0.8037 4.0708 1.3858 13.6276 -1.2874 0.6354
Pedestrian -1 -1 -1.4501 835.5811 157.9185 874.9249 254.1294 1.7742 0.6353 0.6799 4.7339 1.3594 13.4781 -1.1179 0.4688
Pedestrian -1 -1 1.0649 1123.8693 126.3948 1224.0000 286.5599 1.8710 0.6428 0.9693 7.0316 1.2406 8.7827 1.7242 0.3657
Pedestrian -1 -1 1.7740 708.0264 166.2601 727.4137 209.6815 1.7507 0.6393 0.7925 4.6027 1.1781 28.9867 1.9315 0.3203
Pedestrian -1 -1 0.0407 1159.2435 116.3581 1224.0000 277.0564 1.9793 0.6376 1.0031 7.8891 1.1909 9.2756 0.7304 0.1579
Pedestrian -1 -1 2.1429 730.6543 164.1278 753.4254 209.9050 1.8500 0.6421 0.6999 5.6079 1.1898 29.0432 2.3333 0.1534
Pedestrian -1 -1 3.0403 334.4495 108.4179 473.5919 370.0000 1.9460 0.6413 0.8335 -1.4069 1.5137 4.7026 2.7693 0.1333
Car -1 -1 -1.5695 610.3104 176.7957 652.5604 214.5802 1.4316 1.6015 4.1018 1.0564 1.2928 28.8647 -1.5317 0.8382
Car -1 -1 -1.5498 667.7933 174.7618 696.2889 200.1381 1.4426 1.6090 3.9990 4.6395 1.1178 42.2777 -1.4397 0.6642
Car -1 -1 1.9474 540.6028 177.5070 580.3002 199.9458 1.5096 1.5597 3.5887 -3.0749 1.3096 49.5117 1.8875 0.2763
