Cyclist -1 -1 1.2296 863.7117 160.3999 1015.4326 375.0000 1.7499 0.5455 1.8180 2.6710 1.6594 6.1797 1.6189 0.5628
Car -1 -1 -1.3890 440.6579 183.6508 544.9590 257.3747 1.4241 1.6118 4.2955 -2.6155 1.7075 16.7403 -1.5425 0.8826
Car -1 -1 -1.2327 267.5835 173.7588 502.6931 329.0071 1.6347 1.6715 4.0435 -2.7557 1.6498 9.6920 -1.5036 0.8666
Car -1 -1 -1.7998 722.7919 177.7782 818.1048 241.5497 1.6262 1.7055 4.3561 4.4658 1.7844 20.9328 -1.5933 0.8618
Car -1 -1 2.1407 91.3983 173.6305 234.7453 226.2998 1.5582 1.7953 4.5748 -14.5157 1.5866 23.7217 1.5964 0.8105
Car -1 -1 2.0561 239.4596 176.4444 319.8715 212.5916 1.5004 1.6325 3.9098 -14.7435 1.6717 32.3450 1.6312 0.7291
Car -1 -1 -0.8137 0.0000 195.1670 343.2539 375.0000 1.4389 1.5747 3.7402 -2.8721 1.6007 3.2908 -1.4925 0.7185
Car -1 -1 2.4251 1097.8955 186.7099 1242.0000 270.6119 1.5206 1.6680 3.8242 12.0490 1.8116 14.2477 3.1163 0.6986
Car -1 -1 2.3350 0.0000 174.5694 106.6625 246.9596 1.5664 1.6214 3.9545 -14.7206 1.6138 17.7416 1.6497 0.6448
Car -1 -1 -1.3876 489.0156 181.5284 558.7520 232.5862 1.4439 1.5584 3.6185 -2.6934 1.7418 22.8900 -1.5041 0.6067
Car -1 -1 -0.5597 925.0068 184.6054 1082.3086 233.2077 1.5204 1.7643 4.3466 13.0255 1.9301 24.1000 -0.0700 0.6005
Car -1 -1 1.3610 664.2695 181.1159 700.4216 205.0095 1.4223 1.5451 3.7625 4.5621 1.9748 46.2576 1.4582 0.4554
Car -1 -1 -2.2143 993.6261 202.9026 1242.0000 375.0000 1.4208 1.6773 4.3244 4.1927 1.7009 4.4963 -1.4970 0.2567
