Pedestrian -1 -1 0.9663 1005.6520 120.8427 1145.6635 343.2404 1.8733 0.6243 0.9407 4.1900 1.3725 6.4354 1.5230 0.8193
Pedestrian -1 -1 1.2962 1154.4047 110.1571 1224.0000 360.3286 1.8715 0.6274 0.8944 4.9989 1.3470 5.8197 1.9811 0.4580
Pedestrian -1 -1 -1.5627 832.2729 151.2803 857.7746 218.4339 1.7258 0.6238 0.8461 6.3013 0.9764 18.6666 -1.2404 0.4490
Pedestrian -1 -1 0.5311 852.8502 147.9157 887.8597 218.2974 1.8472 0.5834 0.6798 7.0949 0.9936 19.0002 0.8849 0.1405
Pedestrian -1 -1 1.3928 803.7943 158.0247 821.6575 199.5536 1.7884 0.6323 0.6947 9.0319 0.8220 30.8231 1.6768 0.1063
Car -1 -1 2.5815 0.0000 167.5770 284.2841 370.0000 1.6738 1.6896 4.3089 -5.1206 1.6064 6.0876 1.9092 0.6938
Car -1 -1 1.8168 496.4601 170.1795 550.3282 203.6153 1.4870 1.6064 3.9774 -3.8153 1.0295 33.5194 1.7064 0.6323
Car -1 -1 -1.4583 542.8168 166.5091 574.8040 192.8165 1.6121 1.6275 3.7257 -2.9152 0.7561 45.2232 -1.5204 0.4499
Car -1 -1 -0.1568 684.6747 160.8047 756.0237 187.3171 1.5583 1.6335 4.0128 6.8674 0.4020 42.3779 0.0045 0.3804
Car -1 -1 -1.4833 671.0319 165.8605 697.9823 187.8515 1.5306 1.5996 3.9814 5.8116 0.5130 51.3183 -1.3694 0.1702
