Pedestrian -1 -1 -2.1065 368.5276 159.2204 412.4754 237.3235 1.8562 0.5879 1.0387 -5.3123 1.3521 17.3671 -2.3964 0.7739
Pedestrian -1 -1 -1.5553 300.0060 158.8669 327.7092 242.0031 1.8578 0.5719 1.0153 -6.7711 1.3760 16.3712 -1.9388 0.6804
Pedestrian -1 -1 -1.7953 341.3885 159.2209 375.4642 239.3796 1.8438 0.5597 1.0084 -5.9179 1.3560 16.8345 -2.1256 0.5353
Pedestrian -1 -1 0.1012 683.1086 134.2940 789.1071 363.2531 1.8662 0.6608 0.8588 1.1119 1.4913 6.1918 0.2721 0.4648
Pedestrian -1 -1 2.0277 586.0956 167.8491 603.9184 203.8905 1.7482 0.6674 0.6260 -0.5043 1.1360 34.7168 2.0150 0.1139
Cyclist -1 -1 1.7262 683.5210 133.7389 784.4542 370.0000 1.8561 0.5960 1.8490 1.1226 1.5162 6.1318 1.9002 0.1014
Car -1 -1 -2.2556 1026.1094 182.5165 1157.1776 228.2929 1.4193 1.5470 3.8856 16.3879 1.4952 24.0984 -1.6631 0.8319
Car -1 -1 -2.1035 959.5245 180.4458 1066.3058 227.0162 1.4755 1.5813 3.4954 13.7810 1.4754 24.1592 -1.5892 0.7647
Car -1 -1 0.9173 1100.4779 182.9904 1224.0000 228.7740 1.4378 1.5604 3.8369 19.1426 1.5319 24.3335 1.5790 0.7060
Car -1 -1 -1.7392 595.4441 173.5791 636.6199 203.4864 1.4860 1.5734 3.5816 0.5172 1.1436 37.0166 -1.7236 0.1339
