Pedestrian -1 -1 -0.0611 1148.3428 130.4127 1242.0000 375.0000 1.9109 0.6668 0.8941 4.7746 1.6065 5.7070 0.6096 0.2641
Pedestrian -1 -1 -0.3842 1134.7943 174.4975 1215.2301 296.0280 1.6543 0.5460 0.7391 7.9063 1.6787 10.1879 0.2610 0.1381
Pedestrian -1 -1 -0.0389 1154.5686 128.0328 1242.0000 364.4750 1.9832 0.5872 0.8291 5.4010 1.6076 6.5307 0.6294 0.1376
Pedestrian -1 -1 -1.8643 254.3818 156.3738 352.5376 375.0000 1.6758 0.6093 0.5481 -2.5668 1.5505 5.9037 -2.2594 0.1121
Car -1 -1 0.3601 774.5900 181.3813 946.9428 241.3965 1.3851 1.5861 3.9995 6.5001 1.6330 19.0614 0.6833 0.7726
Car -1 -1 0.3280 825.7035 175.7284 979.3127 234.6203 1.5409 1.6054 3.8129 8.3615 1.6319 20.9018 0.7031 0.5457
Car -1 -1 0.1399 966.9607 177.1534 1061.3799 208.6411 1.4206 1.5609 3.7977 19.4216 1.6389 34.7986 0.6450 0.4411
Car -1 -1 0.1053 999.1969 174.2144 1093.8826 203.7816 1.5070 1.6642 4.2201 23.4513 1.5843 38.8838 0.6443 0.2606
Car -1 -1 1.5191 942.5724 181.1441 1005.6276 231.5583 1.4129 1.5566 3.7371 11.4269 1.6997 22.9082 1.9761 0.2202
Car -1 -1 -1.6378 1074.7496 176.5985 1112.4589 202.6214 1.4330 1.5688 3.7746 28.2940 1.6636 42.3417 -1.0523 0.1096
