Pedestrian -1 -1 2.0177 1095.8281 130.7418 1188.6162 288.1459 1.8628 0.6283 0.8745 6.5997 1.3648 9.0236 2.6333 0.6467
Pedestrian -1 -1 0.7854 1147.0452 125.7439 1242.0000 272.9969 1.8983 0.6069 0.9139 7.9012 1.2913 9.7890 1.4495 0.4916
Pedestrian -1 -1 2.4756 1054.5359 137.1024 1172.8213 304.1441 1.8306 0.6336 0.9162 5.6881 1.4392 8.2570 3.0617 0.4714
Pedestrian -1 -1 -2.8084 743.6729 166.2543 774.2887 218.3519 1.7427 0.6393 0.8635 5.0421 1.5223 24.6283 -2.6094 0.4156
Pedestrian -1 -1 -1.5620 812.4926 165.0516 828.7095 211.6591 1.7353 0.5813 0.9039 7.9495 1.4452 27.3782 -1.2828 0.4034
Pedestrian -1 -1 2.2371 1159.5248 120.5541 1242.0000 299.1243 1.8802 0.6259 0.9666 6.7365 1.3299 8.0065 2.9182 0.3380
Pedestrian -1 -1 0.9939 847.4247 165.0093 871.8159 210.3484 1.6932 0.5239 0.7952 9.4290 1.4006 27.3924 1.3217 0.1553
Pedestrian -1 -1 -2.2750 304.7636 178.0287 327.5038 217.9095 1.7187 0.5984 0.7226 -12.9256 1.9491 31.6381 -2.6603 0.1446
Cyclist -1 -1 1.9761 500.7931 174.7603 530.9236 218.1621 1.7154 0.5432 1.8421 -3.8820 1.7964 29.5602 1.8461 0.4948
Cyclist -1 -1 -1.1884 740.9289 166.1018 777.6771 220.4807 1.7946 0.5762 1.8958 5.0953 1.5721 24.7595 -0.9884 0.3473
Car -1 -1 -0.3295 784.8315 169.5952 858.5747 194.2874 1.4453 1.5823 3.9261 12.5818 1.2549 43.1149 -0.0477 0.1010
