Pedestrian -1 -1 0.8449 1042.2899 133.2884 1222.0034 370.0000 1.8518 0.6332 0.8624 3.7781 1.5207 5.1791 1.4474 0.5230
Pedestrian -1 -1 0.7894 323.2795 161.2365 365.1687 232.2312 1.7389 0.5472 0.8526 -6.5268 1.2045 17.7427 0.4443 0.5117
Pedestrian -1 -1 0.8840 960.5787 139.5089 1139.4426 370.0000 1.8021 0.6225 0.8828 3.0122 1.5298 4.9198 1.4061 0.5040
Pedestrian -1 -1 1.4801 425.3115 166.7489 448.9293 225.9648 1.7242 0.6250 0.6883 -4.9613 1.2492 21.0069 1.2531 0.3019
Pedestrian -1 -1 1.4836 396.8207 165.2012 420.9135 228.4160 1.8212 0.6245 0.7355 -5.7494 1.3067 20.8173 1.2197 0.1367
Cyclist -1 -1 2.0810 98.6810 153.4597 276.1286 370.0000 1.7479 0.5583 1.8240 -3.7741 1.5139 6.5229 1.5782 0.6788
Cyclist -1 -1 1.8594 458.9883 168.8124 497.0592 233.6776 1.6768 0.5284 1.7842 -3.4005 1.3086 19.1892 1.6884 0.6452
Car -1 -1 1.5563 640.9969 171.2532 673.1352 202.7044 1.6536 1.6872 4.1041 2.9704 1.0317 39.2717 1.6329 0.7381
Car -1 -1 2.2553 0.0000 195.0497 258.9146 370.0000 1.5126 1.5988 3.7904 -4.4910 1.6394 5.4976 1.5989 0.2672
Car -1 -1 -2.2607 1099.2437 184.3559 1226.0000 249.6099 1.5866 1.6497 3.6187 15.4777 1.6249 19.0774 -1.5858 0.1886
Car -1 -1 0.8186 1124.4929 183.3858 1226.0000 370.0000 1.4584 1.6561 4.1426 6.6655 1.4631 6.0246 1.6296 0.1391
