Pedestrian -1 -1 1.3521 876.0119 158.8157 908.8350 226.3577 1.8062 0.6398 0.9444 7.8494 1.2279 19.4204 1.7322 0.7313
Pedestrian -1 -1 1.9417 858.5883 157.4903 898.2736 230.2585 1.7774 0.6451 0.9274 6.8616 1.2170 17.8253 2.3049 0.6693
Pedestrian -1 -1 0.7223 0.0000 163.3461 98.9799 370.0000 1.7365 0.6006 0.8420 -4.5743 1.6143 5.4251 0.0519 0.3814
Pedestrian -1 -1 1.2497 850.2557 157.7767 885.6611 226.3257 1.8437 0.6504 0.9275 7.2016 1.2341 19.4853 1.6002 0.3727
Pedestrian -1 -1 0.7846 825.1385 161.7386 867.0629 232.6012 1.7325 0.5776 0.8317 6.0211 1.2754 17.7830 1.1073 0.2865
Pedestrian -1 -1 1.4340 175.0886 173.9216 219.7646 268.9410 1.6650 0.6350 0.5603 -7.4259 1.5514 12.7996 0.9207 0.1077
Cyclist -1 -1 2.4012 138.2504 180.9554 241.9436 276.5598 1.5972 0.5100 1.7002 -7.4473 1.6075 12.7025 1.8835 0.5680
Car -1 -1 2.3949 577.3401 175.0606 658.0485 207.9058 1.6606 1.7236 4.2825 0.7120 1.3870 37.8089 2.4152 0.5157
Car -1 -1 -1.4936 482.6985 180.8206 513.2216 204.5992 1.4781 1.6440 4.1687 -6.9402 1.5013 46.1394 -1.6403 0.3716
Car -1 -1 -1.3969 438.3222 182.1889 473.0129 205.6632 1.4551 1.5830 3.6936 -9.6629 1.5706 45.9599 -1.6011 0.1199
Car -1 -1 -3.2868 812.0600 166.4475 979.6046 231.5695 1.6610 1.6686 4.0165 7.7560 1.3042 19.3041 -2.9088 0.1085
