Car -1 -1 -0.4939 727.3649 182.3306 986.5784 271.5400 1.4435 1.6861 4.1724 4.3627 1.6322 13.1329 -0.1808 0.8796
Car -1 -1 -0.6632 890.8614 186.8760 1242.0000 330.3594 1.3781 1.5630 3.8493 5.3147 1.5545 8.0847 -0.0991 0.8199
Car -1 -1 -0.4265 662.2446 179.2142 841.2719 249.7236 1.6031 1.6865 4.0323 3.4339 1.7731 17.9373 -0.2413 0.7240
Car -1 -1 1.8855 256.7401 181.0224 392.0072 264.7172 1.7109 1.7292 4.3503 -6.7287 1.9333 17.3953 1.5209 0.7114
Car -1 -1 1.7154 344.8814 190.1649 408.2666 236.2025 1.4674 1.6379 4.2722 -8.6553 2.1675 26.9217 1.4067 0.6781
Car -1 -1 -0.3337 683.8641 183.7227 886.8865 258.8916 1.4749 1.6317 3.9086 3.6269 1.7237 15.4732 -0.1087 0.6642
Car -1 -1 2.2959 992.7516 178.5627 1242.0000 375.0000 1.5282 1.6373 3.9296 5.2884 1.5814 5.6309 3.0234 0.6632
Car -1 -1 -0.5690 621.4735 185.3206 737.7041 231.5623 1.4714 1.6093 3.8085 2.4183 1.9381 25.3999 -0.4760 0.5681
Car -1 -1 1.5601 557.1140 181.9282 589.4395 213.4625 1.6497 1.7487 4.3315 -2.1607 2.1966 41.2375 1.5075 0.3826
Car -1 -1 -0.1768 586.0804 184.0128 674.7167 220.0579 1.5325 1.5990 3.7543 0.8452 2.0508 32.4127 -0.1517 0.3644
Car -1 -1 -0.4426 632.3344 184.4782 771.7432 235.8517 1.4685 1.6158 4.0425 2.8325 1.8566 22.6615 -0.3207 0.3284
Car -1 -1 -0.3218 603.5370 185.7075 696.7610 223.2245 1.4675 1.5257 3.6063 1.6265 2.0287 30.2681 -0.2693 0.2480
