Car -1 -1 1.9092 257.7828 193.7016 453.2057 306.8092 1.4269 1.6718 4.3040 -4.0220 1.8388 12.0699 1.5932 0.9067
Car -1 -1 -1.7422 707.3091 185.9948 862.8613 302.3669 1.4416 1.6046 4.2680 2.5262 1.6924 11.5859 -1.5340 0.8871
Car -1 -1 -1.9783 803.2699 189.4958 1242.0000 375.0000 1.4499 1.6202 4.2043 2.8466 1.6346 5.8685 -1.5475 0.8274
Car -1 -1 -1.5483 574.4551 183.0937 648.3295 253.7492 1.4563 1.5766 3.4624 0.0172 1.7245 17.1241 -1.5483 0.8268
Car -1 -1 2.8257 373.3922 183.7511 457.3507 210.5064 1.4156 1.6526 4.3780 -11.2273 2.0728 41.6008 2.5633 0.7373
Car -1 -1 0.1076 288.0353 186.3292 369.3134 217.8722 1.4835 1.6278 3.6504 -14.1070 2.1846 36.2635 -0.2613 0.7166
Car -1 -1 1.7626 539.4971 181.4083 589.5753 216.5960 1.4405 1.5741 3.6658 -2.0214 1.8476 32.3876 1.7002 0.7073
Car -1 -1 -1.4902 603.4919 175.8170 657.9566 226.9946 1.7051 1.6755 3.9801 0.7843 1.8222 26.3461 -1.4615 0.5794
Car -1 -1 -1.3989 677.6824 184.5224 754.2445 244.0719 1.4038 1.4969 3.4628 2.9090 1.7519 19.6212 -1.2548 0.4948
Car -1 -1 3.4098 162.4578 192.0652 255.9752 224.2802 1.4559 1.5571 3.7095 -19.5225 2.4256 35.2136 2.9065 0.3672
Car -1 -1 3.3475 94.5596 191.9910 172.4235 215.5360 1.3626 1.5855 3.8581 -30.0348 2.6094 45.5459 2.7670 0.2771
Car -1 -1 -1.5032 670.7248 174.7890 694.8884 195.2113 1.4735 1.5768 3.5816 5.4816 1.6246 54.3147 -1.4036 0.2418
