Pedestrian -1 -1 1.5810 923.1515 163.8557 945.0175 224.5604 1.7515 0.5787 0.8645 9.5339 1.4923 21.3293 1.9956 0.4973
Car -1 -1 2.0848 46.5336 200.1355 335.0237 337.0867 1.3810 1.6040 4.1194 -5.5622 1.8450 10.1800 1.5952 0.9094
Car -1 -1 -0.2241 705.6873 180.7014 876.0729 235.5410 1.4616 1.7061 4.3850 4.9523 1.6928 20.3541 0.0105 0.8710
Car -1 -1 2.6026 777.3530 189.6058 1216.7576 335.7430 1.4717 1.6778 4.3632 4.3179 1.6935 8.5180 3.0568 0.8168
Car -1 -1 1.9637 275.8142 194.3403 413.2151 271.6520 1.3805 1.5133 3.6316 -5.6823 1.9055 15.7632 1.6225 0.7695
Car -1 -1 1.8829 404.1364 188.3780 484.7932 234.5219 1.4083 1.5763 4.1611 -5.8069 2.0056 25.6033 1.6615 0.6996
Car -1 -1 -0.3005 671.6241 181.7189 785.3631 223.5031 1.4894 1.6205 3.9345 4.3926 1.8380 27.2583 -0.1431 0.6280
Car -1 -1 2.4239 936.6572 197.8064 1242.0000 375.0000 1.4493 1.6387 4.0449 4.9236 1.6781 5.7195 3.1085 0.6170
Car -1 -1 2.8147 644.5210 182.1303 741.0759 215.4417 1.5266 1.7025 4.3470 3.9634 1.9947 35.0841 2.9256 0.4477
Car -1 -1 2.7545 656.4316 182.3128 749.6779 217.7472 1.4919 1.6044 3.8201 4.1111 1.9327 32.3254 2.8792 0.2864
Car -1 -1 2.9993 645.4486 179.9594 713.2621 205.7196 1.4916 1.6166 3.8453 4.0834 1.9260 43.1755 3.0924 0.2546
