Pedestrian -1 -1 -2.3446 312.8191 171.8920 381.4343 291.3546 1.6820 0.5726 0.7680 -3.9050 1.6688 10.5810 -2.6908 0.5613
Pedestrian -1 -1 -2.3332 270.2109 162.2520 359.1246 321.9676 1.7342 0.6133 0.7232 -3.4289 1.6194 8.2603 -2.7163 0.1693
Car -1 -1 -1.7647 709.6820 181.9256 829.4081 268.9142 1.4826 1.5816 3.9275 3.0310 1.6922 14.6730 -1.5660 0.9227
Car -1 -1 -1.6942 669.8049 179.6773 735.5756 228.0414 1.4404 1.6349 4.3739 2.9766 1.6912 24.2939 -1.5745 0.8281
Car -1 -1 3.1988 0.0000 164.2365 345.7038 369.9825 1.7081 1.7477 4.3037 -5.3407 1.6369 7.8242 2.6152 0.7167
Car -1 -1 3.4200 0.0000 186.7158 237.5774 375.0000 1.4842 1.6447 4.0097 -4.9499 1.6139 5.0913 2.6747 0.7106
Car -1 -1 -2.6951 447.7294 177.7723 541.7913 214.4640 1.4942 1.6018 3.6604 -4.9787 1.7148 31.0146 -2.8534 0.6981
Car -1 -1 -2.4291 987.0273 211.3818 1242.0000 375.0000 1.4588 1.5885 3.7539 2.7084 1.6643 1.9473 -1.5518 0.4673
Car -1 -1 2.9334 409.9514 180.0837 529.2958 224.0120 1.4381 1.6011 3.9122 -5.0254 1.7101 25.6116 2.7411 0.4673
Car -1 -1 -1.6859 654.6781 179.0824 706.6201 218.2260 1.4618 1.6326 4.2278 2.7964 1.7374 29.7529 -1.5938 0.4559
Car -1 -1 -2.3850 118.1846 185.4680 397.7632 294.9355 1.4232 1.5928 3.7921 -5.3979 1.6397 11.0236 -2.8314 0.1856
