Car -1 -1 -1.8505 747.8665 182.5430 976.4192 326.0017 1.4265 1.6000 4.1864 2.9539 1.5835 9.5571 -1.5605 0.9335
Car -1 -1 -1.7651 702.1956 177.0769 817.3527 256.0668 1.4442 1.5810 4.1496 3.0009 1.5474 15.4921 -1.5782 0.9060
Car -1 -1 -2.6795 193.4594 186.1506 388.8389 252.1014 1.4267 1.6185 3.8700 -7.4169 1.7550 16.8850 -3.0881 0.8348
Car -1 -1 -1.4826 597.9814 174.9019 634.6987 205.8085 1.5406 1.6315 3.5892 0.3415 1.6544 38.0765 -1.4742 0.6922
Car -1 -1 -2.8303 319.1684 179.0171 461.8468 229.0899 1.5392 1.7040 4.0801 -7.0508 1.7461 23.2891 -3.1216 0.6868
Car -1 -1 3.2895 394.5639 178.2136 491.5316 214.9247 1.4973 1.6117 3.8170 -7.0707 1.7324 30.6539 3.0643 0.6712
Car -1 -1 3.7665 0.0000 194.7559 240.6413 317.1541 1.4334 1.5658 3.6906 -7.1802 1.7472 9.5292 3.1339 0.6618
Car -1 -1 3.4664 263.5563 184.8664 433.4649 240.5890 1.3984 1.5873 3.9715 -6.9418 1.7337 19.2880 3.1248 0.6397
Car -1 -1 3.6611 26.5985 190.6405 308.1019 287.0446 1.4552 1.6039 3.6999 -7.2690 1.7725 12.0241 3.1267 0.5929
Car -1 -1 2.4215 0.0000 191.0949 153.8707 375.0000 1.5007 1.6219 3.9581 -5.8081 1.6959 5.6679 1.6473 0.4278
Car -1 -1 0.3593 372.5925 179.7737 477.3780 219.6560 1.4921 1.6010 3.6572 -7.2655 1.7738 28.3343 0.1101 0.4214
Car -1 -1 1.7579 502.2129 174.6356 538.7297 199.4865 1.5355 1.6346 4.0427 -5.8069 1.6569 46.9465 1.6351 0.2808
