Car -1 -1 0.3730 212.5376 187.5715 409.5063 247.0685 1.3860 1.6438 4.2531 -7.4228 1.7723 18.0724 -0.0121 0.8273
Car -1 -1 -1.6549 621.0900 174.7366 663.8511 207.9678 1.4735 1.6680 4.2366 1.4471 1.5692 34.3875 -1.6137 0.7725
Car -1 -1 0.3650 296.4462 183.1571 430.8022 230.7167 1.4443 1.5909 3.7610 -7.8860 1.7877 23.1548 0.0397 0.6890
Car -1 -1 3.1918 379.6948 174.9834 486.1865 218.1974 1.7433 1.7707 4.2534 -7.4486 1.8374 30.4964 2.9538 0.6725
Car -1 -1 2.8402 416.9313 179.0455 499.7057 208.6279 1.4585 1.6080 3.9608 -7.9969 1.7987 37.9348 2.6335 0.2127
Car -1 -1 -1.5059 190.2514 178.2652 292.5653 267.5594 1.6254 1.6710 3.7272 -7.7844 1.7567 15.4202 -1.9669 0.2077
Car -1 -1 -1.4919 556.0978 170.6671 592.9091 205.0355 1.7820 1.7096 3.8469 -1.9238 1.6690 39.3574 -1.5409 0.1843
Car -1 -1 0.2513 321.4844 183.6267 448.6374 226.1262 1.4279 1.5929 4.0340 -7.9417 1.8235 25.5818 -0.0473 0.1700
Car -1 -1 -1.1965 610.3962 173.1496 662.5013 201.2583 1.4522 1.5806 3.7518 1.4575 1.4695 39.3528 -1.1602 0.1287
Car -1 -1 -1.5345 609.1222 166.9899 639.2908 197.1986 1.8338 1.7723 4.2626 0.9169 1.4782 45.9744 -1.5151 0.1144
