Car -1 -1 1.8502 297.0886 174.9868 471.2578 303.0678 1.7317 1.6392 3.9004 -3.5020 1.7726 11.7717 1.5663 0.7909
Car -1 -1 2.7509 746.2353 163.0191 997.3908 269.3836 1.6888 1.6667 3.7005 4.3247 1.5330 12.4025 3.0781 0.7202
Car -1 -1 -0.2087 722.6415 176.9064 923.0775 253.9164 1.4746 1.5787 3.6855 4.1936 1.5632 14.8088 0.0612 0.7154
Car -1 -1 2.9072 663.7612 177.7713 788.6155 221.8113 1.4566 1.6140 4.0089 3.9331 1.6342 25.0438 3.0605 0.6787
Car -1 -1 1.7330 451.0347 177.5192 529.1287 241.3010 1.6524 1.6117 3.9219 -3.4215 1.8008 20.9389 1.5723 0.5942
Car -1 -1 2.9924 650.8554 177.3799 757.7847 219.7744 1.5526 1.6662 3.8278 3.4926 1.7309 27.4896 3.1168 0.5357
Car -1 -1 2.6980 683.8121 179.0452 876.6968 244.5285 1.4413 1.6515 4.2283 4.0090 1.6018 17.3891 2.9201 0.4670
Car -1 -1 1.8128 398.9941 186.9202 497.6290 258.7558 1.4400 1.4845 3.2510 -3.6942 1.7991 16.7508 1.5982 0.4031
Car -1 -1 1.9936 477.7609 184.9092 552.2051 224.7501 1.4331 1.5566 3.8255 -3.8117 1.9566 29.2523 1.8645 0.3797
Car -1 -1 2.2621 0.0000 0.0000 1242.0000 375.0000 1.5110 1.6432 3.6276 -2.9612 1.6518 1.8951 1.3244 0.1172
