Pedestrian -1 -1 2.1756 654.3919 167.1579 677.9066 208.5627 1.8580 0.6517 0.9419 2.5269 1.6027 32.9459 2.2509 0.1052
Car -1 -1 -1.3091 366.8823 167.9761 510.0919 270.4527 1.6885 1.6581 4.0519 -3.1692 1.6085 13.9447 -1.5293 0.8640
Car -1 -1 -1.8077 688.2031 180.5594 759.7318 226.3747 1.3612 1.5163 3.5827 3.6463 1.6366 23.9078 -1.6589 0.7811
Car -1 -1 -1.4140 451.8192 175.4188 526.8800 234.0313 1.4883 1.5371 3.5154 -3.3398 1.5668 20.2345 -1.5762 0.6676
Car -1 -1 -1.6819 679.7355 177.8221 730.2529 217.7745 1.4431 1.5540 3.6173 3.6242 1.6511 28.3320 -1.5566 0.6614
Car -1 -1 -1.1029 0.0000 148.1103 387.6090 375.0000 1.6663 1.6245 3.9722 -3.2010 1.5393 5.7177 -1.5946 0.6569
Car -1 -1 -1.5260 532.9836 174.4958 561.6332 200.3763 1.5244 1.6002 3.7953 -3.8758 1.6308 44.6710 -1.6124 0.6324
Car -1 -1 2.3088 1180.6294 185.9850 1242.0000 223.3698 1.5234 1.5853 3.7690 26.9907 2.1090 31.1349 3.0178 0.2205
Car -1 -1 -1.4499 644.6726 173.7723 674.0389 195.2814 1.4537 1.5973 4.0984 3.5055 1.5218 51.1087 -1.3822 0.1888
Car -1 -1 -0.7108 1085.3787 185.4131 1187.6652 219.6235 1.6149 1.7014 3.9584 26.0575 2.2566 35.8237 -0.0865 0.1635
Car -1 -1 1.9507 319.9262 172.8239 369.9254 198.8135 1.4978 1.5638 3.6930 -15.9332 1.4964 43.4489 1.6010 0.1596
