Car -1 -1 1.9176 244.9262 188.1284 491.1817 355.2657 1.5006 1.5776 3.6180 -2.6601 1.7236 8.6642 1.6271 0.9013
Car -1 -1 -1.6886 753.9768 188.3239 915.0054 327.5670 1.4044 1.5202 3.3699 2.6882 1.6455 9.4494 -1.4209 0.8824
Car -1 -1 0.2311 154.2533 189.8149 283.2041 233.5718 1.4506 1.6193 3.8423 -14.1293 2.0965 26.1823 -0.2598 0.8462
Car -1 -1 1.7463 536.2195 177.0285 595.5638 221.0941 1.5396 1.6353 3.7070 -1.6530 1.7103 27.5086 1.6862 0.8349
Car -1 -1 -1.5212 595.8910 179.7106 678.2277 259.3220 1.4801 1.5734 3.3342 0.6064 1.6437 15.4392 -1.4838 0.7899
Car -1 -1 -1.4143 634.6855 172.1656 705.3618 229.7246 1.7191 1.6917 4.1889 2.0231 1.6989 23.7823 -1.3313 0.7403
Car -1 -1 -1.6222 726.1871 178.5216 830.9383 271.2669 1.4690 1.6682 4.2761 3.0437 1.5965 13.9426 -1.4127 0.7174
Car -1 -1 3.5043 0.0000 196.5703 121.1753 242.5836 1.4429 1.5601 3.4619 -19.3560 2.3104 25.1413 2.8531 0.6063
Car -1 -1 1.4825 784.5566 167.8595 819.7570 198.5345 1.6518 1.5878 3.6935 10.7852 1.3832 40.8050 1.7388 0.5353
Car -1 -1 -2.4262 0.0000 0.0000 1242.0000 375.0000 1.4537 1.5936 3.7924 2.6393 1.6581 1.7381 -1.5136 0.3623
