Pedestrian -1 -1 2.4618 646.7029 177.1996 682.1355 247.0105 1.6127 0.4982 0.6712 1.4179 1.4776 16.7224 2.5461 0.2130
Pedestrian -1 -1 -1.6463 714.4778 164.5698 736.4479 220.4735 1.7566 0.6338 0.7689 3.8876 1.1755 22.6246 -1.4769 0.1245
Cyclist -1 -1 -2.7495 628.1856 175.3495 704.8034 247.0272 1.6294 0.5478 1.7244 1.4578 1.4544 16.7077 -2.6628 0.1555
Car -1 -1 1.4547 147.7404 187.3174 318.9948 345.8335 1.6670 1.6237 3.7365 -5.1665 1.7371 9.5372 0.9731 0.7674
Car -1 -1 -1.5236 534.8569 182.0096 577.8844 219.2922 1.4320 1.5834 3.6259 -1.8713 1.3912 28.9777 -1.5858 0.7422
Car -1 -1 -1.4952 599.7220 179.0053 630.9606 203.5989 1.4132 1.5739 4.1860 0.7975 1.1788 42.7838 -1.4751 0.6189
Car -1 -1 1.9997 341.1502 189.2097 404.0795 218.5069 1.4398 1.6321 4.0838 -12.2183 1.7852 37.7523 1.6908 0.6156
Car -1 -1 -0.1144 647.7178 169.5387 788.8928 223.9376 1.7150 1.7834 4.4014 3.6730 1.2886 23.2687 0.0416 0.6036
Car -1 -1 1.9129 399.8992 186.6521 442.0899 209.0013 1.4375 1.5914 3.7852 -12.3027 1.6895 48.0560 1.6655 0.4196
Car -1 -1 1.8860 443.4239 184.1260 476.1377 202.6082 1.4841 1.5547 3.8392 -11.8757 1.5731 58.9898 1.6901 0.2082
Car -1 -1 1.8886 372.0187 188.1408 422.6773 214.3192 1.4689 1.6512 4.3466 -12.3445 1.7901 42.7226 1.6109 0.1979
Car -1 -1 -3.4712 813.5373 163.4787 903.0694 197.0214 1.5476 1.6080 3.6572 12.0181 0.6433 33.4480 -3.1276 0.1235
