Car -1 -1 2.0147 0.0000 197.2511 298.6308 357.9038 1.4131 1.6316 4.2043 -5.5701 1.7969 9.1689 1.4811 0.8779
Car -1 -1 1.8884 291.7325 187.5479 436.1142 272.1946 1.4589 1.6473 4.0525 -5.0209 1.8094 15.1650 1.5731 0.8580
Car -1 -1 1.8249 369.9224 183.2515 469.6087 245.0674 1.4809 1.6477 4.2628 -5.2099 1.8022 20.1353 1.5743 0.7577
Car -1 -1 2.4486 0.0000 214.0425 130.0250 375.0000 1.4267 1.5736 3.9378 -4.9818 1.7794 4.1742 1.6067 0.5468
Car -1 -1 1.2566 0.0000 180.6153 121.4185 280.4244 1.4909 1.5542 3.6745 -10.3662 1.6456 12.6919 0.5819 0.4675
Car -1 -1 1.1422 201.1745 177.9656 316.8781 234.2718 1.5033 1.6167 3.9171 -10.5422 1.6690 21.4711 0.6904 0.3977
Car -1 -1 1.1840 39.8623 180.3893 209.4143 260.5242 1.5122 1.6504 4.1423 -10.7393 1.6969 15.8043 0.5948 0.3898
Car -1 -1 -0.6867 266.2403 182.3175 387.7320 227.3545 1.4109 1.5545 3.8992 -9.9582 1.7737 25.5545 -1.0552 0.2046
Car -1 -1 1.0198 121.8104 186.5582 279.8217 249.8839 1.3930 1.5656 4.1164 -10.4514 1.7726 18.2804 0.5063 0.1667
Car -1 -1 -2.6959 230.5937 171.1309 326.1739 201.4184 1.5207 1.6604 4.1567 -17.0326 1.4345 37.0905 -3.1239 0.1499
Car -1 -1 1.7848 487.1611 181.5339 519.1407 202.5440 1.4225 1.5363 3.7420 -7.7409 2.0758 52.3538 1.6383 0.1440
