Pedestrian -1 -1 -2.2787 374.1032 177.8842 390.9972 211.7780 1.6758 0.5740 0.5723 -11.4438 1.9312 36.1839 -2.5833 0.1381
Car -1 -1 3.1582 217.1072 179.0459 346.7570 226.1881 1.4932 1.6316 3.9324 -11.2230 1.7193 24.7772 2.7366 0.8168
Car -1 -1 -3.0528 498.4019 176.7608 606.3580 219.0861 1.4998 1.6468 3.8312 -2.1049 1.6486 26.5634 -3.1317 0.7693
Car -1 -1 -3.5064 850.2438 171.8573 995.5794 219.2483 1.6823 1.8013 4.5713 11.3909 1.6473 26.5916 -3.1062 0.7480
Car -1 -1 2.5963 966.8363 178.7257 1062.9321 212.0955 1.5049 1.5785 3.6238 18.8251 1.7865 33.7000 3.1016 0.5348
Car -1 -1 2.7880 0.0000 185.2814 49.6477 249.2219 1.4400 1.5570 3.8865 -17.5608 1.8059 19.1394 2.0525 0.3166
Car -1 -1 0.7605 1100.6396 172.4845 1242.0000 217.2189 1.4922 1.6722 4.1882 20.2918 1.4802 26.2655 1.4125 0.2049
Car -1 -1 1.4284 687.9680 175.2211 751.6025 221.8107 1.5378 1.6684 4.1931 3.8389 1.6307 26.1239 1.5720 0.1540
Car -1 -1 1.9144 1197.3817 173.7326 1242.0000 215.2027 1.4587 1.5519 3.8010 23.8126 1.4940 27.0523 2.6305 0.1280
Car -1 -1 1.6615 631.8046 175.8375 690.2297 222.8077 1.5284 1.7182 4.3927 1.8821 1.6461 26.0747 1.7320 0.1248
Car -1 -1 -0.7378 1116.9410 180.5362 1211.4459 210.5620 1.4568 1.5307 3.7291 27.8874 1.8546 36.4055 -0.0884 0.1189
