Pedestrian -1 -1 1.9993 648.4015 155.7029 717.7092 297.1064 1.8232 0.6059 0.9570 0.9581 1.6024 9.8661 2.0917 0.7776
Pedestrian -1 -1 -0.9421 987.6653 144.4915 1132.5219 374.5066 1.8065 0.6268 0.9374 3.7657 1.5841 6.1397 -0.4142 0.5226
Pedestrian -1 -1 3.3632 250.0842 184.7025 268.2739 220.0956 1.6764 0.6598 0.6604 -16.9715 2.2553 34.8336 2.9125 0.1195
Cyclist -1 -1 1.6629 253.6632 185.1563 269.2366 221.2542 1.6761 0.5199 1.7485 -16.9519 2.2893 35.0303 1.2149 0.4954
Cyclist -1 -1 -2.4662 947.0563 144.3699 1199.5791 375.0000 1.7815 0.5837 1.8492 3.8181 1.5737 6.2370 -1.9387 0.2934
Car -1 -1 -1.7306 411.1025 188.3228 503.1518 260.0289 1.4313 1.5674 3.6989 -3.8013 1.8451 17.2741 -1.9448 0.8886
Car -1 -1 -1.6873 381.4875 186.0267 437.6331 231.8578 1.4882 1.5701 3.6678 -7.4792 2.0101 26.5678 -1.9596 0.7754
Car -1 -1 3.2989 119.7725 188.7760 221.9504 226.4411 1.5557 1.6307 3.7166 -19.7072 2.3049 32.4809 2.7569 0.6580
Car -1 -1 0.2342 0.0000 202.1499 133.0999 273.2578 1.3921 1.5789 3.8469 -13.6484 2.1414 16.9132 -0.4372 0.4585
Car -1 -1 0.3842 1186.2559 152.2696 1242.0000 224.3225 1.4977 1.6364 3.8539 16.2746 1.0702 17.0873 1.1365 0.2885
Car -1 -1 3.7691 0.0000 214.8476 38.4700 350.9063 1.4878 1.6003 3.9035 -10.4345 2.1203 9.7235 2.9623 0.2247
Car -1 -1 3.0694 179.8088 190.7917 255.7142 216.0063 1.4930 1.6464 4.2560 -25.6545 2.7120 47.1762 2.5734 0.1462
