Car -1 -1 -1.7707 706.6699 181.0814 838.3511 276.7148 1.4734 1.5743 3.8226 2.7822 1.6478 13.3538 -1.5708 0.8606
Car -1 -1 -1.6964 665.8472 178.2920 723.4536 224.5815 1.4881 1.5616 3.5116 2.8634 1.6930 25.3756 -1.5860 0.8447
Car -1 -1 -1.9229 775.9998 191.8022 1062.8723 375.0000 1.3963 1.4918 3.4910 2.8451 1.6414 7.5671 -1.5773 0.8414
Car -1 -1 -0.3360 348.7021 175.7717 501.5242 233.6943 1.5530 1.6721 4.0560 -5.4716 1.6470 21.3425 -0.5846 0.7908
Car -1 -1 2.7791 408.9991 178.1621 526.8230 220.8829 1.4697 1.6115 4.0160 -5.3297 1.6815 26.9975 2.5855 0.7046
Car -1 -1 3.3405 0.0000 181.8117 196.2875 375.0000 1.5080 1.5953 3.8104 -5.3973 1.5967 5.4221 2.5818 0.6619
Car -1 -1 -2.3999 934.2531 203.8175 1242.0000 375.0000 1.4377 1.5909 3.7741 2.5823 1.6121 2.1511 -1.5894 0.5360
Car -1 -1 2.6575 448.4807 173.1268 548.7871 212.7473 1.6910 1.7109 4.1851 -5.0566 1.7045 32.7513 2.5050 0.4790
Car -1 -1 -1.6910 655.1081 178.4424 703.9623 216.2291 1.4575 1.5786 3.8104 2.8178 1.7077 30.3259 -1.5998 0.3201
Car -1 -1 -1.6945 642.8171 173.4476 686.6949 207.9336 1.6367 1.6888 4.1901 2.6665 1.6688 36.4508 -1.6226 0.2820
