Pedestrian -1 -1 1.1463 554.5936 154.1245 610.2896 261.7824 1.8414 0.6530 0.9739 -0.4599 1.3919 12.6698 1.1127 0.8376
Pedestrian -1 -1 1.2472 352.7954 160.4770 388.2918 235.7693 1.8254 0.5822 0.9237 -5.9072 1.3416 17.6814 0.9319 0.8138
Pedestrian -1 -1 1.2420 745.6062 163.1768 785.3842 244.8876 1.7210 0.6035 0.8233 3.4297 1.3577 15.3295 1.4595 0.8120
Pedestrian -1 -1 1.1010 776.3870 162.2120 820.3569 243.9358 1.7379 0.6042 0.8572 4.1926 1.3506 15.5128 1.3616 0.6791
Pedestrian -1 -1 -2.2185 319.0874 161.2405 363.2494 238.1517 1.8055 0.5306 0.9595 -6.4130 1.3550 17.0757 -2.5699 0.6643
Pedestrian -1 -1 1.9018 190.0696 161.6924 211.5886 205.3072 1.8174 0.6451 0.5412 -17.0442 1.0352 29.7824 1.3885 0.2387
Pedestrian -1 -1 -1.3713 810.7542 167.9995 839.3241 231.8460 1.7570 0.6311 0.7786 6.1780 1.4146 19.9452 -1.0737 0.1748
Cyclist -1 -1 -3.1424 785.0374 165.7672 854.7277 231.3106 1.8101 0.5875 1.8659 6.0511 1.4048 20.0688 -2.8522 0.5114
Car -1 -1 -2.2523 1027.4939 182.7824 1155.6145 228.3208 1.4118 1.5349 3.7723 16.3649 1.4973 24.0570 -1.6596 0.8245
Car -1 -1 0.9201 1097.9237 183.3475 1224.0000 228.8862 1.4291 1.5990 4.0348 19.2219 1.5373 24.4622 1.5813 0.6945
Car -1 -1 -2.1013 959.0798 180.5409 1067.5470 227.7721 1.4933 1.5882 3.5874 13.7881 1.4963 24.1578 -1.5868 0.6368
Car -1 -1 -1.5531 601.8127 175.2976 632.9920 203.9973 1.4340 1.5592 3.5989 0.6723 1.1755 37.1511 -1.5334 0.6096
