Car -1 -1 -2.2770 941.7178 171.5529 1128.6010 243.1972 1.5207 1.6380 4.0147 9.9939 1.4934 17.4397 -1.7644 0.8635
Car -1 -1 -1.7478 409.4741 176.4424 474.6566 226.3680 1.6519 1.6463 3.8735 -6.2259 1.7934 26.2774 -1.9787 0.8095
Car -1 -1 3.1596 158.0123 183.5859 245.8159 214.8438 1.4727 1.6147 3.8158 -20.7302 2.0432 36.7159 2.6484 0.7472
Car -1 -1 -2.4857 1012.7908 174.2771 1212.2814 235.4782 1.4033 1.5728 4.1613 12.8563 1.4452 18.8672 -1.8952 0.6397
Car -1 -1 1.0499 668.0847 177.9531 756.4301 216.7989 1.4341 1.6697 4.2370 4.0400 1.6592 29.5102 1.1840 0.4079
Car -1 -1 3.1773 163.3311 182.8122 246.8606 211.1162 1.4932 1.6040 4.0563 -22.8711 2.0799 40.8500 2.6695 0.3541
Car -1 -1 -1.5842 306.0099 178.6823 335.6197 206.2629 1.6218 1.6631 3.9278 -18.2740 2.0066 45.4587 -1.9647 0.2889
Car -1 -1 1.9619 1199.0575 169.1734 1242.0000 216.2997 1.4028 1.5527 3.9602 20.7480 1.2936 23.0398 2.6884 0.1611
Car -1 -1 1.3364 566.4084 176.1487 602.9713 200.5412 1.5244 1.5769 3.7543 -1.7430 1.7516 47.6551 1.2996 0.1359
Car -1 -1 1.4134 518.7397 176.9288 567.8085 212.1103 1.5695 1.7045 4.3064 -3.3407 1.7806 35.0169 1.3185 0.1051
