Car -1 -1 -1.9580 595.1984 192.9625 901.3518 375.0000 1.4085 1.5374 3.8459 0.9971 1.6705 7.3288 -1.8300 0.8567
Car -1 -1 1.7159 275.7932 188.4035 351.6757 244.6817 1.4276 1.5502 3.6019 -8.6927 1.9287 21.3014 1.3323 0.7276
Car -1 -1 -0.4100 541.6091 185.8773 658.9015 232.1009 1.4632 1.5929 3.7727 -0.3803 1.9454 25.1890 -0.4258 0.6466
Car -1 -1 2.6200 588.3268 186.4265 801.3618 267.3004 1.4424 1.6148 4.1360 1.7208 1.7536 14.9566 2.7311 0.6157
Car -1 -1 -2.4926 825.8043 182.5690 1242.0000 375.0000 1.4935 1.6201 3.8565 2.4150 1.5556 2.5263 -1.7868 0.6066
Car -1 -1 -0.4020 597.5486 186.3345 761.0291 253.2494 1.4761 1.5689 3.6850 1.6360 1.8328 17.7559 -0.3127 0.5795
Car -1 -1 -0.2516 495.8982 181.3598 584.7057 216.3121 1.5770 1.6773 3.9616 -3.4006 2.0041 34.7315 -0.3491 0.4625
Car -1 -1 1.4957 421.9847 185.1136 446.4664 204.8510 1.4999 1.6571 4.2937 -14.6663 2.5585 59.9814 1.2566 0.4009
Car -1 -1 -0.6471 686.7316 190.9319 905.6311 287.4328 1.4234 1.5095 3.4893 3.1831 1.7725 12.5388 -0.4053 0.3385
Car -1 -1 1.7647 320.8725 187.3397 372.8381 222.3949 1.4268 1.5242 3.7814 -12.0004 2.1293 32.9891 1.4180 0.3333
Car -1 -1 2.8157 500.0681 183.8697 596.2844 219.5956 1.4616 1.5931 3.9460 -2.7761 1.9733 31.9739 2.7292 0.3058
Car -1 -1 -0.3418 555.5812 188.7292 686.0241 239.8072 1.4228 1.5578 3.7178 0.2751 1.9426 22.2686 -0.3305 0.2992
