Car -1 -1 -1.8162 842.6793 183.8627 1003.5385 285.0697 1.3890 1.5378 3.8695 5.0876 1.6089 12.3609 -1.4350 0.9235
Car -1 -1 -2.1910 1011.3936 195.3059 1242.0000 375.0000 1.4574 1.6005 3.8146 3.4661 1.6249 3.3699 -1.4352 0.5415
Car -1 -1 1.7572 646.5327 176.0414 699.9116 217.1695 1.5796 1.5653 3.6517 2.6432 1.7211 29.9838 1.8436 0.4406
Car -1 -1 2.4108 0.0000 193.2860 127.7080 290.8581 1.3318 1.5310 4.0808 -10.9794 1.7569 12.8667 1.7145 0.3141
Car -1 -1 -0.8607 849.5676 176.0612 952.8344 218.7029 1.5148 1.6145 3.7249 11.0456 1.6442 27.4463 -0.4824 0.2192
Car -1 -1 -1.7160 791.2299 174.9379 827.5156 200.7868 1.4729 1.5721 3.6602 11.8920 1.6039 43.3297 -1.4503 0.1975
Car -1 -1 -0.6213 791.2783 173.9634 858.4491 197.1060 1.4622 1.6044 4.0277 14.0031 1.5372 47.1405 -0.3346 0.1571
Car -1 -1 -0.3047 846.4553 178.7705 983.7021 224.4095 1.4521 1.5746 3.9372 10.0782 1.6583 24.1541 0.0856 0.1315
Car -1 -1 1.6171 711.7075 176.3569 730.5344 192.3322 1.4735 1.6162 4.0304 10.7284 1.8222 69.6184 1.7690 0.1237
Car -1 -1 -0.3244 808.8001 164.9073 915.9499 206.4776 1.9224 1.8573 4.4461 11.8916 1.5553 34.3064 0.0061 0.1221
