Car -1 -1 -1.9294 774.5024 187.7170 1115.6602 375.0000 1.3936 1.5659 4.1411 2.8871 1.5888 7.3870 -1.5715 0.9225
Car -1 -1 -1.7663 712.4543 180.6690 849.8859 279.4364 1.4925 1.6077 4.1076 2.9056 1.6592 13.2921 -1.5568 0.8906
Car -1 -1 -2.5718 132.9255 192.3274 356.3466 269.5119 1.4140 1.5734 3.8268 -7.4112 1.8381 14.7078 -3.0317 0.8722
Car -1 -1 -1.5479 594.9889 176.6868 627.6172 207.5887 1.5427 1.6536 4.1326 0.0784 1.7593 38.6221 -1.5464 0.8051
Car -1 -1 3.7660 0.0000 193.5146 239.8857 316.8169 1.4924 1.6001 3.6159 -7.3035 1.7967 9.8060 3.1386 0.7632
Car -1 -1 -2.7592 290.3876 181.8787 439.0971 237.0084 1.5194 1.6181 3.7889 -7.1495 1.7952 21.1035 -3.0826 0.7423
Car -1 -1 -2.7263 206.9646 188.3387 407.5399 252.8697 1.4213 1.6212 4.0974 -7.1479 1.8086 17.1660 -3.1159 0.7206
Car -1 -1 3.2958 372.1633 180.8073 477.9056 221.6762 1.5367 1.6229 3.8409 -7.2766 1.8621 28.4996 3.0476 0.5554
Car -1 -1 0.7731 0.0000 200.0197 138.1105 368.4284 1.4513 1.6196 3.8723 -7.2955 1.7577 7.3028 0.0064 0.5502
Car -1 -1 0.4899 346.1595 181.4654 464.6921 225.8724 1.5148 1.6229 3.8434 -7.4641 1.8432 26.2797 0.2154 0.5301
Car -1 -1 -1.2341 1085.8512 150.4361 1242.0000 235.3067 1.3999 1.5111 3.5447 10.5248 1.0305 13.5046 -0.5827 0.5180
Car -1 -1 3.3337 412.7239 175.7387 514.2779 211.4802 1.7252 1.7910 4.6938 -7.2598 1.8726 35.8822 3.1350 0.4746
Car -1 -1 1.7431 491.7482 178.9454 529.5688 204.5513 1.4821 1.6404 4.1600 -6.1570 1.8791 44.8713 1.6071 0.3161
