Pedestrian -1 -1 0.3183 484.5940 169.3880 515.1789 231.5460 1.7743 0.6345 0.7167 -3.2417 1.6758 20.9661 0.1661 0.2896
Car -1 -1 -1.8044 709.8036 171.6720 853.2162 268.5282 1.4909 1.5962 3.8479 2.8605 1.4731 13.0461 -1.5942 0.8557
Car -1 -1 -1.7907 651.6848 173.6078 733.2241 226.9855 1.4967 1.6240 4.1196 2.4069 1.5227 22.4285 -1.6858 0.7862
Car -1 -1 -2.0775 846.8151 183.4690 1242.0000 375.0000 1.4489 1.5563 3.8255 2.8552 1.5461 4.6570 -1.5563 0.7129
Car -1 -1 2.1841 70.1195 196.3896 190.3817 239.7092 1.3971 1.6251 4.3895 -18.4163 2.3801 27.9022 1.6049 0.7077
Car -1 -1 2.1095 178.0537 191.0325 261.7224 225.8265 1.4360 1.5660 4.1349 -18.3471 2.3480 34.0766 1.6186 0.6413
Car -1 -1 2.0358 254.2775 187.3965 319.4930 215.4207 1.4118 1.6215 4.2468 -18.1887 2.2769 40.7461 1.6180 0.5426
Car -1 -1 -1.6560 628.8992 175.4862 664.9940 204.5866 1.4742 1.6031 3.8980 1.9071 1.6236 38.8839 -1.6079 0.5118
Car -1 -1 -1.6726 641.3456 177.3050 694.9435 217.7010 1.4364 1.6454 4.2393 2.1577 1.6244 28.2672 -1.5979 0.4159
Car -1 -1 1.9232 314.1518 186.4144 361.3726 209.0405 1.3949 1.6323 4.2736 -18.5195 2.3600 49.1880 1.5646 0.3094
Car -1 -1 -1.4804 606.4675 173.4564 631.8829 194.0715 1.4644 1.5487 3.7542 0.6822 1.5109 53.3141 -1.4680 0.2441
Car -1 -1 1.9715 351.1698 178.3094 405.4737 207.5916 1.7323 1.7350 4.2928 -14.6377 2.0952 45.7264 1.6630 0.1884
