Car -1 -1 -1.6721 931.9932 158.2395 1033.7994 234.0102 1.5094 1.6096 3.9778 8.3359 1.2186 16.5158 -1.2122 0.7760
Car -1 -1 -2.3493 250.7762 162.4098 376.0872 211.3861 1.6745 1.7431 4.2549 -10.8595 1.3178 26.3041 -2.7375 0.6520
Car -1 -1 -0.9929 960.1584 179.6725 1242.0000 308.3331 1.3729 1.5825 3.9874 6.6133 1.4757 9.3486 -0.3926 0.6363
Car -1 -1 -1.4398 819.2332 150.1141 901.6232 222.4344 1.7682 1.6608 3.7821 6.8667 1.2126 19.7017 -1.1095 0.5901
Car -1 -1 -2.4401 321.5987 158.4847 433.0120 204.5675 1.7397 1.7349 4.0804 -9.3342 1.1976 28.8158 -2.7510 0.4444
Car -1 -1 2.5106 55.8879 164.9436 270.7532 236.4611 1.5055 1.6939 4.2209 -10.6194 1.3393 17.4599 1.9707 0.4402
Car -1 -1 0.4956 1048.1930 188.9923 1242.0000 375.0000 1.4906 1.6132 3.7843 3.5263 1.5885 2.3654 1.4188 0.4132
Car -1 -1 0.3547 1081.7659 165.1586 1242.0000 375.0000 1.5368 1.6380 3.7223 5.8185 1.5021 5.3157 1.1575 0.3480
Car -1 -1 -1.5894 918.0644 151.5447 975.7459 201.5188 1.6236 1.7231 4.2425 11.8920 0.9316 25.7279 -1.1610 0.2352
Car -1 -1 -1.1853 512.7686 158.5516 577.5972 197.8562 1.7407 1.7270 3.8415 -3.0261 1.1076 34.0408 -1.2736 0.1714
