Car -1 -1 -1.7709 723.0934 179.4938 857.7454 270.8906 1.4305 1.5978 4.1547 3.1768 1.5762 13.6896 -1.5486 0.8874
Car -1 -1 -2.5533 0.0000 195.7379 319.7484 305.4508 1.4861 1.7120 4.3082 -7.0114 1.8678 11.0899 -3.1066 0.8815
Car -1 -1 -1.5710 610.4155 176.0644 643.0421 206.7641 1.5174 1.6315 3.8674 0.8395 1.6957 38.0205 -1.5496 0.7766
Car -1 -1 -1.7134 693.6301 175.2717 777.0094 237.6684 1.5056 1.6208 4.1232 3.2445 1.5787 19.6439 -1.5529 0.7757
Car -1 -1 -2.6785 299.2340 184.7066 445.6488 237.0396 1.4318 1.5905 3.7944 -7.0055 1.7995 21.2889 -2.9933 0.7757
Car -1 -1 3.2791 378.1385 180.7642 489.1436 222.5992 1.5112 1.6551 3.9127 -6.6779 1.8238 27.4626 3.0423 0.6125
Car -1 -1 -2.6732 207.3051 186.5627 396.3779 256.9806 1.4787 1.5826 3.6391 -6.9802 1.8086 16.4264 -3.0697 0.5944
Car -1 -1 0.2737 333.8649 184.2773 473.3802 229.9426 1.4198 1.6285 4.1104 -6.7335 1.8077 23.6562 -0.0012 0.5115
Car -1 -1 -2.6475 109.6058 192.0320 360.2285 273.5463 1.4237 1.6048 3.9947 -7.1258 1.8151 13.8564 -3.1152 0.5063
Car -1 -1 -2.1080 886.1296 138.2623 1242.0000 375.0000 1.6937 1.6420 3.8203 3.1677 1.5694 4.5400 -1.5297 0.4876
Car -1 -1 3.2475 431.8352 178.3648 518.8951 211.0843 1.5291 1.6666 4.0014 -6.5167 1.8046 35.0343 3.0645 0.3610
Car -1 -1 0.1283 458.4696 177.4242 538.6135 204.2960 1.5316 1.7089 4.4661 -6.5243 1.8059 42.3391 -0.0241 0.2172
