Car -1 -1 2.8060 716.4506 168.7561 910.4619 248.5047 1.6441 1.6738 3.7548 4.3257 1.5599 15.8468 3.0669 0.7699
Car -1 -1 1.7682 379.9758 172.8725 496.2195 267.6855 1.7444 1.6218 3.9219 -3.5259 1.7452 15.2548 1.5440 0.7291
Car -1 -1 2.1303 0.0000 178.7478 333.2017 375.0000 1.5793 1.5840 3.8676 -3.3915 1.6350 4.8183 1.5420 0.7229
Car -1 -1 -0.1950 700.3832 175.5775 857.6388 236.7752 1.4744 1.5958 3.6320 4.1459 1.5470 18.2958 0.0236 0.6744
Car -1 -1 1.7037 477.4302 176.2305 539.1868 229.8818 1.6531 1.5689 3.8154 -3.3998 1.7765 24.3813 1.5660 0.6698
Car -1 -1 2.8621 651.3922 175.6823 765.3625 213.9289 1.4479 1.6363 4.1846 3.8177 1.5648 28.5977 2.9929 0.5994
Car -1 -1 2.8565 645.2938 175.1768 746.0469 211.6397 1.5063 1.6220 4.0151 3.6189 1.6104 31.0901 2.9707 0.5269
Car -1 -1 2.7079 671.3401 172.2598 824.6871 229.8615 1.5556 1.6455 4.0202 3.8967 1.5399 20.7805 2.8900 0.4488
Car -1 -1 -0.8574 931.8504 137.8282 1242.0000 375.0000 1.6902 1.6822 3.7870 4.7138 1.4713 5.6997 -0.1921 0.3211
Car -1 -1 2.0110 496.9126 181.9477 559.4473 216.2601 1.4455 1.5226 3.4964 -3.7551 1.8896 33.3021 1.8991 0.3164
Car -1 -1 0.8588 0.0000 0.0000 1242.0000 375.0000 1.5001 1.6379 3.8528 2.6293 1.4956 1.7645 1.7639 0.2699
Car -1 -1 1.7738 430.4784 182.3815 513.1339 243.7720 1.4812 1.5368 3.4747 -3.7228 1.7648 19.7002 1.5888 0.2544
Car -1 -1 2.9746 621.0875 171.6246 678.7147 195.7384 1.7214 1.7147 3.9609 2.8552 1.6340 52.5823 3.0281 0.2217
