Pedestrian -1 -1 3.0838 608.8252 168.8223 633.1010 227.1114 1.7450 0.5983 0.7027 0.5135 1.3187 21.4728 3.1089 0.5402
Pedestrian -1 -1 2.3470 225.3087 155.9973 345.2381 370.0000 1.8396 0.6735 0.5966 -2.6449 1.6340 5.7941 1.9395 0.1460
Cyclist -1 -1 0.7161 174.2757 157.1801 406.4510 370.0000 1.7686 0.6232 1.7767 -2.6099 1.5784 5.7877 0.3131 0.1480
Car -1 -1 2.1633 90.7788 198.3990 244.4395 259.9203 1.4241 1.6259 3.9557 -11.7616 1.8885 19.3859 1.6267 0.8523
Car -1 -1 -1.5908 511.9271 181.6995 558.2774 223.5123 1.4143 1.5671 3.5195 -2.5276 1.3680 25.7490 -1.6859 0.7442
Car -1 -1 1.2955 248.9651 181.6486 391.4742 282.6733 1.7213 1.6404 3.8821 -5.7770 1.6978 14.0803 0.9153 0.6918
Car -1 -1 -1.4440 566.1092 176.5562 597.5812 199.2257 1.4558 1.6184 3.9556 -1.3642 1.0363 47.4507 -1.4708 0.4755
Car -1 -1 1.8884 334.8305 187.7271 385.9874 212.9451 1.3968 1.6187 4.2527 -14.3538 1.6869 42.0715 1.5636 0.4102
Car -1 -1 -0.7354 1147.8157 145.2359 1226.0000 219.8298 1.5293 1.6570 4.2247 14.5586 0.7543 15.3499 0.0147 0.3606
Car -1 -1 -0.0397 602.2838 170.9227 717.8865 212.9514 1.6086 1.7193 4.4280 2.2004 1.1436 28.0037 0.0395 0.2865
Car -1 -1 -1.3122 505.0352 177.5673 552.5715 207.0628 1.4928 1.6331 3.6616 -3.9037 1.2137 37.7181 -1.4128 0.1371
Car -1 -1 1.7647 193.6772 192.0291 259.8311 232.9859 1.4762 1.6182 3.8384 -15.0613 1.8627 28.4503 1.2840 0.1344
