Pedestrian -1 -1 2.0324 479.2588 157.7158 536.1058 265.3564 1.8387 0.6337 0.9860 -1.7700 1.4512 12.6415 1.8985 0.8463
Pedestrian -1 -1 -3.0769 608.9569 158.5736 649.3474 227.8174 1.8544 0.5935 1.0656 0.6302 1.2688 19.2785 -3.0430 0.7564
Pedestrian -1 -1 3.1736 419.8088 156.2117 478.1515 264.8427 1.8016 0.5921 0.9526 -2.7010 1.4004 12.0975 2.9613 0.6443
Pedestrian -1 -1 -1.6395 342.5074 164.4294 384.6895 283.2486 1.6712 0.5406 0.7490 -3.6029 1.4468 10.3889 -1.9621 0.6208
Pedestrian -1 -1 1.3914 764.3903 158.8386 831.3760 305.1285 1.7441 0.6870 0.6659 2.3310 1.4875 8.7817 1.6437 0.4232
Pedestrian -1 -1 2.3080 165.5487 140.2108 276.8846 346.1071 1.8142 0.6284 0.6729 -3.6341 1.4609 6.6303 1.8284 0.2922
Pedestrian -1 -1 2.4608 742.6211 156.8382 779.0396 218.9313 1.8187 0.5964 0.8878 4.6324 1.1272 21.1709 2.6748 0.1758
Pedestrian -1 -1 0.6613 959.6890 106.2521 1186.1182 370.0000 1.8688 0.6540 0.7143 2.2901 1.5404 3.5910 1.1925 0.1287
Pedestrian -1 -1 2.3326 485.6356 162.3795 509.1322 204.1639 1.8270 0.6708 0.7930 -4.8017 1.0362 31.4280 2.1843 0.1279
Pedestrian -1 -1 -0.8840 582.4579 161.6839 604.8871 201.3688 1.8239 0.6637 0.8429 -0.5448 0.9606 33.0267 -0.8985 0.1148
Cyclist -1 -1 1.1083 752.5866 160.1390 865.6317 318.4110 1.7141 0.5429 1.8054 2.3658 1.4952 8.5910 1.3695 0.1899
Car -1 -1 -0.9166 982.0728 142.4144 1224.0000 370.0000 1.5203 1.7505 4.5319 5.4700 1.2969 5.3776 -0.1501 0.1295
