Pedestrian -1 -1 2.6276 476.6440 169.2109 519.7361 234.2231 1.8172 0.6629 1.0320 -3.2605 1.7157 20.7453 2.4729 0.6686
Car -1 -1 1.8888 361.4008 175.4710 484.6291 248.6406 1.6832 1.8107 4.4769 -4.8031 1.7610 19.0590 1.6446 0.8001
Car -1 -1 1.0471 316.8514 176.5140 397.5684 212.1703 1.3926 1.5359 3.7483 -10.7123 1.5561 30.3533 0.7102 0.4898
Car -1 -1 3.6382 0.0000 188.8217 149.6639 320.0830 1.4230 1.6518 4.2447 -8.7769 1.6612 9.4403 2.9032 0.4120
Car -1 -1 0.5078 191.4268 186.9030 361.6635 242.4220 1.3716 1.5738 3.8441 -8.8656 1.7649 19.2374 0.0808 0.4017
Car -1 -1 1.3143 483.8996 178.6376 529.5399 207.9160 1.5111 1.5921 3.8047 -5.8230 1.8495 40.1125 1.1706 0.3108
Car -1 -1 -2.7847 323.5773 168.9875 385.2893 192.3523 1.7069 1.7161 3.9731 -18.9786 1.4248 53.6020 -3.1237 0.1492
Car -1 -1 0.5388 237.3013 185.9350 377.0731 235.6134 1.3954 1.5431 3.6245 -9.1612 1.8102 21.8313 0.1454 0.1401
Car -1 -1 1.9467 437.4388 181.6958 511.5505 222.8511 1.4870 1.5905 3.9426 -5.4070 1.8690 29.0514 1.7638 0.1218
Car -1 -1 -2.6030 45.4755 187.8763 300.8571 267.7669 1.4442 1.6159 4.0450 -8.4917 1.7568 14.1710 -3.1349 0.1090
