Car -1 -1 -1.8629 750.5696 190.1775 1010.1949 358.3070 1.4415 1.6049 4.1962 2.8367 1.7019 8.7243 -1.5598 0.8971
Car -1 -1 1.8380 420.4499 187.8451 517.9237 247.6929 1.4351 1.6500 4.2276 -3.9226 1.9078 20.5608 1.6511 0.8883
Car -1 -1 -1.6983 688.6549 185.9741 799.1503 274.0812 1.4274 1.5803 4.1568 2.4643 1.7283 14.4202 -1.5335 0.8774
Car -1 -1 2.1777 0.0000 205.5199 363.5391 375.0000 1.4740 1.5541 3.6674 -3.0871 1.7664 4.5835 1.6106 0.8278
Car -1 -1 -1.5248 564.4819 185.9936 642.8704 261.0772 1.4589 1.5986 3.6515 -0.1116 1.7940 16.5212 -1.5326 0.7936
Car -1 -1 0.0915 308.9246 187.9224 384.6145 216.9845 1.4683 1.6381 3.7098 -14.2063 2.3099 39.0206 -0.2559 0.5662
Car -1 -1 0.8639 954.9724 208.2802 1242.0000 375.0000 1.4229 1.5904 3.9470 2.8353 1.6513 2.6235 1.6328 0.5229
Car -1 -1 1.8903 553.8133 182.6500 601.2439 211.8935 1.4779 1.5649 3.5736 -1.7723 2.0434 39.6894 1.8454 0.4677
Car -1 -1 -1.5141 669.1541 183.9955 725.8000 236.6382 1.4506 1.5677 3.5494 2.7528 1.8285 22.5614 -1.3951 0.3727
Car -1 -1 3.2431 123.5746 190.4129 193.3300 213.4314 1.4174 1.5794 3.8194 -30.2077 2.6318 48.3379 2.6868 0.3468
Car -1 -1 -1.5423 590.6074 178.8422 640.7953 227.0791 1.5882 1.6896 3.9417 0.2164 1.8230 26.2500 -1.5350 0.2778
Car -1 -1 2.3879 464.4382 183.7490 524.7065 208.5054 1.4880 1.5773 3.8521 -7.5286 2.2304 47.1355 2.2299 0.2675
