Car -1 -1 -1.9856 808.6649 169.0881 1091.6686 325.5613 1.6660 1.7266 4.3630 4.1836 1.6263 9.8830 -1.5969 0.8808
Car -1 -1 -1.3204 339.5338 183.2666 493.6087 291.9271 1.4408 1.5347 3.5434 -2.9955 1.6353 11.6791 -1.5669 0.8425
Car -1 -1 -1.0753 0.0000 188.1417 433.8168 375.0000 1.4436 1.6140 4.2328 -2.8116 1.6068 5.5300 -1.5276 0.8325
Car -1 -1 2.1736 0.0000 178.9945 189.4224 258.6339 1.4629 1.7346 4.3238 -11.3422 1.6159 15.7599 1.5576 0.7840
Car -1 -1 -1.4249 490.1464 174.9933 554.2385 225.2372 1.5806 1.6280 3.9656 -2.9846 1.6606 24.8705 -1.5437 0.7596
Car -1 -1 -1.3833 418.9492 167.5220 521.6455 254.5346 1.7928 1.6352 3.8530 -3.1647 1.6833 16.7931 -1.5675 0.7319
Car -1 -1 -1.7433 669.8730 178.4896 714.8783 209.4232 1.3914 1.5465 3.6745 3.9042 1.6800 35.0192 -1.6338 0.6841
Car -1 -1 2.0683 148.0215 175.9513 257.0018 221.2806 1.5585 1.7105 4.3262 -15.2829 1.6852 27.2725 1.5615 0.6339
Car -1 -1 -1.5614 554.0482 175.5341 575.1630 195.3356 1.4650 1.5753 3.6815 -3.5181 1.6795 55.7683 -1.6245 0.3714
Car -1 -1 2.3834 1159.8840 182.3168 1242.0000 269.2690 1.4408 1.5770 3.7503 12.2798 1.6215 12.9381 3.1308 0.2889
Car -1 -1 2.0311 223.7376 177.7533 305.7139 213.8855 1.5037 1.6667 4.1529 -15.5642 1.7402 32.6838 1.5895 0.2718
Car -1 -1 1.9717 281.8516 176.5905 347.8087 208.5384 1.5881 1.6924 4.3441 -15.7132 1.7995 38.5603 1.5869 0.2694
Car -1 -1 -1.6756 664.0969 176.5913 699.7813 204.6562 1.4444 1.5627 3.5484 3.8477 1.6580 39.3863 -1.5795 0.2030
