Pedestrian -1 -1 0.4460 369.1724 164.0759 437.6835 301.2458 1.7207 0.6787 0.6300 -2.7431 1.6110 9.4363 0.1695 0.1900
Car -1 -1 -1.8436 727.8600 179.6797 925.9510 306.8444 1.4714 1.6169 4.1224 2.8663 1.5921 10.6440 -1.5886 0.8763
Car -1 -1 -1.7051 684.4575 179.6667 786.2850 254.8143 1.4518 1.6611 4.3917 2.6706 1.6294 16.5522 -1.5489 0.8631
Car -1 -1 -1.6693 652.6376 178.3500 705.6417 220.3873 1.4344 1.5776 3.9556 2.4834 1.6565 27.1214 -1.5796 0.8067
Car -1 -1 2.3100 0.0000 193.3942 123.6257 247.2914 1.4167 1.5908 4.1975 -17.7241 2.1266 22.7647 1.6539 0.6094
Car -1 -1 -1.5717 622.6948 178.4998 649.7356 204.9196 1.4254 1.4860 3.3484 1.4618 1.7626 41.3484 -1.5372 0.4527
Car -1 -1 2.1730 121.2740 187.4665 226.6979 228.1346 1.4446 1.6052 4.0937 -17.5594 2.0793 29.2266 1.6358 0.3816
Car -1 -1 -1.6424 642.4811 177.2693 684.1067 212.5452 1.4740 1.5883 3.7502 2.3061 1.6846 32.4922 -1.5727 0.3209
Car -1 -1 2.0877 243.0588 185.0098 314.4308 214.9037 1.4214 1.6104 4.0873 -17.4446 2.0996 38.1267 1.6609 0.2320
Car -1 -1 2.1172 162.8573 174.5195 283.6046 230.4772 1.8503 1.8119 4.4373 -13.9415 1.9165 26.2611 1.6330 0.1824
Car -1 -1 0.9070 1088.1721 170.3969 1242.0000 317.8024 1.3942 1.5638 3.9422 7.8191 1.3713 8.8257 1.6152 0.1296
