Car -1 -1 -1.9832 791.5266 185.6996 1242.0000 375.0000 1.4516 1.6163 4.2462 2.8374 1.5994 6.1587 -1.5707 0.8575
Car -1 -1 -1.7100 692.1559 182.5240 780.2171 250.6565 1.3758 1.4992 3.6305 2.7979 1.6275 16.9175 -1.5498 0.8427
Car -1 -1 -1.1044 0.0000 192.4763 399.1953 375.0000 1.4090 1.6214 4.3252 -3.6022 1.6623 7.1233 -1.5585 0.8243
Car -1 -1 1.7543 502.0305 180.9751 552.0627 215.1620 1.4179 1.5847 3.8506 -3.7506 1.8101 32.8370 1.6409 0.7112
Car -1 -1 2.3604 0.0000 160.7738 96.1887 350.1827 1.6697 1.6503 3.9339 -8.2583 1.5636 8.3452 1.5962 0.3890
Car -1 -1 -1.9304 617.3179 175.7289 661.2115 200.6163 1.5283 1.6117 3.7759 1.8213 1.7234 46.8250 -1.8923 0.2089
Car -1 -1 1.6613 529.9408 176.9038 557.6978 199.6306 1.4799 1.5644 3.7788 -4.5378 1.7689 49.5445 1.5701 0.1628
Car -1 -1 0.4327 39.5287 186.9899 290.1694 263.2343 1.4414 1.6368 4.1533 -9.1615 1.7571 15.0560 -0.1064 0.1545
Car -1 -1 2.5351 723.0724 185.5105 1055.0035 305.7657 1.4446 1.6134 4.2705 3.8632 1.6483 10.2664 2.8845 0.1453
Car -1 -1 1.7999 480.4904 172.4352 516.2076 195.4954 1.6288 1.6743 4.2669 -8.2014 1.5995 53.1513 1.6472 0.1221
