Pedestrian -1 -1 2.7950 228.7486 166.7759 318.1428 303.4469 1.7559 0.6254 0.9488 -4.6301 1.6781 9.8228 2.3642 0.8752
Car -1 -1 -0.4969 760.0443 181.8492 932.7655 243.6850 1.3998 1.6011 3.7440 5.7337 1.6364 17.8041 -0.1910 0.8760
Car -1 -1 1.8925 236.0050 186.2664 402.8877 281.6614 1.4541 1.6516 4.1588 -5.3261 1.7485 13.7027 1.5277 0.8530
Car -1 -1 1.8479 369.4399 183.9092 465.8326 245.9186 1.4570 1.5378 3.7331 -5.1254 1.7851 19.5056 1.5937 0.7636
Car -1 -1 -0.4028 721.9291 176.6882 880.3427 233.7932 1.5196 1.6581 4.0174 5.3207 1.6348 20.4745 -0.1528 0.7566
Car -1 -1 1.7740 452.9837 182.1152 509.7084 220.4361 1.3979 1.5291 3.7208 -5.1606 1.7961 29.1090 1.5996 0.7217
Car -1 -1 -0.5601 873.7186 145.7737 1242.0000 368.7684 1.7695 1.7532 4.1096 4.7545 1.5550 6.6755 0.0374 0.5906
Car -1 -1 -0.6171 971.5184 190.6187 1242.0000 375.0000 1.4235 1.5979 3.7887 4.3053 1.5522 4.1312 0.1533 0.5459
Car -1 -1 -0.1223 664.4369 175.1049 742.9537 203.9141 1.5351 1.6829 4.0748 5.0379 1.6611 39.4246 0.0034 0.5186
Car -1 -1 2.9503 674.4559 180.1915 786.4304 218.5882 1.4009 1.6021 3.9747 4.4935 1.6899 27.5169 3.1098 0.4983
Car -1 -1 1.7634 479.2150 178.8085 524.7634 211.4243 1.4674 1.5092 3.6739 -5.2231 1.7722 35.0117 1.6159 0.4446
Car -1 -1 -0.6479 848.0847 168.6884 1197.4049 303.5005 1.6048 1.6568 3.9006 5.3759 1.5556 9.7076 -0.1558 0.2337
