Car -1 -1 -1.8411 771.0483 192.5112 1016.4852 367.0204 1.4373 1.5410 3.5325 2.8450 1.7090 8.1512 -1.5179 0.8996
Car -1 -1 1.7725 410.9879 193.8737 536.4769 287.6951 1.3930 1.5456 3.7720 -2.4335 1.8413 13.4684 1.5961 0.8804
Car -1 -1 -1.7135 700.9938 188.0901 777.5033 246.9068 1.3788 1.5338 3.4173 3.3599 1.8281 19.5325 -1.5466 0.8452
Car -1 -1 -1.6760 677.5367 184.4356 732.6576 229.8196 1.4535 1.5624 3.6282 3.2957 1.8984 25.8674 -1.5515 0.7739
Car -1 -1 1.7181 473.6929 191.0557 554.0153 255.5616 1.3943 1.5076 3.6647 -2.4104 1.9075 18.4812 1.5893 0.5922
Car -1 -1 -0.7515 0.0000 215.6954 351.8802 375.0000 1.4297 1.6339 4.0333 -2.9905 1.7526 3.3273 -1.4450 0.4578
Car -1 -1 1.7226 507.9444 188.3180 569.3555 238.5600 1.4274 1.4678 3.4779 -2.2843 1.9667 23.3669 1.6255 0.3323
Car -1 -1 1.7129 526.1414 187.4977 580.2316 227.6823 1.3827 1.5593 4.1003 -2.2079 2.0030 28.4483 1.6355 0.1795
Car -1 -1 -1.4889 663.3924 182.0015 699.4564 212.4373 1.4607 1.5855 3.7528 3.7487 1.9656 37.8082 -1.3914 0.1728
Car -1 -1 -1.6761 674.5781 181.5421 721.0041 218.4444 1.4879 1.6136 4.0071 3.7949 1.8985 32.0500 -1.5600 0.1515
