Pedestrian -1 -1 2.6142 711.5302 172.1308 754.9933 251.9921 1.6065 0.5855 0.6819 2.4917 1.5923 14.9069 2.7756 0.3502
Cyclist -1 -1 -1.9285 708.2534 172.2953 761.7615 257.0699 1.6452 0.5109 1.6991 2.4992 1.6347 14.8831 -1.7664 0.2671
Car -1 -1 -2.0547 890.4677 191.7093 1242.0000 375.0000 1.4046 1.5099 3.3858 4.1872 1.6412 7.3342 -1.5542 0.8698
Car -1 -1 -1.1682 160.5241 163.2606 457.5458 358.9981 1.7600 1.6807 3.9926 -3.2091 1.6741 8.5221 -1.5191 0.8577
Car -1 -1 -1.8815 788.5532 187.5940 956.6714 293.2437 1.3915 1.4979 3.4735 4.0149 1.6672 11.7314 -1.5605 0.8185
Car -1 -1 -1.7857 733.2256 181.8296 833.9673 250.5738 1.4262 1.5413 3.7388 3.9902 1.6655 17.3307 -1.5640 0.7306
Car -1 -1 -1.4280 473.0711 181.9064 542.6365 235.0140 1.4032 1.5394 3.6913 -3.0079 1.6971 21.5420 -1.5658 0.6931
Car -1 -1 -1.3625 502.7197 175.5789 564.5539 221.2466 1.6256 1.6129 3.8625 -2.9198 1.7390 27.9247 -1.4663 0.6749
Car -1 -1 2.2780 0.0000 178.9752 110.0317 243.4556 1.4529 1.6044 3.8118 -15.0691 1.6270 18.5520 1.6027 0.6571
Car -1 -1 -1.6743 668.9253 175.1227 708.7289 206.9930 1.6242 1.7113 4.1333 4.1823 1.7541 39.1311 -1.5691 0.6523
Car -1 -1 -1.2696 376.7224 156.4215 531.3272 266.2035 1.9689 1.8501 4.7229 -3.1346 1.6745 15.3814 -1.4681 0.5253
Car -1 -1 -0.9226 103.3432 176.3379 231.5548 221.7111 1.4190 1.6113 4.1236 -15.2211 1.5505 25.0258 -1.4645 0.4402
Car -1 -1 2.7117 820.3478 180.5320 926.4893 214.2017 1.4531 1.6267 4.2080 11.8083 1.8107 32.5782 3.0560 0.4386
Car -1 -1 -1.7473 702.7638 181.1326 778.7198 232.0034 1.4108 1.6272 4.0618 3.9623 1.6951 22.7065 -1.5774 0.3959
