Pedestrian -1 -1 3.2172 20.4345 195.2826 113.1762 347.1684 1.5980 0.5483 0.7934 -6.1729 1.8659 8.1618 2.5850 0.1375
Cyclist -1 -1 -2.0077 4.1867 189.0293 152.7704 375.0000 1.6628 0.4999 1.7100 -5.2412 1.8346 7.0089 -2.6321 0.2566
Car -1 -1 -0.3438 735.3633 178.9644 922.5178 251.3962 1.4675 1.5781 3.5615 4.6170 1.6082 15.6673 -0.0632 0.7944
Car -1 -1 2.4461 813.9579 167.9017 1242.0000 353.1715 1.6355 1.7192 4.2437 4.4657 1.5921 7.5955 2.9599 0.6962
Car -1 -1 2.3578 950.1305 183.2178 1242.0000 375.0000 1.4812 1.6131 3.9632 4.4767 1.5609 4.6216 3.0952 0.5869
Car -1 -1 -0.5815 709.6052 182.0320 872.5967 242.6924 1.4083 1.5580 3.8468 4.5976 1.6622 18.5471 -0.3430 0.5232
Car -1 -1 -0.1938 679.5323 174.8748 823.8569 226.4677 1.5859 1.7203 4.2796 4.4114 1.6534 23.1226 -0.0083 0.5199
Car -1 -1 1.7220 474.3444 186.8841 515.3176 217.8491 1.4192 1.5149 3.6665 -5.8228 2.1664 36.5693 1.5646 0.4734
Car -1 -1 0.4380 626.1805 176.5939 675.7653 195.1725 1.5018 1.5999 3.8407 3.4108 1.8246 60.5875 0.4936 0.3880
Car -1 -1 1.7171 449.6337 188.0530 497.4483 224.6941 1.4230 1.5261 3.6548 -5.9210 2.1243 31.4150 1.5317 0.3617
Car -1 -1 1.7583 489.8331 184.8550 528.0905 211.4897 1.4023 1.4949 3.8774 -5.8287 2.1296 41.7354 1.6199 0.1940
Car -1 -1 1.6284 594.0214 179.9385 613.0221 196.6398 1.5159 1.6025 3.9125 -0.6135 2.2150 69.1711 1.6191 0.1735
