Pedestrian -1 -1 -1.2163 432.1705 164.4902 469.7568 241.8157 1.7070 0.5830 0.8235 -3.5282 1.3552 16.0526 -1.4267 0.7860
Pedestrian -1 -1 1.1736 660.7188 161.9220 698.5730 239.5864 1.7564 0.5928 0.8491 1.6925 1.3379 16.4774 1.2758 0.7758
Pedestrian -1 -1 -1.4471 610.6783 162.6255 638.8107 233.6301 1.7725 0.6106 0.9566 0.4790 1.3279 18.1639 -1.4194 0.7543
Pedestrian -1 -1 0.9404 678.9932 161.9386 719.6307 236.1110 1.7312 0.5980 0.8215 2.2239 1.2996 17.0018 1.0699 0.7347
Pedestrian -1 -1 1.3611 498.7599 165.7967 522.2477 222.5104 1.7854 0.5876 0.8414 -3.0768 1.3241 22.7480 1.2303 0.7313
Pedestrian -1 -1 1.4622 459.9840 166.0163 484.6515 238.0146 1.7390 0.5244 0.7391 -3.3278 1.3908 17.5017 1.2794 0.6485
Pedestrian -1 -1 1.1642 802.5018 154.8259 860.5890 265.9455 1.7480 0.6166 0.8408 3.6469 1.3458 11.5682 1.4636 0.6075
Pedestrian -1 -1 2.0200 535.6618 165.2090 564.0034 221.8448 1.8064 0.6088 0.8590 -1.8241 1.3202 23.0573 1.9439 0.5318
Pedestrian -1 -1 2.0486 515.3391 165.3786 546.2064 224.2650 1.7845 0.5897 0.9349 -2.3311 1.3278 21.9641 1.9461 0.4605
Car -1 -1 -0.7416 602.4462 176.6164 767.4957 243.5988 1.4352 1.5982 3.8622 1.9335 1.3536 16.9262 -0.6282 0.1206
