Cyclist -1 -1 1.2590 685.3770 180.1103 714.7533 230.1461 1.6169 0.4802 1.7049 2.9916 1.8721 24.4527 1.3785 0.3077
Car -1 -1 -1.7457 700.5464 185.4040 761.2021 228.1144 1.4169 1.5594 3.9110 4.4082 1.9221 27.0575 -1.5867 0.7793
Car -1 -1 -1.3637 460.3241 182.5217 550.1089 249.7970 1.6430 1.6755 4.1438 -2.8784 1.9446 20.3529 -1.5032 0.7532
Car -1 -1 2.2441 0.0000 185.7645 122.7554 286.1916 1.5983 1.6859 4.2635 -11.8831 1.8907 14.1760 1.5556 0.7451
Car -1 -1 2.0041 302.1806 185.9082 365.1374 216.3782 1.4586 1.5855 3.9982 -14.6380 2.1898 38.3434 1.6414 0.6132
Car -1 -1 2.8628 752.8139 183.2144 818.2846 205.6053 1.5540 1.7118 4.2672 12.5644 2.3132 51.8971 3.0985 0.4591
Car -1 -1 -1.3788 501.1290 178.3981 563.9814 227.8427 1.7468 1.6792 4.0788 -2.9700 1.9790 28.0650 -1.4839 0.4480
Car -1 -1 -1.3795 529.5709 184.0962 581.7931 219.3707 1.5234 1.7073 4.4371 -2.5921 2.1039 34.9287 -1.4537 0.4454
Car -1 -1 -1.1420 660.0831 181.4633 696.3331 200.9475 1.4600 1.5710 3.5103 5.4555 2.1713 57.6685 -1.0487 0.3069
Car -1 -1 -1.6528 679.0560 185.1475 716.2536 216.7639 1.4461 1.5574 3.4165 4.3012 2.0908 36.0819 -1.5357 0.2357
Car -1 -1 -1.6566 670.4863 184.3863 703.6307 211.0703 1.4089 1.5696 3.7963 4.3710 2.1057 41.6585 -1.5534 0.2082
Car -1 -1 1.7501 432.9668 181.3013 459.5365 199.6531 1.4612 1.5507 3.7462 -13.8557 2.1993 61.1059 1.5277 0.1719
