Pedestrian -1 -1 2.1793 626.9227 175.3085 653.2158 223.5158 1.6425 0.5423 0.8240 1.0056 1.7300 25.1230 2.2181 0.4891
Car -1 -1 -2.7004 184.8549 192.4547 491.6841 296.8650 1.4042 1.6274 4.1147 -4.0960 1.7329 11.0809 -3.0476 0.8821
Car -1 -1 -1.7288 684.9500 180.9830 791.6169 263.5849 1.4612 1.5625 3.6717 2.4736 1.6508 14.9594 -1.5691 0.7862
Car -1 -1 2.2325 0.0000 198.2861 149.7245 287.2292 1.4474 1.5471 3.7282 -11.3938 2.0313 14.6817 1.5811 0.7028
Car -1 -1 -1.8521 713.3796 148.2132 959.3821 328.8876 1.8387 1.7783 4.3859 2.5755 1.5883 9.5564 -1.5978 0.6895
Car -1 -1 2.1024 201.3262 193.0699 335.1263 259.5026 1.4309 1.5117 3.4922 -8.6365 1.9991 18.4533 1.6697 0.5045
Car -1 -1 1.0242 451.1562 181.3930 548.6108 224.9261 1.4596 1.6470 4.2588 -4.2678 1.8073 27.1936 0.8694 0.3824
Car -1 -1 2.1342 105.7989 196.5136 240.6966 259.2824 1.4021 1.4725 3.3527 -11.4511 2.0842 19.0909 1.5998 0.3741
Car -1 -1 2.8907 0.0000 193.7144 200.0391 375.0000 1.5597 1.6545 4.0934 -4.9113 1.7437 4.1514 2.0534 0.2636
Car -1 -1 1.7208 427.2949 182.1367 458.7695 204.9282 1.5036 1.6025 3.9796 -11.8576 2.1904 51.3084 1.4944 0.2521
Car -1 -1 -1.4975 643.9962 178.2262 696.5555 225.1398 1.5199 1.6129 3.6015 2.1644 1.7259 25.7138 -1.4152 0.2462
Car -1 -1 -2.1205 287.8266 187.4930 446.5175 266.7006 1.5048 1.6144 3.8320 -5.5808 1.8720 16.2338 -2.4473 0.1468
