Car -1 -1 1.2099 827.0480 165.6758 964.8471 230.1652 1.4899 1.8259 4.4891 7.2337 1.3244 18.9127 1.5695 0.7686
Car -1 -1 2.1473 477.8471 180.8602 597.6116 233.8782 1.3963 1.6184 4.1223 -2.1163 1.6637 21.8660 2.0513 0.7268
Car -1 -1 1.7392 618.6853 178.2551 701.8514 238.4207 1.3885 1.5600 3.9440 1.3843 1.5477 19.1262 1.8095 0.7085
Car -1 -1 1.0792 906.0366 162.2686 1049.6252 220.4875 1.4571 1.7093 4.3034 10.0600 1.1926 20.2378 1.5344 0.6159
Car -1 -1 -1.7267 93.7639 180.4545 201.9134 255.0333 1.7144 1.7559 4.5831 -12.5287 1.9428 19.3497 -2.2952 0.5624
Car -1 -1 2.2524 720.1637 179.7730 812.3369 216.3954 1.4787 1.6568 4.2843 6.9069 1.8038 31.8723 2.4633 0.5505
Car -1 -1 2.0967 436.3774 179.9011 531.6006 226.6149 1.3997 1.5282 3.6155 -4.1723 1.6553 24.1689 1.9270 0.5368
Car -1 -1 0.9232 968.6091 160.2111 1120.7847 215.3708 1.4691 1.6556 4.1526 12.6253 1.1327 21.3746 1.4504 0.4863
Car -1 -1 2.3431 396.1291 180.6880 496.3305 223.1991 1.3868 1.4957 3.5326 -5.8984 1.6915 26.1310 2.1227 0.3837
Car -1 -1 2.0793 325.8404 181.2302 401.7861 218.3048 1.4135 1.5079 3.4562 -10.2551 1.7855 30.1728 1.7540 0.3642
Car -1 -1 2.2277 765.9506 178.3243 861.6854 217.1623 1.4836 1.6533 4.1421 8.4713 1.7258 29.9979 2.4998 0.3194
Car -1 -1 2.0202 0.0000 206.0911 74.3815 375.0000 1.4246 1.6195 3.9820 -8.4003 1.9308 8.8389 1.2753 0.3086
Car -1 -1 2.0872 672.6677 179.9374 741.3455 216.1390 1.5685 1.6003 3.6829 4.5757 1.9216 33.9742 2.2193 0.2773
