Pedestrian -1 -1 1.1324 807.2173 155.0307 876.0177 285.6039 1.8689 0.6452 0.9194 3.4032 1.6142 10.8257 1.4282 0.8734
Car -1 -1 -1.7166 544.5672 181.8278 624.8738 246.9587 1.4694 1.5579 3.4857 -0.7890 1.7248 18.6454 -1.7593 0.8735
Car -1 -1 0.4445 0.0000 191.6352 243.9565 292.8122 1.4908 1.6585 4.1305 -8.7397 1.8395 12.2190 -0.1663 0.7801
Car -1 -1 0.2804 131.9622 192.5123 301.2652 247.0501 1.3552 1.5433 3.8227 -10.7700 1.9296 19.9120 -0.2102 0.7294
Car -1 -1 3.7220 0.0000 193.6639 136.9380 327.5979 1.4825 1.6251 3.8127 -8.7050 1.7860 9.4148 2.9898 0.7105
Car -1 -1 3.3382 285.4246 180.9948 371.4487 214.0592 1.5815 1.6392 3.7720 -14.0967 2.0031 36.1978 2.9690 0.6738
Car -1 -1 -1.7287 508.3631 180.7648 564.0000 222.2842 1.4800 1.5900 3.8712 -3.0310 1.8165 28.5834 -1.8340 0.6283
Car -1 -1 1.8812 345.5127 183.1559 390.7621 209.0466 1.4930 1.5769 3.8457 -15.0814 2.1645 45.0731 1.5597 0.1763
Car -1 -1 2.9850 334.7493 180.3953 397.2933 202.9381 1.5283 1.6561 4.0377 -17.5019 2.0864 51.6993 2.6598 0.1517
Car -1 -1 -1.6072 504.9968 179.3782 541.3105 213.9083 1.4955 1.5535 3.5818 -4.1555 1.8191 33.8522 -1.7289 0.1349
