Car -1 -1 -2.4270 227.5783 184.7218 409.6902 253.3681 1.4295 1.6010 3.8506 -6.8552 1.7306 16.8900 -2.8076 0.8846
Car -1 -1 -1.7728 680.7494 181.1875 745.4516 223.2120 1.4220 1.5946 4.2026 3.7831 1.7639 27.4154 -1.6378 0.8361
Car -1 -1 3.3700 0.0000 188.3972 168.7541 279.7493 1.4383 1.6541 4.1285 -10.8410 1.7652 13.5336 2.7041 0.8212
Car -1 -1 -1.6935 665.4911 180.4020 711.3116 214.9521 1.4629 1.6106 4.0475 3.5347 1.8348 33.4768 -1.5898 0.6554
Car -1 -1 1.8132 463.6215 180.8431 505.1151 205.8670 1.4269 1.5988 4.0412 -7.7315 1.9434 44.5371 1.6418 0.5423
Car -1 -1 1.9087 377.1388 180.5407 448.5653 219.2468 1.4831 1.6199 4.1900 -8.3154 1.8329 30.6474 1.6455 0.4337
Car -1 -1 1.8871 489.6071 178.4044 529.2018 201.6555 1.5167 1.5905 3.8948 -6.9662 1.9183 50.1033 1.7493 0.3382
Car -1 -1 2.0061 325.0799 182.6132 417.3494 227.8730 1.4461 1.6001 4.0286 -8.5446 1.8272 26.0512 1.6918 0.2814
Car -1 -1 1.8137 40.0961 171.8627 129.1924 218.8332 1.5224 1.6278 3.9295 -18.4896 1.4907 25.5109 1.1913 0.2281
Car -1 -1 0.3381 242.2478 172.2926 340.5853 204.0346 1.4844 1.6470 4.0088 -15.2991 1.4585 34.7094 -0.0745 0.1235
