Car -1 -1 2.2764 0.0833 189.8861 349.2810 345.4138 1.4572 1.6193 3.9298 -5.2427 1.7265 9.3032 1.7749 0.8915
Car -1 -1 -1.5309 719.5864 179.4815 805.5320 263.4955 1.5790 1.6415 3.7741 3.3695 1.7441 15.9075 -1.3269 0.8771
Car -1 -1 1.8791 605.2719 178.6478 673.9974 223.6202 1.5332 1.5621 3.5890 1.1355 1.7665 27.0523 1.9198 0.7780
Car -1 -1 1.8099 688.6247 178.2677 733.4548 205.9458 1.4707 1.6236 4.1275 5.8167 1.7985 41.4223 1.9479 0.6561
Car -1 -1 -0.5246 1069.4375 185.4917 1242.0000 294.2697 1.5163 1.6407 3.8582 9.7228 1.7370 11.4457 0.1663 0.3459
Car -1 -1 -1.2377 655.0794 178.6729 737.1476 226.1272 1.4785 1.6236 4.0126 3.0420 1.6992 25.1667 -1.1195 0.3444
Car -1 -1 1.9220 724.8956 171.8592 766.5791 198.8070 1.7067 1.6116 3.4730 8.9555 1.6440 47.5992 2.1064 0.2234
Car -1 -1 2.3761 874.8737 177.3659 929.4196 199.1220 1.5806 1.6218 3.7407 22.0283 1.9307 54.4729 2.7581 0.1471
Car -1 -1 2.0215 447.7261 165.7527 589.0167 250.0741 1.8584 1.7804 4.4227 -2.1942 1.7022 18.2801 1.9029 0.1258
Car -1 -1 1.5634 810.8319 180.7946 832.3729 200.1859 1.4641 1.6165 3.9483 17.0582 2.1298 58.3314 1.8461 0.1001
