Pedestrian -1 -1 1.8103 175.4211 155.7395 213.5597 232.5933 1.8283 0.6399 0.7730 -10.1862 1.4215 17.6216 1.2925 0.4100
Pedestrian -1 -1 1.8422 140.7066 152.0342 181.2448 231.4302 1.8646 0.6515 0.7452 -10.8609 1.3760 17.3908 1.2906 0.1999
Car -1 -1 3.4079 318.5302 181.1621 480.6428 232.2446 1.4125 1.6485 4.2617 -6.0984 1.6653 21.0762 3.1290 0.8991
Car -1 -1 3.3477 389.3725 179.6317 507.5110 223.1398 1.4842 1.6366 3.8546 -5.7336 1.7341 25.7144 3.1299 0.7525
Car -1 -1 -1.9875 824.7628 176.6863 1242.0000 375.0000 1.6023 1.6132 3.6251 2.7992 1.6406 5.3064 -1.5261 0.6989
Car -1 -1 -1.5519 606.0168 178.8794 633.4167 205.6317 1.5947 1.6661 3.6510 0.6151 1.9921 45.6936 -1.5391 0.5269
Car -1 -1 -1.7691 741.7806 151.9175 936.2947 312.4523 1.9140 1.7993 4.4579 3.0952 1.6648 10.8867 -1.5003 0.4563
Car -1 -1 1.0461 1064.3718 179.0441 1242.0000 288.6248 1.4615 1.6034 3.9690 9.3088 1.5819 11.9235 1.6964 0.3208
Car -1 -1 0.1070 483.3951 180.7859 555.7552 206.4125 1.4535 1.6632 4.0578 -5.2950 1.9286 42.3235 -0.0172 0.3069
Car -1 -1 -2.9304 499.8058 179.3052 559.3262 203.4734 1.5348 1.5848 3.6277 -5.2798 1.9668 47.3069 -3.0414 0.1500
Car -1 -1 -1.6342 653.5776 180.5215 677.0833 200.0102 1.4731 1.6316 3.9091 4.3949 2.1111 58.0438 -1.5595 0.1410
Car -1 -1 -0.2820 546.9490 177.6796 604.1934 198.9665 1.5561 1.6864 4.0369 -2.6496 1.9331 54.8549 -0.3305 0.1156
