Car -1 -1 -1.9107 749.9873 186.4429 1064.1127 375.0000 1.4535 1.6379 4.3976 2.7999 1.6479 8.0857 -1.5898 0.8989
Car -1 -1 1.7792 448.1325 185.5616 531.1718 243.0788 1.4723 1.6380 3.9035 -3.4956 1.8834 21.3336 1.6180 0.8642
Car -1 -1 1.9689 175.9934 178.6712 455.6404 342.1773 1.6533 1.7960 4.3565 -3.5859 1.7495 9.6722 1.6218 0.8324
Car -1 -1 -1.7041 704.6702 185.9419 804.6664 264.1016 1.4414 1.5973 4.0204 3.0238 1.7698 16.0358 -1.5220 0.7824
Car -1 -1 -0.2407 789.7678 182.4662 913.5803 223.0513 1.3387 1.5701 3.8241 8.3043 1.6866 25.1599 0.0740 0.7006
Car -1 -1 1.6656 487.6252 183.3904 543.8627 228.4785 1.4678 1.6556 4.3233 -3.4460 1.8900 26.6963 1.5378 0.6900
Car -1 -1 -1.6860 657.1978 182.0869 698.2130 212.9661 1.4588 1.6272 4.2500 3.4235 1.9666 37.5120 -1.5963 0.5939
Car -1 -1 1.6943 515.4426 185.3999 560.9180 221.3508 1.4248 1.5240 4.0373 -3.1680 2.0180 32.0530 1.5959 0.3668
Car -1 -1 1.5943 548.1796 183.6717 573.9387 209.1530 1.4340 1.4863 3.6985 -2.9895 2.1235 44.0808 1.5265 0.1670
Car -1 -1 1.6034 703.7776 180.5821 727.3919 202.5339 1.4522 1.5409 3.7111 7.4731 2.0206 51.0729 1.7473 0.1421
