Car -1 -1 1.6791 383.6107 187.7046 457.4862 247.4098 1.4440 1.6052 3.8439 -5.3190 1.9072 20.4680 1.4274 0.8437
Car -1 -1 -2.0136 737.3205 201.5736 1242.0000 375.0000 1.4250 1.5567 3.7701 2.0801 1.7046 5.0742 -1.6464 0.8034
Car -1 -1 -0.3688 724.4678 188.9143 933.6390 267.1751 1.4961 1.6047 3.8877 4.4623 1.8556 15.1613 -0.0888 0.5606
Car -1 -1 -0.3707 654.8688 189.0956 792.5841 239.5468 1.4659 1.6442 4.0133 3.5455 2.0120 23.0018 -0.2206 0.5397
Car -1 -1 -0.6721 827.2587 198.2045 1131.5488 321.5430 1.4109 1.5171 3.5491 4.9153 1.7970 9.8468 -0.2222 0.4764
Car -1 -1 2.6387 722.9022 184.6425 1012.3169 287.1492 1.5412 1.7049 4.4055 4.2715 1.7637 12.3591 2.9630 0.4209
Car -1 -1 -0.3443 672.5120 189.6778 827.2845 246.5049 1.4404 1.5879 3.9108 3.7867 1.9335 20.0329 -0.1612 0.4200
Car -1 -1 1.7347 431.0645 187.9540 477.7808 222.6609 1.3868 1.4718 3.5872 -6.9338 2.1002 32.2426 1.5240 0.4060
Car -1 -1 2.7951 613.2867 185.8525 714.8762 222.4560 1.4124 1.5756 3.9157 2.1947 1.9773 30.0453 2.8666 0.4002
Car -1 -1 1.5264 537.8380 185.7139 560.1405 205.1449 1.4668 1.6412 4.3626 -5.1066 2.5724 59.7383 1.4410 0.3827
Car -1 -1 2.8696 607.2663 183.8538 706.1589 219.9503 1.5357 1.6514 4.1804 2.0517 2.0535 32.6966 2.9310 0.3301
Car -1 -1 2.5840 624.8914 186.6450 752.8116 232.0568 1.4390 1.6180 4.2998 2.7659 1.9595 25.5404 2.6898 0.2601
Car -1 -1 1.5829 588.0372 183.9235 617.8667 213.1975 1.5213 1.6127 3.9881 -0.4141 2.1813 40.9990 1.5723 0.2203
Car -1 -1 1.4678 573.0392 186.4651 605.0106 211.9024 1.4669 1.6037 4.2975 -1.4206 2.3817 46.2360 1.4367 0.2001
