Car -1 -1 -0.4842 799.6882 188.6518 1112.9283 293.6930 1.3648 1.5525 3.8586 4.8645 1.6156 10.5389 -0.0633 0.8808
Car -1 -1 1.8133 314.1610 183.4068 456.3653 274.4385 1.4238 1.6259 4.0606 -4.1553 1.6566 13.8263 1.5259 0.8467
Car -1 -1 -0.4650 753.2650 171.1381 1022.9928 270.8672 1.6918 1.7746 4.3362 4.9854 1.6630 13.3701 -0.1162 0.7836
Car -1 -1 -0.3642 685.9058 179.5763 827.7688 234.5591 1.4693 1.5908 3.6481 4.1075 1.6722 20.6414 -0.1713 0.7532
Car -1 -1 -1.5520 594.0870 180.2518 624.3752 207.4913 1.4048 1.6125 4.3295 -0.0401 1.8435 40.5703 -1.5535 0.6765
Car -1 -1 2.2757 980.4773 185.2446 1242.0000 375.0000 1.5091 1.6029 3.8633 5.1707 1.6266 5.7281 2.9839 0.6757
Car -1 -1 -0.3929 656.9327 180.9225 779.0496 223.3920 1.4250 1.6101 4.0389 3.8196 1.7301 25.9714 -0.2492 0.3914
Car -1 -1 2.9220 679.4085 179.6680 804.0443 228.1242 1.4750 1.5737 3.6608 4.1073 1.7016 23.0774 3.0952 0.3296
Car -1 -1 2.4346 0.0000 210.8665 122.6141 375.0000 1.4876 1.6066 3.8057 -3.3451 1.6980 2.0066 1.4631 0.3044
Car -1 -1 2.7360 640.3401 175.8655 743.0558 212.9057 1.6118 1.7087 4.3600 3.6937 1.7563 33.0836 2.8456 0.2864
Car -1 -1 2.9429 649.8534 178.6033 751.5341 214.4460 1.4600 1.6275 4.0425 3.7681 1.7125 30.6689 3.0634 0.2592
