Car -1 -1 2.1245 30.5910 199.4996 332.3653 347.6360 1.4123 1.5569 3.8429 -5.3315 1.8377 9.5438 1.6263 0.8918
Car -1 -1 1.8724 343.9721 187.7674 450.6114 248.8049 1.3766 1.5951 3.9900 -5.5825 1.8168 19.2661 1.5934 0.8717
Car -1 -1 2.6873 812.6565 169.0172 1140.0400 288.9494 1.5970 1.6895 3.9013 5.0827 1.5462 10.4778 3.1271 0.8257
Car -1 -1 -0.7901 919.8708 177.8206 1242.0000 332.4748 1.4270 1.6459 3.9017 5.6030 1.4900 7.9108 -0.1919 0.7905
Car -1 -1 -0.1477 673.1746 171.3237 786.7308 212.4337 1.6365 1.7389 4.3827 4.8117 1.5760 29.6149 0.0113 0.7543
Car -1 -1 2.7748 742.9306 172.2858 964.7527 250.6251 1.5209 1.6592 4.0252 4.8922 1.5102 14.9481 3.0846 0.7120
Car -1 -1 2.8017 694.9149 177.7997 878.7292 240.6503 1.4367 1.6166 4.0667 4.2106 1.5653 17.6801 3.0310 0.7016
Car -1 -1 1.8362 404.2632 183.7414 478.7032 229.6004 1.3996 1.5510 3.7738 -5.7522 1.8038 24.8447 1.6104 0.6189
Car -1 -1 1.7383 464.7303 178.7253 510.6666 211.9346 1.4793 1.5661 3.7911 -5.8613 1.7775 34.7047 1.5717 0.4967
Car -1 -1 -0.3347 644.5495 171.3627 715.4109 197.1678 1.4430 1.5586 3.7572 3.9802 1.3599 41.5479 -0.2403 0.3261
Car -1 -1 -0.2550 657.3401 173.1691 743.2595 204.6189 1.5392 1.6604 4.0121 4.4880 1.5559 36.4226 -0.1339 0.2572
