Pedestrian -1 -1 -1.3227 257.7566 164.7308 290.1680 231.7689 1.8383 0.6234 0.8957 -9.4829 1.6159 20.2809 -1.7554 0.3683
Pedestrian -1 -1 -0.0865 370.3784 164.9588 411.3607 234.0007 1.7656 0.6363 0.9778 -5.8001 1.5640 18.9259 -0.3804 0.2437
Pedestrian -1 -1 -1.1457 230.6045 165.5604 269.3202 232.8681 1.8472 0.6269 0.9742 -10.1630 1.6473 20.2963 -1.6050 0.2211
Cyclist -1 -1 -1.6636 376.4726 165.4881 406.4545 235.7092 1.7515 0.5774 1.9485 -5.8217 1.5681 19.0051 -1.9575 0.3741
Car -1 -1 2.7532 807.8442 161.7510 977.7574 220.6664 1.6058 1.6977 4.1774 7.9210 1.3035 20.5661 3.1155 0.8342
Car -1 -1 -3.1492 610.0775 166.5148 774.6035 227.5168 1.6503 1.7451 4.4729 2.2667 1.4792 20.6082 -3.0419 0.8311
Car -1 -1 2.5595 975.7682 156.2095 1172.6069 217.6906 1.6466 1.7450 4.4265 12.8659 1.2012 20.2442 3.1188 0.8257
Car -1 -1 -0.8920 516.9850 169.3610 601.8303 209.2058 1.5232 1.5851 3.5446 -2.0509 1.3900 29.4875 -0.9613 0.5559
Car -1 -1 -0.9874 588.2908 163.8042 672.3381 204.4074 1.5457 1.5898 3.8275 0.8532 1.2016 29.4885 -0.9593 0.4741
Car -1 -1 -0.8641 1168.9587 156.5232 1242.0000 212.3397 1.4812 1.6100 3.9465 18.0878 1.0482 20.2202 -0.1416 0.2082
Car -1 -1 -1.0016 815.1243 158.0575 902.9324 196.4515 1.4947 1.6108 3.8877 10.3244 0.9191 29.9292 -0.6727 0.1918
Car -1 -1 -1.4585 954.1312 153.1628 1008.2380 192.8823 1.5458 1.6041 3.8427 15.5004 0.7798 30.1241 -0.9873 0.1281
