Car -1 -1 -2.4911 0.0000 193.7614 257.1010 313.5184 1.5023 1.6453 3.9412 -7.4346 1.8256 10.2508 -3.1066 0.8449
Car -1 -1 -1.5180 583.9943 176.2288 618.6541 207.1426 1.5571 1.6566 4.0997 -0.4552 1.7491 38.8772 -1.5302 0.8190
Car -1 -1 3.6024 125.8747 188.8489 346.8588 263.6626 1.4641 1.6125 3.8462 -7.8423 1.8215 15.2865 3.1350 0.7682
Car -1 -1 3.5119 213.2194 184.6917 395.2897 251.0152 1.5179 1.6339 3.7721 -7.4325 1.8225 17.6778 3.1187 0.7672
Car -1 -1 0.2970 318.2595 178.1908 461.7124 226.4462 1.5992 1.7336 4.4377 -7.5776 1.7908 24.9809 0.0050 0.7043
Car -1 -1 0.2436 385.2680 179.0636 484.7586 214.8222 1.5637 1.6772 4.0985 -7.9142 1.8528 32.7001 0.0075 0.6625
Car -1 -1 -2.3504 932.6174 180.2247 1242.0000 375.0000 1.4677 1.5693 3.7817 2.7452 1.5137 2.5639 -1.5869 0.5767
Car -1 -1 3.1892 339.6011 180.8115 449.3191 223.2695 1.5020 1.5650 3.8576 -8.0922 1.8157 27.1957 2.9022 0.3361
Car -1 -1 1.7031 547.6373 178.2693 571.6484 196.5909 1.4694 1.5532 3.6558 -4.2397 1.9405 60.8441 1.6335 0.2997
Car -1 -1 -2.6513 287.3393 184.4756 422.9698 234.6466 1.4740 1.5879 3.7282 -8.0396 1.8583 22.7623 -2.9877 0.2745
Car -1 -1 3.4159 342.1146 171.2554 409.0710 194.3995 1.5448 1.6396 4.0368 -15.9259 1.4385 49.0553 3.1033 0.2343
Car -1 -1 -1.4380 483.1867 178.5312 514.3999 202.6323 1.5227 1.6009 3.6004 -7.4286 1.9170 48.2533 -1.5904 0.2239
Car -1 -1 3.8919 0.0000 215.3674 71.0685 375.0000 1.4516 1.5597 3.7231 -7.0497 1.8630 6.0283 3.0506 0.1937
