Pedestrian -1 -1 0.9682 618.2927 170.0959 639.9190 209.5393 1.7350 0.6124 0.8129 0.8111 1.6140 32.2429 0.9926 0.3860
Car -1 -1 -1.9600 792.0605 189.5224 1242.0000 375.0000 1.4143 1.5239 3.5566 2.5318 1.5845 5.5603 -1.5538 0.8503
Car -1 -1 -2.7866 349.8153 184.7380 533.2153 246.5842 1.4127 1.6389 4.1380 -4.1769 1.7269 17.9728 -3.0124 0.8083
Car -1 -1 2.0861 150.0673 193.4428 283.1503 250.2625 1.4005 1.6045 4.1452 -11.5218 2.0710 21.3910 1.5969 0.7449
Car -1 -1 -1.6720 676.8311 157.8102 779.6702 253.9392 1.8902 1.8017 4.4769 2.4863 1.5948 16.4620 -1.5256 0.7221
Car -1 -1 -1.6818 660.4241 178.2347 726.1964 231.9091 1.4647 1.5556 3.6707 2.3983 1.6420 21.8939 -1.5749 0.6939
Car -1 -1 -1.9228 234.0358 187.0439 405.3766 292.1560 1.4923 1.5974 3.7148 -5.2496 1.7795 12.6689 -2.3089 0.4550
Car -1 -1 -1.5768 636.7634 175.3253 674.5249 211.3109 1.5283 1.6166 3.7555 2.0178 1.6477 32.8234 -1.5165 0.4152
Car -1 -1 0.7524 476.3380 176.9923 561.0709 211.5449 1.5076 1.5928 3.8814 -4.3307 1.7113 33.6865 0.6250 0.1354
Car -1 -1 -2.4211 517.7109 176.3730 577.8328 198.3147 1.5163 1.6705 4.3236 -4.5758 1.7819 52.4382 -2.5081 0.1124
