Car -1 -1 1.7585 405.0743 182.2323 515.7469 260.8564 1.4617 1.6466 3.9553 -3.1885 1.6941 15.8690 1.5626 0.8322
Car -1 -1 2.6909 796.8517 190.7607 1018.6249 267.7877 1.3939 1.5518 3.7996 5.7952 1.7745 14.3993 3.0656 0.7508
Car -1 -1 -0.4227 765.9811 187.0827 942.3020 252.6539 1.4482 1.5974 3.6884 5.7526 1.8105 17.3586 -0.1086 0.6981
Car -1 -1 -0.2997 697.2131 178.9195 822.5054 221.2829 1.5221 1.7155 4.3254 5.5724 1.7610 27.3004 -0.1011 0.6425
Car -1 -1 1.6904 490.4417 180.6908 542.5805 222.3203 1.4484 1.5443 3.7614 -3.5640 1.7701 27.6984 1.5630 0.5608
Car -1 -1 -0.2549 704.2477 182.0386 826.3100 226.2733 1.4204 1.5739 3.7574 5.1506 1.7427 24.4113 -0.0501 0.5504
Car -1 -1 -0.4853 892.8143 192.7704 1242.0000 322.2036 1.4738 1.6210 3.9534 5.9313 1.7602 9.4290 0.0612 0.4687
Car -1 -1 -0.6493 917.3656 198.5814 1242.0000 375.0000 1.4717 1.6813 4.2833 5.2506 1.7370 6.5845 0.0012 0.4121
Car -1 -1 1.5063 611.5739 179.2392 636.6170 200.4528 1.5063 1.6208 4.1717 1.0053 2.0089 54.6307 1.5241 0.3787
Car -1 -1 2.9635 673.0620 178.4871 760.2379 210.6364 1.4789 1.6155 3.8789 4.9973 1.7544 34.3709 3.1061 0.3283
Car -1 -1 2.3684 728.0388 184.9980 881.2245 241.2532 1.3831 1.6042 4.2430 5.4475 1.7534 20.2323 2.6270 0.2198
