Pedestrian -1 -1 1.4590 269.7419 157.4094 305.7377 246.7771 1.8322 0.6027 0.9508 -6.8043 1.3604 15.0533 1.0443 0.8927
Pedestrian -1 -1 1.1043 462.7241 159.9256 526.3907 283.3027 1.7852 0.6189 0.9034 -1.7385 1.4892 10.7730 0.9506 0.8662
Pedestrian -1 -1 1.4532 215.5834 155.9023 254.2382 248.1155 1.8194 0.6046 0.9251 -7.6389 1.3357 14.4982 0.9791 0.7995
Pedestrian -1 -1 1.7137 259.8686 157.4834 292.5937 238.0471 1.8442 0.5670 0.9495 -7.8013 1.3190 16.7159 1.2862 0.5738
Pedestrian -1 -1 1.4593 230.8085 158.9413 260.4252 239.5682 1.8062 0.5242 0.8500 -8.3482 1.3248 16.3333 0.9966 0.2379
Pedestrian -1 -1 1.6904 302.1778 157.5498 326.1790 213.7649 1.8843 0.6687 0.7688 -9.9581 1.1166 24.1536 1.3058 0.1796
Pedestrian -1 -1 -1.3117 255.2005 157.0014 285.7635 215.2293 1.8443 0.6838 0.8993 -10.8529 1.1015 22.8922 -1.7471 0.1731
Cyclist -1 -1 2.0750 0.0000 77.7339 210.7121 370.0000 1.7934 0.5340 1.8644 -2.2404 1.5417 2.6983 1.4391 0.2378
Car -1 -1 -2.2510 1026.9867 182.6987 1155.3591 228.2279 1.4120 1.5331 3.7936 16.3586 1.4945 24.0686 -1.6587 0.8298
Car -1 -1 -2.0980 959.6389 180.7732 1065.8978 227.2736 1.4728 1.5783 3.4963 13.7809 1.4843 24.1671 -1.5839 0.7352
Car -1 -1 0.9641 1105.1102 181.8597 1224.0000 229.3859 1.5027 1.6099 3.8504 19.3429 1.5550 24.4321 1.6289 0.7211
Car -1 -1 -1.5952 603.3524 176.0795 634.3024 203.6807 1.3791 1.5335 3.5922 0.6746 1.1596 37.1216 -1.5755 0.5625
Car -1 -1 2.5508 0.0000 0.0000 1224.0000 370.0000 1.5595 1.6306 3.3950 -2.6887 1.5088 1.6458 1.6143 0.2152
