Pedestrian -1 -1 2.0488 332.0966 172.1037 358.2768 220.6284 1.7849 0.6517 0.7372 -9.9278 1.7577 26.9452 1.6986 0.2983
Pedestrian -1 -1 -1.0621 350.7018 169.5787 379.6563 220.1613 1.8541 0.6899 0.8643 -9.1755 1.7344 26.9329 -1.3879 0.2016
Cyclist -1 -1 -1.8645 471.5334 162.8520 515.8113 235.8891 1.8000 0.5676 2.0459 -3.1078 1.5538 18.8226 -2.0265 0.5430
Cyclist -1 -1 -2.5926 305.0935 171.1278 438.0333 297.2581 1.7546 0.5315 1.8310 -3.5209 1.7309 10.5036 -2.9093 0.1209
Car -1 -1 -3.1317 616.8247 167.6458 738.5814 214.9467 1.6999 1.7569 4.3932 2.4789 1.5131 27.0213 -3.0418 0.7681
Car -1 -1 -3.4263 764.7057 162.5652 893.2711 207.9632 1.6424 1.7241 4.2825 8.0652 1.2705 26.9685 -3.1391 0.6987
Car -1 -1 -0.9394 539.3568 168.3848 607.8836 202.4891 1.6088 1.5859 3.6147 -1.8011 1.3983 35.9804 -0.9895 0.6486
Car -1 -1 2.6420 892.8887 156.7387 1031.1140 204.6192 1.7042 1.7256 4.2913 12.8900 1.1310 26.6552 3.0879 0.6146
Car -1 -1 -0.9749 594.9199 163.7878 672.2721 198.2019 1.6174 1.7185 4.3761 1.2134 1.1917 36.1840 -0.9420 0.4207
Car -1 -1 -3.6507 1035.8561 153.5301 1186.3125 200.2464 1.6382 1.7109 4.2168 18.1413 0.9610 26.3388 -3.0530 0.3268
Car -1 -1 -0.8434 1174.3357 152.4590 1242.0000 195.6174 1.4853 1.6259 3.9386 22.6961 0.7837 25.8884 -0.1293 0.2609
