Car -1 -1 2.2435 0.0000 196.9937 164.8407 257.7725 1.3982 1.5997 4.0020 -14.6563 2.1446 20.2570 1.6232 0.8738
Car -1 -1 -1.8188 726.0436 174.4522 891.0877 288.2725 1.4960 1.5748 3.6090 2.8635 1.5255 11.3422 -1.5786 0.8435
Car -1 -1 -1.7607 674.0835 173.2360 759.1462 233.5784 1.4817 1.5761 3.7428 2.7483 1.4934 19.6492 -1.6245 0.8263
Car -1 -1 -1.9896 845.2686 185.1288 1242.0000 375.0000 1.4586 1.5141 3.5427 2.8243 1.5758 5.0508 -1.5054 0.7532
Car -1 -1 -1.7422 639.3041 174.3174 697.0253 213.4527 1.4484 1.6072 4.1369 2.2164 1.5119 28.9973 -1.6672 0.6248
Car -1 -1 2.0897 168.9566 191.5325 256.5303 226.0192 1.4103 1.6391 4.4256 -18.7081 2.3524 34.1480 1.5915 0.6163
Car -1 -1 2.0646 243.2210 187.1745 310.4762 216.3522 1.4692 1.6264 4.2116 -18.6859 2.3181 40.5980 1.6354 0.4246
Car -1 -1 -1.5854 621.8433 173.8102 647.9741 198.5694 1.4847 1.5721 3.8480 1.5000 1.5477 45.3517 -1.5530 0.3809
Car -1 -1 2.0658 299.2482 185.1271 354.8109 209.3483 1.4293 1.5836 4.1356 -18.3515 2.2641 46.9036 1.6944 0.2946
Car -1 -1 1.4975 631.4678 173.6893 673.8661 207.4214 1.5219 1.7077 4.4278 1.9602 1.5652 34.8903 1.5527 0.2798
Car -1 -1 2.3334 0.0000 200.2516 78.0533 257.8722 1.4323 1.6107 4.1478 -18.7442 2.3514 22.0720 1.6352 0.2519
