Pedestrian -1 -1 -1.3029 943.5087 160.1849 990.0863 255.5981 1.7582 0.5856 0.9251 6.7962 1.5251 13.8347 -0.8554 0.7557
Car -1 -1 -0.8003 781.5428 168.6615 911.9731 222.0705 1.5791 1.6921 3.9435 7.5193 1.4555 23.0032 -0.4887 0.7829
Car -1 -1 1.8962 9.0145 175.1009 178.9465 251.7391 1.4701 1.7327 4.4937 -11.4814 1.5289 16.3767 1.2922 0.7555
Car -1 -1 -1.6511 446.6786 173.9131 514.0221 236.2813 1.5574 1.5605 3.1055 -3.6619 1.5892 19.7738 -1.8325 0.7036
Car -1 -1 2.6123 581.0159 167.6706 656.6377 200.1354 1.5649 1.5722 3.4919 0.4163 1.3154 36.3259 2.6232 0.5772
Car -1 -1 2.4621 692.8191 171.2071 794.6321 211.3751 1.4526 1.5699 3.6707 5.0972 1.3934 27.6595 2.6419 0.5686
Car -1 -1 -1.6186 434.1490 173.3806 479.9788 214.0575 1.4808 1.5779 3.6021 -6.0813 1.5032 28.2566 -1.8291 0.4511
Car -1 -1 2.2278 735.1096 172.0233 833.6309 214.8967 1.4069 1.4926 3.5937 6.1283 1.3800 25.3843 2.4615 0.4249
Car -1 -1 -1.5223 441.7264 174.3093 498.8665 223.8625 1.4822 1.6488 4.0305 -4.5730 1.5348 23.8133 -1.7105 0.3659
Car -1 -1 -0.4842 558.7566 169.5967 639.3980 199.9884 1.5580 1.6406 4.0210 -0.6080 1.3914 38.6707 -0.5003 0.3621
Car -1 -1 2.0791 0.0000 178.5285 76.3190 296.2791 1.5052 1.6471 3.9379 -10.5066 1.6128 11.5243 1.3514 0.3338
Car -1 -1 2.1006 1197.7189 179.6826 1242.0000 259.0867 1.4329 1.5926 4.0287 14.1432 1.5837 14.5694 2.8607 0.2758
Car -1 -1 -1.6573 423.8708 170.7265 469.8252 207.2633 1.5352 1.6574 4.2251 -7.4634 1.4462 32.5799 -1.8811 0.2250
