Car -1 -1 -1.8034 745.7161 183.5292 894.8887 283.5395 1.4297 1.5609 4.0028 3.4602 1.6489 12.7641 -1.5455 0.9151
Car -1 -1 -2.0404 822.9448 184.0694 1242.0000 375.0000 1.4593 1.6134 4.1802 3.4367 1.5990 6.8580 -1.5941 0.9121
Car -1 -1 -1.7595 684.0486 179.5946 754.1783 226.9098 1.4696 1.6225 4.2220 3.6611 1.7252 25.1668 -1.6174 0.8418
Car -1 -1 -1.7255 719.6420 181.9873 810.2179 249.2312 1.4419 1.5768 3.8911 3.6891 1.6949 17.9840 -1.5273 0.8308
Car -1 -1 0.5613 0.0000 179.1732 361.9350 375.0000 1.4587 1.6346 3.9656 -4.3425 1.5189 5.9108 -0.0514 0.7209
Car -1 -1 0.1127 433.7108 177.9082 563.9915 221.0706 1.5001 1.7152 4.5166 -4.0008 1.6909 26.2369 -0.0377 0.6687
Car -1 -1 0.3979 206.7200 177.8041 495.6130 281.5794 1.4690 1.6352 3.9133 -3.9516 1.5531 11.2477 0.0667 0.6634
Car -1 -1 3.5527 45.4535 168.4016 438.4496 322.9742 1.6150 1.6456 3.7418 -4.1097 1.5689 8.4173 3.1102 0.6030
Car -1 -1 0.3067 264.1447 180.8620 495.0267 259.7581 1.3981 1.5714 3.8960 -4.3182 1.5599 13.7451 0.0071 0.5176
Car -1 -1 -1.6524 669.9728 180.2478 707.0637 210.3146 1.4270 1.5697 3.9258 3.9601 1.8289 37.1971 -1.5477 0.3499
Car -1 -1 0.1710 481.2476 174.1325 582.5636 213.1371 1.6727 1.7120 4.2375 -3.4529 1.7315 31.9938 0.0638 0.3316
Car -1 -1 -2.2550 0.0000 0.0000 1242.0000 375.0000 1.4884 1.6079 3.8226 2.6644 1.5776 1.5297 -1.2860 0.2434
