Pedestrian -1 -1 2.0729 594.9225 167.2736 657.3832 284.8574 1.7255 0.6056 0.9046 0.3241 1.4945 10.9132 2.1028 0.7696
Pedestrian -1 -1 1.6903 846.0901 145.9981 926.9853 356.0322 1.8091 0.6159 0.9425 2.6320 1.4908 6.6443 2.0522 0.7498
Pedestrian -1 -1 1.1857 505.2795 169.0117 568.3471 297.9614 1.6764 0.5635 0.9032 -0.9679 1.4945 9.7167 1.0907 0.6863
Pedestrian -1 -1 1.0639 565.5012 166.6822 636.9651 304.2841 1.6596 0.5349 0.9148 -0.0829 1.4629 9.0517 1.0561 0.6758
Pedestrian -1 -1 1.0882 704.5639 172.1152 787.8085 330.0986 1.5918 0.5516 0.8187 1.4710 1.4824 7.5904 1.2728 0.6241
Pedestrian -1 -1 1.5445 1094.6913 128.8992 1226.0000 370.0000 1.7933 0.6805 0.8082 3.5757 1.4810 4.6118 2.1722 0.5366
Pedestrian -1 -1 0.8747 990.7969 143.8444 1226.0000 370.0000 1.7338 0.6668 0.8325 2.6003 1.5512 3.7642 1.4417 0.4952
Pedestrian -1 -1 2.2396 612.3052 167.9876 681.0886 293.4159 1.7068 0.5594 0.8829 0.5885 1.5025 10.1318 2.2968 0.3998
Pedestrian -1 -1 0.2925 522.8747 166.8540 594.3469 288.0952 1.7266 0.5751 0.9290 -0.6921 1.4966 10.4493 0.2294 0.3755
Pedestrian -1 -1 1.2671 342.6402 165.2395 369.8023 220.5043 1.7811 0.6191 0.8614 -8.1659 1.2066 23.3128 0.9361 0.3700
Pedestrian -1 -1 2.2381 507.3699 171.5815 524.1818 201.6459 1.7479 0.6033 0.8209 -5.1269 1.0791 41.6103 2.1181 0.1485
Car -1 -1 1.8418 357.7675 180.7599 491.4932 262.9023 1.4520 1.6238 3.9048 -3.5101 1.4119 14.4760 1.6103 0.8577
Car -1 -1 1.5011 612.7756 173.7993 644.2796 201.9625 1.6266 1.6368 3.8640 1.5090 1.0903 42.7909 1.5378 0.3390
Car -1 -1 -2.2391 1091.2468 189.9848 1226.0000 242.3392 1.4477 1.5575 3.6311 17.1107 1.6793 21.8476 -1.5803 0.1961
