Car -1 -1 -1.9690 855.4520 178.0832 1051.3018 278.6072 1.4163 1.5412 3.8870 5.5475 1.5202 12.3217 -1.5556 0.9263
Car -1 -1 -2.5717 486.1795 179.6543 572.5403 212.9111 1.5066 1.6414 3.8822 -3.9498 1.8512 34.9290 -2.6840 0.8898
Car -1 -1 3.0148 298.7048 187.1956 404.2733 223.1168 1.4750 1.6893 4.3333 -11.7550 2.1606 32.7421 2.6723 0.8322
Car -1 -1 2.6581 135.8239 191.9564 266.3833 232.8852 1.3889 1.6440 4.2558 -16.2420 2.2107 28.7962 2.1482 0.6373
Car -1 -1 2.6183 0.0000 193.1795 131.0990 247.5929 1.4765 1.7046 4.4127 -18.5472 2.2114 23.7077 1.9597 0.5745
Car -1 -1 1.8877 434.3217 183.4871 480.5305 208.1161 1.4139 1.6136 4.2183 -9.5876 2.1169 45.4903 1.6808 0.4749
Car -1 -1 -0.5197 924.5226 158.2510 1044.1344 197.3200 1.5449 1.6626 4.0468 15.1807 0.9678 29.4567 -0.0481 0.4662
Car -1 -1 -1.5962 640.0406 175.9894 665.5892 199.6969 1.4678 1.5595 3.5995 2.7241 1.6802 46.9749 -1.5391 0.3247
Car -1 -1 2.8826 211.3705 188.6461 313.6653 224.0631 1.4601 1.6695 3.9715 -16.0701 2.2332 33.3803 2.4367 0.2421
Car -1 -1 1.7695 491.3474 180.8382 517.3965 197.9203 1.4206 1.5530 3.8360 -9.3259 2.1486 63.7904 1.6245 0.1895
