Pedestrian -1 -1 1.1374 571.3943 152.4385 631.9363 271.1372 1.8809 0.6519 0.9891 -0.1139 1.4379 11.7855 1.1298 0.9119
Pedestrian -1 -1 1.1761 530.0641 154.2287 590.9738 277.7682 1.8709 0.6600 0.9316 -0.7666 1.4747 11.2667 1.1118 0.8752
Pedestrian -1 -1 -1.4087 775.8298 159.4979 816.3611 250.2988 1.7045 0.6307 0.9168 3.7008 1.3119 13.8144 -1.1509 0.8156
Pedestrian -1 -1 -3.0220 955.0889 143.1899 1055.8181 305.9327 1.8384 0.5851 1.0015 4.7699 1.4186 8.5104 -2.5252 0.7849
Pedestrian -1 -1 -2.7165 935.4514 149.5132 1041.1482 319.2737 1.7795 0.5751 0.8882 4.2407 1.4564 7.9334 -2.2403 0.7095
Pedestrian -1 -1 -1.1494 281.8105 162.5869 305.8111 206.3475 1.8758 0.6293 0.9289 -13.5580 1.1094 30.7711 -1.5588 0.1566
Pedestrian -1 -1 1.8639 301.3279 163.0312 322.7501 206.6807 1.8719 0.6280 0.8948 -12.7740 1.1243 30.7926 1.4762 0.1349
Pedestrian -1 -1 0.0069 949.8160 153.6882 1023.7914 294.8579 1.7820 0.5403 0.8392 4.9921 1.4452 9.3545 0.4848 0.1334
Car -1 -1 -2.2277 1029.8900 182.8716 1154.7656 228.2963 1.4084 1.5283 3.6981 16.3624 1.4968 24.0075 -1.6341 0.8066
Car -1 -1 -2.1026 958.8373 180.7225 1064.4690 227.1134 1.4699 1.5799 3.4379 13.7349 1.4796 24.1478 -1.5895 0.7751
Car -1 -1 0.9365 1098.7596 183.1886 1224.0000 229.2801 1.4476 1.6105 4.0218 19.2346 1.5499 24.4691 1.5979 0.6983
Car -1 -1 -1.5766 602.9396 176.2207 634.1290 203.9265 1.3833 1.5574 3.7184 0.6876 1.1710 37.1656 -1.5565 0.4473
