Pedestrian -1 -1 1.7997 269.8218 166.2670 301.1624 230.3540 1.8564 0.6445 0.9691 -9.6765 1.6659 21.4347 1.3799 0.6888
Pedestrian -1 -1 1.7784 248.3611 167.6394 278.0348 230.9973 1.8240 0.6019 0.9656 -10.2791 1.6742 21.3091 1.3335 0.4874
Cyclist -1 -1 -1.7204 393.6584 165.4564 427.2778 239.0931 1.7669 0.5403 1.9208 -5.1273 1.5898 18.2976 -1.9904 0.5404
Car -1 -1 2.7745 791.3669 161.5598 948.3149 218.0362 1.6367 1.6943 4.1315 7.7272 1.3098 21.8197 3.1101 0.8370
Car -1 -1 -3.1446 604.3677 166.5910 762.7213 223.3927 1.6308 1.7607 4.5692 2.1446 1.4513 21.8014 -3.0485 0.8179
Car -1 -1 2.5952 949.7562 156.1206 1128.3767 213.2301 1.6447 1.7366 4.3559 12.7517 1.1631 21.6906 3.1205 0.7352
Car -1 -1 -0.9348 515.7064 166.7479 597.4286 206.9441 1.6048 1.6070 3.6780 -2.2574 1.3614 30.7882 -1.0078 0.5666
Car -1 -1 -1.0088 581.6661 163.5444 663.1039 203.4648 1.5864 1.6231 3.9399 0.5550 1.2168 30.7628 -0.9914 0.4173
Car -1 -1 -3.7419 1124.8046 153.8884 1242.0000 208.8006 1.5313 1.6548 4.0573 17.6917 1.0028 21.1245 -3.0517 0.4082
Car -1 -1 -1.3630 928.1795 153.4062 992.5531 193.8245 1.6475 1.6992 4.3203 15.3772 0.8552 31.6386 -0.9144 0.2958
