Pedestrian -1 -1 2.3461 621.1114 168.9546 647.8596 214.4157 1.7245 0.5569 0.9089 0.9056 1.5770 27.8840 2.3776 0.2856
Car -1 -1 -2.7436 269.9428 184.9127 512.4855 266.1685 1.4106 1.6381 4.1567 -4.1622 1.6604 13.8778 -3.0305 0.8372
Car -1 -1 -1.7001 672.9941 174.8278 757.3072 241.6753 1.4693 1.5638 3.5841 2.4344 1.5232 17.7581 -1.5669 0.6996
Car -1 -1 -1.7099 697.4243 143.9217 851.6956 282.9100 1.9198 1.8217 4.5685 2.5032 1.5206 12.2955 -1.5148 0.6937
Car -1 -1 2.1411 28.0206 193.5975 216.1535 267.1474 1.4303 1.6682 4.2822 -11.5291 1.9923 17.3880 1.5624 0.6356
Car -1 -1 -1.7638 70.8887 186.8246 296.5493 357.8074 1.5009 1.6097 3.7599 -5.2636 1.7050 8.5853 -2.3006 0.4551
Car -1 -1 -1.6533 638.0146 174.1112 686.8008 215.3601 1.5236 1.6167 3.5995 1.9726 1.5769 28.5709 -1.5857 0.4156
Car -1 -1 2.0076 293.8471 182.8989 392.4478 232.2364 1.4220 1.5473 3.7839 -8.6288 1.7773 23.5412 1.6595 0.4000
Car -1 -1 1.0006 460.0238 176.5329 551.3805 215.4200 1.4751 1.6842 4.3124 -4.4403 1.6393 29.9584 0.8542 0.3476
Car -1 -1 1.9457 288.6794 182.1236 368.7000 221.9139 1.5036 1.6708 4.3026 -11.7855 1.9225 30.4252 1.5787 0.3303
Car -1 -1 -2.3213 0.0000 0.0000 1242.0000 375.0000 1.4569 1.5815 3.7925 2.2557 1.5294 1.1846 -1.3323 0.2693
Car -1 -1 2.0677 175.5412 187.4752 284.3563 239.3037 1.3833 1.4966 3.3369 -11.4520 1.8614 21.8876 1.5903 0.1899
