Car -1 -1 -1.7487 697.0607 178.8939 811.8040 261.1576 1.4180 1.5511 3.9450 2.7348 1.5579 14.6976 -1.5693 0.9067
Car -1 -1 -1.5186 576.3624 170.2636 638.5060 229.7469 1.6280 1.6670 4.1207 -0.0374 1.5575 21.8446 -1.5211 0.8793
Car -1 -1 -1.9019 766.1379 189.5219 1076.9009 375.0000 1.3964 1.5397 3.7974 2.6999 1.6101 7.3288 -1.5632 0.8480
Car -1 -1 -1.5840 651.0640 172.5718 694.6200 214.2712 1.5476 1.6140 3.8030 2.4241 1.5375 28.7291 -1.5013 0.6967
Car -1 -1 1.9748 283.0272 177.9683 348.1511 211.0540 1.5054 1.5920 3.7639 -14.3630 1.7695 35.3103 1.5908 0.6735
Car -1 -1 -1.7250 681.4714 176.0170 761.0211 237.1456 1.4694 1.5461 3.5087 2.8298 1.5620 19.2867 -1.5823 0.6532
Car -1 -1 2.1134 128.8792 179.1012 251.3081 226.8018 1.4793 1.6818 4.3028 -14.4802 1.7159 25.1132 1.5947 0.6147
Car -1 -1 -2.3410 898.7338 201.1453 1242.0000 375.0000 1.4377 1.5754 3.7400 2.5622 1.6128 2.5531 -1.6106 0.5698
Car -1 -1 2.3241 0.0000 185.9853 71.9548 264.0318 1.4367 1.5927 3.9805 -14.2847 1.7644 15.9718 1.6026 0.5367
Car -1 -1 1.9321 336.6513 173.5232 387.9823 204.0885 1.6590 1.5721 3.6495 -14.0770 1.6992 41.0908 1.6037 0.4178
Car -1 -1 2.0529 388.9178 172.9868 436.6266 196.0221 1.5584 1.6521 3.8391 -13.8831 1.5685 50.8871 1.7876 0.2693
Car -1 -1 -1.5622 638.3026 170.3362 665.2789 197.2318 1.5727 1.5767 3.8912 2.5384 1.4259 44.1821 -1.5056 0.2093
