Pedestrian -1 -1 2.6777 451.4004 161.6020 499.2845 247.5768 1.7615 0.5866 0.8219 -2.7854 1.3760 14.9628 2.4992 0.7552
Pedestrian -1 -1 2.0841 506.7945 160.1347 553.8677 246.9874 1.8062 0.6201 0.9579 -1.6424 1.3843 15.2617 1.9809 0.7308
Pedestrian -1 -1 2.9140 464.0296 160.1508 518.7335 249.9793 1.7629 0.5861 0.9887 -2.3484 1.3652 14.3283 2.7569 0.6705
Pedestrian -1 -1 -1.5899 400.6792 165.4364 436.2796 269.2455 1.6941 0.5657 0.8285 -3.2191 1.4499 12.0089 -1.8435 0.6684
Pedestrian -1 -1 -2.7901 575.8351 162.1385 611.6159 221.6470 1.7977 0.5834 0.9608 -0.3767 1.2446 21.7882 -2.8053 0.6620
Pedestrian -1 -1 0.9309 851.6857 157.6517 951.4579 342.0222 1.7411 0.5234 0.8409 2.9247 1.5271 7.1465 1.3058 0.6337
Pedestrian -1 -1 1.0402 802.3649 149.5139 910.8146 363.2488 1.8426 0.6164 0.8021 2.2545 1.5772 6.5473 1.3589 0.6186
Pedestrian -1 -1 2.8224 729.4931 158.8392 787.9976 274.0346 1.7703 0.6869 0.7262 2.3877 1.4391 11.2435 3.0277 0.4727
Pedestrian -1 -1 2.4223 287.3829 157.1839 362.8320 299.4176 1.7412 0.6107 0.6652 -3.6398 1.4575 9.0873 2.0551 0.3318
Pedestrian -1 -1 0.6708 959.0634 138.5756 1098.4152 367.9313 1.8261 0.5660 0.8720 3.5982 1.4940 6.1352 1.1808 0.1390
Pedestrian -1 -1 2.1779 449.0891 161.3169 473.5080 205.4223 1.9175 0.6783 0.8783 -6.3722 1.0850 31.2730 1.9807 0.1359
Pedestrian -1 -1 2.0712 489.3837 160.4056 511.5782 201.6650 1.8987 0.6366 0.9772 -4.9060 0.9755 33.1021 1.9272 0.1131
Cyclist -1 -1 1.1080 721.6279 161.2931 807.7961 279.4392 1.6911 0.5585 1.7828 2.4024 1.4179 11.0487 1.3180 0.1235
