Pedestrian -1 -1 2.0802 650.6120 160.9762 689.1561 230.9366 1.7747 0.6218 0.9492 1.6674 1.2810 18.4978 2.1704 0.7374
Pedestrian -1 -1 2.4258 563.2722 159.2944 608.9079 230.9216 1.8184 0.6471 1.0222 -0.5286 1.2817 18.5289 2.3996 0.7002
Pedestrian -1 -1 2.7579 582.9188 159.4682 629.7637 233.7106 1.8127 0.6000 1.0244 -0.0067 1.3008 17.7277 2.7593 0.6915
Pedestrian -1 -1 1.8258 710.5234 159.7045 743.6306 227.2122 1.6893 0.6329 0.9194 3.1197 1.1705 18.2375 1.9942 0.6866
Pedestrian -1 -1 1.4893 765.2026 157.7323 793.4690 227.0613 1.8093 0.6589 0.9091 4.6272 1.2167 18.9474 1.7267 0.6834
Pedestrian -1 -1 2.0941 622.9191 160.4282 661.2102 228.6976 1.7897 0.6121 1.0107 0.9740 1.2651 19.1208 2.1460 0.6027
Pedestrian -1 -1 1.8491 677.6922 160.5396 708.8933 224.9222 1.8049 0.6547 0.9661 2.5197 1.2469 20.3891 1.9719 0.5452
Pedestrian -1 -1 3.5762 0.0000 130.1229 99.9878 352.3076 1.8000 0.6061 0.8516 -5.0488 1.3936 6.1147 2.9132 0.4178
Pedestrian -1 -1 1.9830 722.3500 158.3801 756.9469 225.8961 1.7999 0.6079 0.9441 3.6666 1.2118 19.4053 2.1685 0.3278
Cyclist -1 -1 -3.2143 739.5125 158.2451 809.6829 226.6201 1.7974 0.5223 1.7963 4.4986 1.2140 18.9812 -2.9836 0.1024
Car -1 -1 1.7035 850.8207 161.6089 895.2625 194.0457 1.5487 1.5911 4.0791 13.6523 0.6482 35.9264 2.0654 0.1085
Car -1 -1 -2.9311 629.6352 165.3262 778.5251 229.2499 1.6923 1.6891 3.9452 2.8071 1.2922 20.1807 -2.7933 0.1076
