Pedestrian -1 -1 0.2106 513.0450 173.5602 534.3816 216.7111 1.6977 0.5996 0.7352 -3.4743 1.7266 28.7285 0.0907 0.1800
Car -1 -1 2.1942 54.8595 196.2641 199.2982 252.1472 1.4218 1.6102 4.0281 -14.6534 2.2063 22.1175 1.6143 0.8799
Car -1 -1 -1.9365 804.5231 181.3349 1180.6616 375.0000 1.4397 1.5196 3.5571 2.8350 1.5358 6.3367 -1.5341 0.8597
Car -1 -1 -1.7927 715.2267 175.8747 854.8436 275.4095 1.4793 1.5446 3.6238 2.8420 1.5402 12.6481 -1.5776 0.8390
Car -1 -1 -1.7870 668.2198 173.7226 750.5632 230.2742 1.4857 1.5798 3.6769 2.7336 1.5136 20.9132 -1.6596 0.7859
Car -1 -1 2.3079 0.0000 199.7182 94.1341 252.7507 1.4397 1.5299 3.5622 -18.7886 2.3741 23.2601 1.6338 0.6291
Car -1 -1 -1.7057 636.0106 174.2517 689.0927 212.3032 1.4810 1.6558 4.2175 2.0976 1.5444 30.3981 -1.6381 0.5469
Car -1 -1 2.0858 252.9299 187.9566 316.7473 216.0092 1.4516 1.5758 4.0215 -18.7179 2.3672 41.6454 1.6655 0.4612
Car -1 -1 2.1006 185.1328 192.0365 269.0367 225.2887 1.4096 1.6259 4.3956 -18.6980 2.4104 35.3948 1.6174 0.4571
Car -1 -1 -1.6295 614.7889 174.4249 642.7327 198.4139 1.4817 1.5788 3.8252 1.1480 1.5881 46.7564 -1.6055 0.3394
Car -1 -1 1.9515 309.4984 187.3092 357.0423 211.3269 1.4515 1.5733 4.0142 -18.3956 2.4550 48.0532 1.5874 0.3258
Car -1 -1 -1.5177 601.2310 174.8651 621.9055 192.6832 1.4499 1.5571 3.7207 0.1361 1.6257 61.0384 -1.5158 0.2118
Car -1 -1 1.8054 350.7795 185.0329 384.7062 204.7798 1.4192 1.5749 4.2844 -19.0363 2.4151 56.7742 1.4830 0.1905
