Pedestrian -1 -1 1.6353 200.9078 161.5683 234.2992 240.6744 1.8859 0.6660 0.8174 -9.6695 1.6172 17.7090 1.1415 0.1479
Car -1 -1 -2.2954 21.3624 181.9538 284.0333 277.7242 1.3932 1.5756 3.8329 -7.6498 1.5619 12.0438 -2.8516 0.8759
Car -1 -1 -1.8926 684.9793 180.6529 780.1647 236.2007 1.5106 1.6503 4.1496 3.6356 1.7768 22.4129 -1.7346 0.8543
Car -1 -1 2.0196 244.1872 178.3745 367.8662 236.2912 1.4744 1.6540 4.1045 -8.6662 1.6504 20.8630 1.6301 0.7944
Car -1 -1 -1.7220 671.0698 181.7319 728.6270 222.7074 1.4459 1.6206 4.1509 3.4214 1.8224 28.4696 -1.6043 0.7489
Car -1 -1 1.8705 437.5418 177.2360 489.3448 206.8539 1.5080 1.6510 4.0477 -7.9805 1.7607 39.4524 1.6718 0.6772
Car -1 -1 1.9098 324.8345 177.6822 412.2073 224.8109 1.5083 1.6478 4.1175 -8.4863 1.6939 25.5913 1.5923 0.5158
Car -1 -1 -1.6445 665.9053 180.1919 703.7970 213.5531 1.4661 1.5278 3.3207 3.4571 1.8306 34.1237 -1.5450 0.3054
Car -1 -1 1.7811 471.5608 177.5843 509.1029 203.3997 1.5128 1.5636 3.7018 -7.4254 1.8196 44.8570 1.6176 0.2262
Car -1 -1 3.5200 163.6080 161.9590 292.1376 205.8595 1.7294 1.7605 4.3024 -15.5790 1.3006 29.5195 3.0379 0.1379
Car -1 -1 1.6608 649.8903 179.6804 682.5239 206.8959 1.5311 1.6219 4.0664 3.4216 1.9662 43.8032 1.7377 0.1312
