Pedestrian -1 -1 0.6979 952.5469 137.1427 1097.5270 363.8931 1.9139 0.6416 0.9595 3.7935 1.5497 6.5256 1.2054 0.8549
Pedestrian -1 -1 1.1459 484.0646 157.6534 537.6473 262.8625 1.7961 0.5950 0.9896 -1.7381 1.4078 12.6432 1.0144 0.8543
Pedestrian -1 -1 0.6372 539.6957 158.3655 596.6071 252.4351 1.8029 0.5915 0.9688 -0.7761 1.3803 14.0604 0.5851 0.8426
Pedestrian -1 -1 0.5389 709.6520 155.1294 784.6817 281.7466 1.7701 0.5966 0.9052 2.0417 1.4171 10.4033 0.7288 0.7960
Pedestrian -1 -1 1.3246 407.9901 158.3405 452.3567 258.8764 1.7771 0.5830 0.9517 -3.2805 1.3871 13.0501 1.0859 0.7628
Pedestrian -1 -1 2.9152 471.3566 156.1577 528.3939 246.9903 1.8228 0.6223 1.0584 -2.2267 1.3359 14.6662 2.7696 0.7529
Pedestrian -1 -1 0.6721 438.8025 156.9741 500.5633 253.0067 1.8160 0.6020 1.0436 -2.6980 1.3728 13.8756 0.4861 0.7400
Pedestrian -1 -1 -2.6054 689.3002 153.0384 753.6190 261.4412 1.8364 0.5950 0.9527 2.0131 1.3728 12.5061 -2.4479 0.7249
Pedestrian -1 -1 0.9885 517.6130 157.4010 573.8774 260.0382 1.8172 0.5995 0.9757 -1.1482 1.4099 13.0825 0.9049 0.6960
Pedestrian -1 -1 -2.2490 667.7545 154.5989 729.9477 267.8118 1.8176 0.6031 0.9003 1.5237 1.4034 11.8878 -2.1230 0.6257
Pedestrian -1 -1 0.6478 908.5278 135.8367 1052.2681 370.0000 1.8842 0.6269 0.9159 3.2032 1.5301 6.1786 1.1073 0.4272
Pedestrian -1 -1 1.7296 206.2139 161.7036 233.2254 218.8590 1.8365 0.6635 0.7540 -12.6546 1.2341 23.1788 1.2375 0.4125
Car -1 -1 -2.2508 1028.7993 182.8833 1155.5228 228.3974 1.4100 1.5320 3.7063 16.3580 1.4989 24.0105 -1.6574 0.8085
Car -1 -1 -2.1596 958.3464 181.2495 1068.4471 226.8715 1.4418 1.5746 3.4774 13.8158 1.4708 24.1901 -1.6448 0.7641
Car -1 -1 0.9401 1098.3904 182.8251 1224.0000 229.3420 1.4637 1.6173 4.0327 19.2356 1.5525 24.4870 1.6011 0.7105
Car -1 -1 -1.5906 603.0773 174.7556 634.5058 203.3682 1.4305 1.5713 3.7047 0.6747 1.1447 37.1965 -1.5709 0.7030
