Car -1 -1 -1.9117 720.7967 181.6502 953.0073 319.8634 1.4936 1.6632 4.3132 2.8487 1.6465 10.2925 -1.6502 0.9194
Car -1 -1 0.1719 262.2629 181.8607 447.4565 237.4478 1.3974 1.6939 4.5440 -6.8685 1.6589 19.7207 -0.1595 0.8419
Car -1 -1 -1.7677 672.9357 181.7773 782.4128 260.8819 1.4390 1.5571 3.7560 2.3338 1.6544 15.4702 -1.6218 0.8302
Car -1 -1 3.6045 0.0000 185.0876 318.7038 300.8207 1.4148 1.6321 4.2141 -6.5434 1.6032 10.0611 3.0395 0.7696
Car -1 -1 1.4443 631.6172 180.7707 691.2809 224.4005 1.4213 1.6326 4.2417 1.7575 1.7357 26.4558 1.5092 0.7445
Car -1 -1 3.7924 0.0000 190.7089 216.6075 366.2945 1.4428 1.6181 3.9022 -6.2979 1.6403 7.0397 3.0812 0.6908
Car -1 -1 -1.6613 618.4735 179.6848 661.5706 215.4765 1.4567 1.5651 3.6801 1.2359 1.7774 31.9597 -1.6237 0.6430
Car -1 -1 3.3456 328.2163 179.0390 461.9484 223.7605 1.5026 1.7046 4.2798 -7.5598 1.7308 25.5473 3.0602 0.5010
Car -1 -1 -1.6320 609.0524 178.4413 644.2824 209.0787 1.4752 1.5847 3.7121 0.7805 1.7791 37.3140 -1.6118 0.3699
Car -1 -1 1.6770 517.8227 177.8774 542.5733 196.9158 1.4737 1.5879 4.0834 -6.5113 1.8988 58.9714 1.5672 0.3055
