Pedestrian -1 -1 2.3171 1052.7872 150.3718 1112.4612 254.6819 1.8550 0.5848 0.7157 8.5905 1.4556 13.2032 2.8832 0.1365
Car -1 -1 -1.8026 703.4112 179.2784 870.6962 288.1905 1.4648 1.6623 4.3765 2.6822 1.5931 12.1669 -1.5918 0.9271
Car -1 -1 -1.6917 684.5298 179.0724 773.0320 248.4067 1.4606 1.5986 4.1120 2.7292 1.6310 17.6483 -1.5417 0.8545
Car -1 -1 -2.7113 225.7537 187.3436 422.9755 252.5383 1.4064 1.5934 3.9937 -6.6426 1.7642 16.8848 -3.0813 0.7568
Car -1 -1 3.6878 0.0000 174.1829 302.4319 338.1631 1.7701 1.7991 4.4202 -6.4177 1.7887 8.8493 3.0743 0.7114
Car -1 -1 0.3010 112.9604 187.4509 371.2587 271.8882 1.4524 1.6278 4.1405 -6.9491 1.7571 13.9201 -0.1549 0.4860
Car -1 -1 3.2568 423.6354 184.7213 508.7476 215.5621 1.3740 1.5510 3.7538 -6.7172 1.9451 33.7764 3.0615 0.4452
Car -1 -1 -2.6127 32.6793 191.9703 345.0648 294.2147 1.4365 1.6206 3.9597 -6.4795 1.7585 11.2956 -3.1239 0.3572
Car -1 -1 -1.6302 665.3118 177.0455 715.0386 219.9230 1.5013 1.6378 3.9868 2.9638 1.6743 27.6858 -1.5253 0.3293
Car -1 -1 -1.5803 659.4097 172.0068 685.7805 199.3398 1.6735 1.6108 3.7945 3.9455 1.6220 46.1262 -1.4960 0.2590
Car -1 -1 -1.3976 590.1014 175.6562 639.9559 214.6015 1.6320 1.6621 3.4943 0.2398 1.7653 32.3692 -1.3909 0.1586
