Car -1 -1 -1.7914 662.8182 180.8181 740.8533 234.3519 1.4589 1.5642 3.7649 2.6819 1.7258 22.1939 -1.6736 0.8706
Car -1 -1 0.5842 0.0000 192.8219 311.8107 375.0000 1.4681 1.6591 4.1354 -4.8506 1.6567 5.7856 -0.0912 0.7319
Car -1 -1 3.4526 89.1335 166.7278 396.2527 290.0919 1.7754 1.7340 4.0256 -5.6755 1.6876 11.5175 3.0033 0.6191
Car -1 -1 -1.7089 644.0897 180.6351 702.5470 223.2840 1.4323 1.6104 4.1069 2.2530 1.7474 27.0896 -1.6275 0.5314
Car -1 -1 3.2058 359.3408 179.9462 487.0087 226.2256 1.4717 1.6221 4.0659 -6.2930 1.7242 24.4738 2.9562 0.4258
Car -1 -1 3.4443 257.2306 184.1635 449.5656 248.6296 1.4108 1.6174 3.9572 -5.9672 1.6908 16.9634 3.1104 0.4250
Car -1 -1 -2.7458 329.0613 180.4408 475.0532 232.2299 1.4486 1.5971 3.8644 -6.1866 1.6858 21.5003 -3.0232 0.3658
Car -1 -1 3.1700 377.2667 176.4836 487.4127 220.4170 1.5650 1.6421 3.9023 -6.6628 1.7078 27.1108 2.9307 0.2341
Car -1 -1 2.8778 414.9448 180.5107 503.2953 213.0796 1.4590 1.5951 3.8722 -7.2757 1.8440 34.6542 2.6719 0.1639
Car -1 -1 -2.5032 391.0179 177.1711 492.3029 216.5627 1.5534 1.6420 3.9445 -7.1195 1.7444 30.3260 -2.7323 0.1226
