Pedestrian -1 -1 -1.3255 0.0000 147.9998 109.3395 375.0000 1.7593 0.6659 0.8706 -4.6498 1.5749 5.8905 -1.9722 0.5616
Pedestrian -1 -1 1.7050 101.5009 141.4155 212.1223 375.0000 1.8677 0.6471 0.9165 -3.7751 1.6310 5.9853 1.1614 0.4890
Car -1 -1 -1.7421 676.6528 180.3030 748.6669 230.6920 1.4025 1.5597 3.9270 3.0822 1.6574 22.6615 -1.6094 0.8931
Car -1 -1 -1.7317 658.7556 179.5862 715.0012 220.0295 1.4151 1.5551 3.7264 2.8473 1.6926 27.7861 -1.6313 0.7279
Car -1 -1 -2.3545 969.0237 179.2451 1242.0000 375.0000 1.4920 1.5724 3.7312 2.7517 1.5294 2.2910 -1.5396 0.5626
Car -1 -1 -1.6816 649.1475 178.7282 692.4631 213.1858 1.4659 1.5786 3.5916 2.6997 1.7509 33.1332 -1.6017 0.5387
Car -1 -1 -1.5663 571.7665 179.3495 596.8939 202.9758 1.4414 1.5687 3.6891 -1.6942 1.8809 46.9131 -1.6027 0.4829
Car -1 -1 1.4747 629.7467 178.6518 663.9698 205.7448 1.5291 1.6599 4.2771 2.1562 1.8992 43.8280 1.5230 0.4656
Car -1 -1 -1.5813 618.8700 177.6210 642.0557 199.5994 1.4923 1.6008 3.7968 1.4145 1.8471 51.7293 -1.5546 0.1329
Car -1 -1 1.5125 643.9605 179.0312 680.4937 208.8996 1.4257 1.6336 4.1060 2.6146 1.7635 37.3523 1.5813 0.1135
