Pedestrian -1 -1 0.3263 351.5494 171.1729 411.0649 273.0145 1.6849 0.5622 0.8244 -3.9166 1.6574 12.2244 0.0217 0.5144
Pedestrian -1 -1 -2.3495 319.8696 163.6355 393.2769 296.7300 1.7407 0.6008 0.7406 -3.5150 1.6205 9.8669 -2.6841 0.3462
Car -1 -1 -1.7413 700.4628 180.1042 803.5106 256.4787 1.4765 1.5772 3.9722 3.0193 1.6609 16.3173 -1.5625 0.9071
Car -1 -1 -1.6816 666.2043 178.9820 725.2794 223.9588 1.4482 1.6162 4.2787 2.9527 1.6872 25.9526 -1.5703 0.8507
Car -1 -1 3.3111 0.0000 185.8361 334.3254 375.0000 1.4568 1.6776 4.2159 -4.9890 1.6101 6.8386 2.6989 0.7800
Car -1 -1 3.1024 0.0000 167.2273 386.5512 330.1137 1.7123 1.7492 4.3172 -5.3962 1.6535 9.4510 2.5951 0.7103
Car -1 -1 -2.6680 451.1512 177.1100 547.5420 212.9172 1.5373 1.6703 4.0021 -5.0501 1.7392 32.7373 -2.8204 0.6546
Car -1 -1 -2.1689 878.0443 196.6389 1242.0000 375.0000 1.4467 1.5844 3.8417 2.7966 1.6321 3.6803 -1.5580 0.6278
Car -1 -1 -1.6811 653.6074 177.4341 703.5805 215.3701 1.5131 1.6838 4.2953 2.8771 1.7270 31.4643 -1.5914 0.3197
Car -1 -1 -1.7827 469.0144 181.3648 528.0942 220.7165 1.4019 1.5674 3.6512 -4.5101 1.7624 28.5460 -1.9385 0.1942
