Pedestrian -1 -1 2.0897 356.0718 155.3053 439.2718 301.4901 1.8244 0.6817 0.9343 -2.7425 1.4788 9.3540 1.8146 0.7764
Pedestrian -1 -1 0.8507 383.5657 155.3796 478.3582 320.0400 1.7034 0.6210 0.8363 -1.9482 1.4180 7.8037 0.6165 0.3946
Pedestrian -1 -1 1.6605 474.1889 159.9438 507.0380 240.7661 1.8669 0.6892 0.9423 -2.6973 1.3332 16.8189 1.5059 0.2566
Pedestrian -1 -1 0.7019 453.8436 154.5366 534.5229 298.2146 1.7358 0.5427 0.8708 -1.4320 1.3921 8.9955 0.5506 0.2437
Pedestrian -1 -1 2.0794 143.8609 171.0531 192.1168 254.0595 1.9198 0.6903 0.7568 -10.3223 1.6424 16.7374 1.5368 0.1702
Cyclist -1 -1 1.8532 0.0000 108.5595 156.4730 370.0000 1.7000 0.5239 1.7798 -2.6924 1.4462 3.3403 1.2200 0.1133
Car -1 -1 2.0258 272.5097 182.9131 359.6902 219.0183 1.4436 1.6864 4.4473 -12.2777 1.4371 30.5481 1.6489 0.8241
Car -1 -1 -1.6730 535.2444 175.3806 581.5718 211.8000 1.4686 1.5923 4.0500 -2.0063 1.1583 30.6344 -1.7361 0.7521
Car -1 -1 -1.6472 553.7001 175.9325 624.0870 236.4249 1.4385 1.5733 3.4824 -0.4856 1.2693 18.6197 -1.6713 0.7508
Car -1 -1 1.1696 405.6338 171.6048 488.7386 224.3959 1.7137 1.5634 3.6279 -5.5660 1.3417 24.8794 0.9538 0.4978
Car -1 -1 -1.4991 577.0388 171.6998 599.5770 190.1348 1.4685 1.5797 3.8671 -1.1506 0.5610 58.2941 -1.5169 0.1829
Car -1 -1 -1.6059 528.1974 173.0280 548.1043 190.9844 1.4834 1.5651 3.7564 -5.5278 0.6519 60.3663 -1.6949 0.1362
Car -1 -1 -0.1227 606.1613 164.3711 686.4611 192.9205 1.5342 1.6757 4.2415 2.3468 0.5286 38.9574 -0.0612 0.1122
Car -1 -1 0.8994 1050.7922 155.1977 1223.9916 215.3144 1.4969 1.6652 4.0178 14.5758 0.8033 19.6399 1.5317 0.1060
