Pedestrian -1 -1 -0.3213 715.7667 173.3766 766.8487 261.9600 1.6455 0.6470 0.7930 2.4483 1.6561 13.7837 -0.1503 0.5022
Car -1 -1 -1.9357 826.3463 192.7578 1060.8617 333.0647 1.3941 1.5091 3.5474 4.0332 1.7051 9.4674 -1.5454 0.8323
Car -1 -1 -1.3944 455.6836 183.6437 535.9617 244.6388 1.4160 1.5066 3.4651 -2.9783 1.7285 19.1168 -1.5476 0.7781
Car -1 -1 -1.7106 670.0035 177.3593 714.4529 210.8947 1.5879 1.6809 4.0826 4.0928 1.8309 36.7833 -1.6013 0.7569
Car -1 -1 -1.0543 0.0000 158.4099 415.6943 375.0000 1.6780 1.6790 4.1482 -3.2201 1.5966 6.1981 -1.5170 0.7185
Car -1 -1 -1.3976 492.5014 176.3073 558.9721 226.4646 1.6162 1.6544 4.1238 -2.9469 1.7494 25.6451 -1.5115 0.6923
Car -1 -1 -0.4170 835.6730 183.0658 951.8934 219.8838 1.4726 1.6711 4.2309 11.8242 1.9154 30.3158 -0.0491 0.6764
Car -1 -1 -2.2168 976.1917 199.5793 1242.0000 375.0000 1.4656 1.6668 4.3179 4.1269 1.7185 4.6171 -1.5197 0.6431
Car -1 -1 -1.8540 752.4819 183.7887 879.3081 269.2242 1.4926 1.5529 3.4023 4.0145 1.7428 14.7619 -1.5945 0.6121
Car -1 -1 -1.2533 339.2727 155.5009 520.6818 284.5927 1.9461 1.8226 4.5730 -3.0791 1.6849 13.2358 -1.4784 0.4913
Car -1 -1 -1.7812 709.4459 183.9293 799.6993 242.5746 1.4172 1.6124 4.1682 3.8978 1.7620 20.3316 -1.5953 0.4627
Car -1 -1 1.8895 305.4618 174.2147 363.6670 203.9880 1.5254 1.6799 4.3522 -14.9787 1.6041 39.3756 1.5280 0.3676
