Pedestrian -1 -1 2.0343 112.6030 155.2027 155.5570 230.9107 1.8496 0.5973 0.8004 -11.8171 1.2332 17.7009 1.4559 0.6008
Pedestrian -1 -1 2.2200 172.9415 155.1786 222.3110 229.5023 1.8137 0.6546 0.9107 -10.2494 1.1974 17.7439 1.7059 0.4939
Pedestrian -1 -1 2.0025 26.2381 150.0960 80.6580 234.9711 1.8634 0.6462 0.9121 -12.5312 1.1975 16.0337 1.3507 0.3965
Pedestrian -1 -1 2.3889 154.9644 157.7769 203.3833 231.0125 1.8164 0.6215 0.8673 -10.8903 1.2544 18.0347 1.8553 0.3586
Cyclist -1 -1 1.6377 370.4802 162.5439 401.2091 241.4315 1.7097 0.5460 1.8258 -5.0632 1.3222 16.2698 1.3434 0.6634
Cyclist -1 -1 -1.6857 452.2789 163.1564 486.3604 244.3871 1.7464 0.5516 1.9206 -3.1682 1.3751 16.1946 -1.8734 0.5267
Car -1 -1 -1.4392 504.7163 172.6939 573.3406 227.7724 1.5444 1.6228 3.5785 -1.9672 1.3271 21.6433 -1.5268 0.8838
Car -1 -1 -2.2614 1029.3853 183.0839 1154.2899 228.4656 1.4060 1.5290 3.5944 16.3309 1.5020 23.9754 -1.6681 0.8031
Car -1 -1 -2.1001 959.5663 180.3740 1067.3679 227.1359 1.4800 1.5880 3.5556 13.7974 1.4775 24.1615 -1.5853 0.7183
Car -1 -1 0.9197 1100.1935 183.0541 1224.0000 228.7966 1.4385 1.5919 3.9309 19.2397 1.5354 24.4242 1.5820 0.6985
Car -1 -1 -1.6026 602.8994 174.2839 634.7402 203.0804 1.4393 1.5549 3.6008 0.6736 1.1300 37.1433 -1.5829 0.6667
