Pedestrian -1 -1 -2.5909 372.9954 156.2814 453.5487 292.0182 1.8041 0.6139 0.8914 -2.6715 1.4490 9.8150 -2.8474 0.7744
Pedestrian -1 -1 -2.8009 297.7908 160.4062 413.0133 347.6707 1.7678 0.6125 0.9210 -2.4727 1.5549 6.9822 -3.1265 0.7482
Pedestrian -1 -1 1.5615 753.6184 150.9910 798.5070 277.2864 1.8303 0.6361 0.8677 2.5730 1.3663 10.7342 1.7913 0.5474
Pedestrian -1 -1 2.5702 492.1266 161.7407 543.3705 244.9820 1.7029 0.6551 0.8615 -1.8442 1.2672 14.9859 2.4518 0.5041
Pedestrian -1 -1 2.0768 474.9673 160.7293 517.0161 240.1009 1.8000 0.6397 0.8523 -2.5306 1.2939 16.5404 1.9294 0.3715
Pedestrian -1 -1 1.5385 523.2180 162.6041 544.6086 217.8815 1.8313 0.6920 0.8739 -2.3647 1.1534 23.8967 1.4427 0.2456
Car -1 -1 2.2667 0.0000 195.4589 166.3659 259.9535 1.3981 1.4994 3.4356 -12.9102 1.7409 17.7709 1.6484 0.8817
Car -1 -1 -1.6024 577.6873 179.0134 663.0249 257.7448 1.3911 1.5098 3.3676 0.2436 1.3202 14.1815 -1.5842 0.7772
Car -1 -1 2.0876 274.5230 180.9271 361.6519 217.7489 1.4756 1.6602 4.0954 -12.1769 1.3895 30.4738 1.7127 0.7129
Car -1 -1 -1.6488 572.7435 170.9701 628.5822 216.9333 1.4872 1.6434 4.1105 -0.1825 1.0958 24.9897 -1.6544 0.6174
Car -1 -1 1.0840 448.4464 169.1249 523.2846 211.0812 1.7830 1.6466 4.0682 -5.3984 1.1901 32.1605 0.9210 0.5195
Car -1 -1 -1.5666 544.1741 171.2327 567.6129 193.2242 1.5107 1.6083 3.8475 -3.3372 0.6962 50.5348 -1.6303 0.3970
Car -1 -1 -1.4925 613.9312 166.0092 642.5527 191.0966 1.5994 1.6094 3.7703 1.7285 0.5106 47.0396 -1.4542 0.1988
