Pedestrian -1 -1 -2.3248 417.6454 163.5025 465.4790 248.9624 1.8048 0.5892 0.8551 -3.7198 1.6077 15.7177 -2.5542 0.1699
Cyclist -1 -1 1.9667 556.7964 172.4872 577.2886 202.9245 1.7522 0.5434 1.8286 -2.5526 1.7314 42.4870 1.9066 0.1599
Car -1 -1 -1.9309 753.2078 188.6449 1025.2732 367.2179 1.4370 1.5187 3.3908 2.6662 1.6468 7.8372 -1.6158 0.9004
Car -1 -1 3.1617 0.0000 175.9256 369.5650 309.2547 1.4415 1.6582 4.3063 -5.6541 1.4904 9.6373 2.6427 0.8782
Car -1 -1 -1.7907 697.7959 179.4452 838.0513 277.6978 1.4583 1.5755 3.8154 2.5874 1.5941 12.8938 -1.5981 0.8587
Car -1 -1 -1.7161 662.4821 170.9109 751.9025 241.6117 1.6582 1.6904 4.2899 2.3911 1.6129 19.0837 -1.5942 0.8537
Car -1 -1 2.8791 226.3424 168.2759 457.9819 261.8711 1.7149 1.7625 4.2569 -5.5991 1.6314 15.1607 2.5304 0.5514
Car -1 -1 -1.6418 648.9167 177.7890 695.4564 217.6009 1.4552 1.5668 3.6565 2.3690 1.6642 28.6625 -1.5608 0.4017
Car -1 -1 2.7892 450.2957 177.6027 533.0106 209.4584 1.4402 1.5522 3.6059 -5.7098 1.6789 34.6473 2.6267 0.3776
Car -1 -1 -0.4281 416.0428 172.8690 529.1114 217.8441 1.6737 1.7157 4.0790 -5.4770 1.6747 28.7280 -0.6153 0.3503
Car -1 -1 0.3841 0.0000 195.1231 101.5152 375.0000 1.4581 1.6109 4.1477 -5.3125 1.6287 3.7588 -0.5371 0.2336
Car -1 -1 2.5857 484.7576 176.0012 556.2785 202.5038 1.4894 1.5980 3.9717 -5.3183 1.6849 42.8600 2.4625 0.2217
