Pedestrian -1 -1 0.7947 846.6548 166.0259 900.3836 254.3909 1.7090 0.5906 0.8327 5.3315 1.4307 14.1701 1.1488 0.8629
Pedestrian -1 -1 0.2382 432.3427 171.8932 458.7750 223.3851 1.6538 0.5530 0.7280 -5.2105 1.3789 22.9880 0.0200 0.4727
Pedestrian -1 -1 -1.4941 158.2281 161.2597 189.5904 234.0728 1.7477 0.6018 0.7195 -10.6529 1.2875 17.4219 -2.0329 0.2736
Pedestrian -1 -1 2.7033 109.8125 159.5841 153.6980 233.5141 1.7741 0.5892 0.7192 -11.6980 1.2738 17.4229 2.1223 0.2278
Pedestrian -1 -1 -2.5081 533.5588 165.1490 579.5435 239.4612 1.6897 0.6836 0.8335 -1.1735 1.3423 16.5838 -2.5756 0.1084
Cyclist -1 -1 -1.3689 558.6654 165.3874 590.2087 226.6672 1.7798 0.5746 1.9796 -0.9436 1.3425 21.5540 -1.4102 0.7872
Cyclist -1 -1 -1.2672 532.2108 161.4448 580.6752 243.2159 1.8135 0.5846 1.9464 -1.1553 1.3925 16.6905 -1.3333 0.7164
Car -1 -1 -2.2631 1119.7999 184.1540 1224.0000 217.5232 1.4141 1.6272 4.1735 26.0299 1.5945 32.5211 -1.5914 0.7331
Car -1 -1 1.0398 985.1972 182.5027 1074.4274 216.9417 1.4761 1.6467 4.1205 19.4434 1.5758 32.6031 1.5748 0.6017
Car -1 -1 -2.1141 928.5164 182.1275 1008.9603 215.5152 1.4204 1.5372 3.7189 16.4321 1.5003 32.1716 -1.6443 0.5797
Car -1 -1 -2.0009 875.8734 180.1084 946.9809 215.3647 1.5234 1.6256 3.5787 13.9178 1.5080 32.3566 -1.5967 0.4773
Car -1 -1 -1.5865 607.7967 175.8185 632.3229 199.0036 1.4299 1.5126 3.3579 0.9360 1.1425 45.2853 -1.5643 0.4114
