Car -1 -1 1.6991 484.3698 178.0813 553.0206 227.1887 1.4442 1.7020 4.3218 -2.9603 1.6330 23.8434 1.5763 0.8325
Car -1 -1 1.1330 832.6642 173.4367 918.8587 210.7539 1.4159 1.6711 4.1930 10.7444 1.4420 29.6075 1.4775 0.7708
Car -1 -1 -2.1722 980.1238 169.9262 1157.7476 237.2481 1.4611 1.6106 4.0779 10.9892 1.3979 17.7370 -1.6253 0.7256
Car -1 -1 0.8169 1160.3434 175.3421 1242.0000 281.9194 1.4001 1.5657 3.8653 10.9870 1.4468 11.5028 1.5663 0.5821
Car -1 -1 2.4533 0.0000 195.1618 247.8642 375.0000 1.4965 1.6063 3.6419 -3.1036 1.6323 2.5218 1.6159 0.5037
Car -1 -1 -2.0109 878.7388 169.5093 937.1141 198.5890 1.4874 1.5396 3.4859 15.8694 1.3167 38.6849 -1.6246 0.3602
Car -1 -1 1.8590 555.9813 172.9523 586.4048 192.2018 1.5819 1.5865 3.7385 -3.2859 1.5909 61.3165 1.8053 0.3401
Car -1 -1 1.0611 910.8250 169.3851 992.8008 204.9603 1.5639 1.6069 4.2055 15.8927 1.4117 33.8724 1.4961 0.3178
Car -1 -1 2.8176 807.7073 171.8728 904.4109 202.9594 1.4805 1.6417 4.1547 11.9058 1.4341 35.1830 3.1409 0.3139
Car -1 -1 0.9397 1035.6304 168.6429 1171.8309 218.2439 1.4548 1.5993 3.8684 15.6025 1.3316 23.1272 1.5270 0.1406
Car -1 -1 -2.0449 970.5234 169.7845 1065.0258 210.1955 1.4805 1.5517 4.0226 15.9134 1.3684 28.4662 -1.5399 0.1232
