Pedestrian -1 -1 -1.5857 789.2551 157.8902 826.0232 259.2295 1.7614 0.6177 0.9022 3.6123 1.3701 12.7988 -1.3153 0.5567
Pedestrian -1 -1 -2.0770 823.6442 158.1722 878.1642 259.9182 1.7577 0.5863 0.8359 4.3516 1.3736 12.6734 -1.7522 0.5456
Pedestrian -1 -1 0.9118 1142.6581 119.8178 1224.0000 295.5813 1.8591 0.6626 0.9949 6.7252 1.2189 7.9787 1.5944 0.4194
Pedestrian -1 -1 0.0679 1178.8593 115.5862 1224.0000 291.0828 1.9512 0.6365 0.9667 7.4479 1.2312 8.4216 0.7751 0.2756
Pedestrian -1 -1 1.7659 702.5912 165.5577 718.9655 206.1362 1.7846 0.5736 0.8333 4.7090 1.1289 31.5783 1.9142 0.1827
Pedestrian -1 -1 1.8420 717.5414 165.0810 736.5178 208.3979 1.8558 0.6552 0.6809 5.2871 1.1967 30.7347 2.0123 0.1793
Pedestrian -1 -1 1.3088 684.8466 166.2237 701.9478 206.4710 1.7742 0.5951 0.7014 3.9221 1.1463 31.5516 1.4330 0.1790
Car -1 -1 -1.6153 580.0569 179.9505 639.2426 231.8021 1.3955 1.5690 3.7781 0.0269 1.3823 20.9442 -1.6123 0.7906
Car -1 -1 -1.5678 644.0297 174.3131 671.2657 199.5125 1.4632 1.5794 3.7124 3.1990 1.1054 42.9634 -1.4923 0.5626
Car -1 -1 1.6344 520.8756 178.5398 546.0258 200.4249 1.4955 1.5399 3.6669 -5.0396 1.3629 50.1695 1.5365 0.2347
