Pedestrian -1 -1 1.0518 871.8015 146.2617 919.0081 228.3918 1.8277 0.6415 0.8874 6.6083 1.0674 16.2125 1.4339 0.7403
Pedestrian -1 -1 2.9412 375.0106 166.2396 417.5954 242.4518 1.7395 0.5938 0.8597 -4.9406 1.4156 16.5951 2.6589 0.5746
Pedestrian -1 -1 1.4373 804.5256 160.3067 822.8190 203.1736 1.8251 0.6454 0.8770 8.9997 0.9668 30.5804 1.7225 0.2790
Pedestrian -1 -1 1.4828 822.3531 158.4178 840.3337 203.0421 1.8838 0.6559 0.8973 9.6905 0.9531 30.3520 1.7905 0.1436
Pedestrian -1 -1 1.4617 815.2875 159.0132 831.7886 199.8593 1.8355 0.6275 0.8530 9.9441 0.8714 32.2459 1.7598 0.1160
Pedestrian -1 -1 1.3970 832.4120 158.7700 850.6079 200.3566 1.8573 0.6649 0.7142 10.6732 0.8883 31.9746 1.7179 0.1032
Cyclist -1 -1 -0.8027 334.0490 170.9678 394.1609 232.6386 1.6707 0.5285 1.7716 -6.8422 1.4140 20.0622 -1.1248 0.1148
Car -1 -1 -0.9457 91.9384 195.0280 353.6339 315.2210 1.3528 1.4984 3.5375 -5.3015 1.6040 10.2709 -1.4080 0.8906
Car -1 -1 -1.4539 563.5913 174.0411 588.8192 193.1653 1.4932 1.6035 3.7730 -2.2812 0.9901 57.1452 -1.4919 0.1806
Car -1 -1 -1.4463 532.5884 174.0074 557.5508 192.7429 1.4734 1.5630 3.7579 -4.8283 0.9641 57.5104 -1.5279 0.1050
