Car -1 -1 -1.8242 807.8467 182.8883 988.7482 306.2435 1.4271 1.5206 3.3940 3.8789 1.5964 10.3915 -1.4772 0.8986
Car -1 -1 -1.8394 764.1778 175.3349 904.4852 258.9763 1.4730 1.6324 4.2272 4.3925 1.5320 14.9522 -1.5598 0.8906
Car -1 -1 2.4635 106.6263 188.4730 213.6285 220.9134 1.3858 1.6169 4.4168 -21.9999 2.2042 35.4364 1.9111 0.7077
Car -1 -1 2.9037 388.9557 181.0522 456.6869 203.3224 1.4743 1.6904 4.3441 -13.2043 2.0724 50.8368 2.6505 0.6676
Car -1 -1 -1.7491 697.3241 176.4805 752.8228 213.4918 1.4656 1.6289 4.1312 4.8350 1.6325 31.0632 -1.5966 0.6490
Car -1 -1 -2.5298 561.6652 175.8871 618.1332 199.2911 1.5832 1.6400 3.7177 -1.4616 1.8049 50.9563 -2.5587 0.6062
Car -1 -1 2.4914 303.5340 183.9638 373.3420 207.9126 1.4086 1.6256 4.0621 -17.5029 2.1594 46.5840 2.1336 0.3780
Car -1 -1 2.4171 221.9945 182.9212 302.0458 212.3894 1.5339 1.6122 4.0728 -19.8387 2.1402 41.2407 1.9710 0.2974
Car -1 -1 -1.7409 605.2326 173.5983 630.4897 191.3338 1.5561 1.6273 4.0548 0.6624 1.6264 65.6154 -1.7312 0.1392
Car -1 -1 -0.5739 859.4984 166.1449 929.6351 188.7681 1.4800 1.6351 4.1594 19.0468 1.0414 48.4160 -0.2014 0.1244
Car -1 -1 2.4221 38.3369 188.0862 133.9370 220.0103 1.4316 1.5286 3.8356 -26.3139 2.2424 36.3432 1.7987 0.1043
