Car -1 -1 -1.8001 751.7118 189.8839 942.9897 332.6170 1.4535 1.5399 3.4828 2.8519 1.7212 9.5478 -1.5196 0.8844
Car -1 -1 1.7697 434.0907 194.6727 545.2053 277.7310 1.3842 1.5365 3.7204 -2.3968 1.8925 14.9055 1.6120 0.8833
Car -1 -1 -1.7297 696.3715 188.2498 768.2924 243.0808 1.3959 1.5170 3.3948 3.4321 1.8809 21.0166 -1.5710 0.8707
Car -1 -1 -1.6689 678.0195 184.6157 730.4177 227.2815 1.4443 1.5801 3.8837 3.4725 1.9244 27.4657 -1.5452 0.7599
Car -1 -1 2.1813 0.0000 213.8931 393.2654 375.0000 1.4109 1.5564 3.7152 -2.9050 1.7840 4.6392 1.6462 0.6699
Car -1 -1 1.7172 489.0724 192.7037 560.2311 251.5803 1.3925 1.4668 3.4215 -2.3262 1.9898 19.9636 1.6018 0.5631
Car -1 -1 2.3225 1131.4738 209.0954 1242.0000 300.5459 1.5132 1.5489 3.8491 12.2357 2.2484 13.6635 3.0411 0.3148
Car -1 -1 1.7360 514.4697 189.0618 574.7333 236.2840 1.4220 1.4947 3.5870 -2.2238 2.0218 24.8372 1.6468 0.3033
Car -1 -1 -1.6734 673.8456 182.5151 718.9643 218.6794 1.5123 1.6373 4.0948 3.8873 1.9864 33.3253 -1.5590 0.1550
Car -1 -1 1.6928 531.9276 188.4380 581.2523 227.0498 1.3987 1.5539 4.0495 -2.1841 2.0885 29.8574 1.6197 0.1141
