Pedestrian -1 -1 -0.5946 1082.4254 175.9496 1102.8406 208.7269 1.7394 0.6122 0.6825 25.8173 1.9069 38.6547 -0.0097 0.1102
Car -1 -1 2.0747 66.3411 187.9279 218.2111 252.2229 1.4197 1.6189 3.9029 -12.0666 1.8559 18.8613 1.5117 0.8886
Car -1 -1 -1.6043 684.2754 177.6115 764.1825 255.3452 1.6430 1.7096 4.2274 2.6521 1.7746 17.7125 -1.4590 0.8676
Car -1 -1 -0.9495 795.9783 182.3155 898.4736 223.7988 1.4153 1.6309 4.0757 8.9832 1.7986 27.3318 -0.6358 0.8339
Car -1 -1 2.4309 1114.2826 179.8497 1242.0000 218.3872 1.3819 1.6213 4.1149 21.4944 1.6539 27.1039 3.0957 0.4163
Car -1 -1 -1.5908 633.4905 181.3627 653.9705 199.7181 1.4129 1.5965 3.9551 2.7245 2.1372 59.3872 -1.5456 0.2737
Car -1 -1 -3.3189 724.4961 175.5373 818.8666 212.4405 1.6989 1.7667 4.1265 7.5881 1.8304 34.3146 -3.1037 0.2645
Car -1 -1 1.9292 346.9136 182.7126 387.3969 204.7335 1.4498 1.5388 3.6124 -17.1358 2.1717 50.9739 1.6062 0.2356
Car -1 -1 2.3400 987.4567 183.1484 1081.9507 214.0171 1.4423 1.6513 4.1447 21.1217 1.9753 35.9716 2.8669 0.2221
Car -1 -1 -1.3665 535.1192 179.9366 567.4445 201.7252 1.4743 1.5912 3.7923 -4.2271 2.0054 52.0868 -1.4475 0.1246
Car -1 -1 1.9396 399.8499 179.9301 435.7811 199.2012 1.4619 1.5581 3.7190 -15.4526 2.0509 58.0860 1.6804 0.1110
