Car -1 -1 -1.8303 738.9556 190.2289 961.4084 340.0397 1.4448 1.6026 4.2271 2.8065 1.7270 9.5750 -1.5548 0.9207
Car -1 -1 1.9869 126.8510 199.3125 440.5536 375.0000 1.4609 1.5772 3.6513 -3.1373 1.8108 7.6750 1.6097 0.9133
Car -1 -1 1.8200 448.6108 187.8706 532.2097 238.9514 1.4028 1.6407 4.3201 -3.7949 1.9354 23.3449 1.6599 0.9007
Car -1 -1 -1.5155 558.9183 186.9546 639.0406 263.7518 1.4429 1.5798 3.4534 -0.1999 1.7896 15.9579 -1.5290 0.8563
Car -1 -1 -1.6719 686.1208 186.4017 787.2662 270.1593 1.4433 1.6224 4.1996 2.4803 1.7706 15.2657 -1.5150 0.8509
Car -1 -1 -2.1470 913.0993 199.9477 1242.0000 375.0000 1.4591 1.5892 3.7755 2.9460 1.6682 3.6204 -1.5041 0.6345
Car -1 -1 3.2309 310.8318 187.2815 382.5218 216.3499 1.5011 1.5914 3.5766 -14.4645 2.3199 39.7010 2.8833 0.5740
Car -1 -1 1.8599 557.1101 182.7587 601.0831 210.4029 1.4820 1.5741 3.7048 -1.7882 2.0875 42.0925 1.8171 0.4432
Car -1 -1 3.3830 200.4883 191.8852 281.1924 222.1109 1.5111 1.5750 3.5824 -19.7822 2.5637 38.7198 2.9131 0.3201
Car -1 -1 3.2460 129.6244 190.1897 199.1090 213.1450 1.4379 1.5904 3.8763 -30.2781 2.6552 49.0942 2.6956 0.2912
Car -1 -1 -1.4727 587.2097 181.6635 643.4583 230.1604 1.5448 1.6473 3.6245 0.2116 1.8802 25.5554 -1.4653 0.2292
Car -1 -1 -1.3085 656.5982 184.7577 731.1640 234.8651 1.4093 1.5214 3.5016 2.7103 1.8223 23.1050 -1.1940 0.2108
