Car -1 -1 -1.6875 657.0116 179.9857 732.7939 239.1174 1.4422 1.5946 4.0946 2.2162 1.6620 20.1458 -1.5804 0.8884
Car -1 -1 -1.7257 685.2305 183.6041 801.7055 270.0608 1.4171 1.5864 4.2298 2.4554 1.6647 14.4729 -1.5620 0.8795
Car -1 -1 3.5348 120.7193 183.8905 374.1279 265.4202 1.4300 1.6498 4.0237 -6.8469 1.6567 13.8496 3.0828 0.8035
Car -1 -1 -1.7043 636.4794 179.2471 697.0102 225.5408 1.4590 1.5884 3.8523 1.8633 1.7006 25.2537 -1.6322 0.7810
Car -1 -1 0.5149 0.0000 198.5589 293.0854 351.9604 1.4025 1.6583 4.2990 -6.0931 1.7275 8.0323 -0.1184 0.7575
Car -1 -1 3.2948 332.2636 181.1126 454.3785 226.0135 1.4610 1.6288 3.8350 -7.4421 1.7589 24.9307 3.0071 0.7503
Car -1 -1 -2.2330 857.2709 194.9827 1242.0000 375.0000 1.4634 1.6206 4.0835 2.6686 1.6305 3.3673 -1.6055 0.6566
Car -1 -1 1.6769 512.0043 178.3011 550.8936 208.4112 1.4403 1.5922 3.8328 -4.0272 1.7354 37.1226 1.5691 0.6493
Car -1 -1 3.3632 351.9256 176.2127 470.8525 219.9294 1.6317 1.6923 4.1806 -7.6760 1.7668 28.0090 3.0977 0.5298
Car -1 -1 0.4014 244.1621 185.5984 439.1211 250.5306 1.3879 1.5973 3.9112 -6.1578 1.6987 16.6728 0.0522 0.4518
Car -1 -1 -1.7032 630.6066 179.3513 682.2014 218.4320 1.4465 1.5791 3.8524 1.7785 1.7289 29.3396 -1.6439 0.3447
Car -1 -1 -1.6067 622.9067 176.9435 658.7936 208.9682 1.4737 1.6166 4.0065 1.4394 1.6879 35.7196 -1.5673 0.3008
Car -1 -1 3.1519 413.6426 177.5730 498.4924 210.1184 1.5830 1.7013 4.1252 -7.8329 1.8314 36.6934 2.9426 0.2560
