Car -1 -1 2.0956 4.2578 208.7230 346.9256 375.0000 1.4047 1.5460 3.6460 -4.4708 1.8967 8.0412 1.6014 0.9100
Car -1 -1 1.9155 273.2708 197.7318 430.5146 298.8582 1.4747 1.5495 3.5936 -4.5868 1.9933 13.2184 1.5869 0.8784
Car -1 -1 -0.4183 729.3947 188.9225 881.6575 245.4960 1.4367 1.5554 3.7684 5.3247 1.9064 20.0024 -0.1627 0.7549
Car -1 -1 2.6529 774.3077 191.9602 980.8688 270.0425 1.4529 1.5684 3.7289 5.4369 1.8780 14.9875 2.9936 0.7211
Car -1 -1 -0.4026 672.1768 185.3577 799.2795 231.6531 1.4740 1.6671 3.9939 4.2708 1.9286 24.9365 -0.2357 0.7024
Car -1 -1 2.4498 966.0918 200.6869 1242.0000 371.9423 1.4665 1.6463 3.8817 5.9175 1.7850 7.3553 3.1069 0.6275
Car -1 -1 -0.6985 882.4426 196.1226 1214.3865 323.4926 1.4596 1.5892 3.7320 5.7900 1.8115 9.7856 -0.1785 0.6138
Car -1 -1 2.5807 790.7980 188.7097 1077.7894 290.2744 1.5139 1.6802 4.2262 5.3688 1.8097 12.2786 2.9831 0.5916
Car -1 -1 -0.4338 637.0696 186.7604 739.8893 226.0908 1.4858 1.6077 3.8814 3.1712 2.0840 29.6248 -0.3290 0.4957
Car -1 -1 2.5668 746.6361 189.8582 934.9056 257.5779 1.4511 1.6165 4.1372 5.5111 1.8948 17.4704 2.8666 0.4856
Car -1 -1 1.7231 410.9027 182.1915 471.2991 229.0226 1.6817 1.7132 4.3817 -6.7494 2.0872 29.0527 1.4962 0.4748
Car -1 -1 2.6839 593.9440 186.4248 664.0895 213.7157 1.4752 1.5589 3.7821 1.0768 2.2936 41.9920 2.7087 0.1964
Car -1 -1 1.3521 609.3669 188.3968 660.7667 221.6980 1.4247 1.6048 4.2462 1.1153 2.2313 35.1896 1.3828 0.1813
