Car -1 -1 1.8841 289.7870 194.3356 479.2564 324.1750 1.4774 1.5721 3.6105 -3.1460 1.8491 10.6416 1.6023 0.9192
Car -1 -1 -1.8220 725.6448 189.2872 924.9697 324.0122 1.4359 1.5956 4.1509 2.7249 1.7174 10.2692 -1.5710 0.9178
Car -1 -1 1.8176 467.2021 184.8369 543.2592 230.7510 1.4334 1.6896 4.3307 -3.7015 1.9017 25.9354 1.6765 0.8664
Car -1 -1 -1.6691 680.6636 185.2406 776.5451 265.3970 1.4609 1.6224 4.1922 2.4288 1.7715 15.9403 -1.5217 0.8251
Car -1 -1 -1.5875 557.3796 186.8544 641.6912 267.2205 1.4625 1.6121 3.5705 -0.3172 1.8004 15.5748 -1.6086 0.8123
Car -1 -1 -2.0540 867.2123 198.3697 1242.0000 375.0000 1.4442 1.5592 3.7175 2.8875 1.6702 4.4764 -1.5119 0.7040
Car -1 -1 0.0699 316.0850 187.5370 385.4201 215.7019 1.4798 1.5998 3.5544 -14.5126 2.3289 40.4581 -0.2728 0.4875
Car -1 -1 -1.5090 585.3027 179.6409 639.0992 228.7074 1.5724 1.6767 3.9869 0.1065 1.8340 25.7287 -1.5057 0.4139
Car -1 -1 3.2786 134.2903 191.3125 199.6181 213.8726 1.4331 1.5601 3.6501 -30.4457 2.7403 49.6391 2.7305 0.2963
Car -1 -1 1.8341 560.9123 181.5964 600.8290 207.3279 1.4636 1.5516 3.6671 -1.7778 2.0248 44.3286 1.7937 0.2393
Car -1 -1 -1.4160 644.9450 175.5817 676.3477 199.3060 1.5377 1.5975 3.6357 3.4558 1.7313 49.1614 -1.3467 0.1604
Car -1 -1 3.3127 209.1984 193.5390 287.5862 223.9231 1.5347 1.5700 3.6150 -19.7347 2.7023 39.4413 2.8512 0.1484
