Pedestrian -1 -1 1.2561 1054.2565 141.4560 1105.3099 230.0648 1.7920 0.6503 0.8675 9.7587 1.1574 15.0905 1.8210 0.4539
Car -1 -1 2.0971 88.1645 200.2323 341.9331 328.7968 1.4071 1.5401 3.7324 -5.5430 1.8825 10.6114 1.6253 0.8999
Car -1 -1 -0.3277 745.6335 173.8666 982.5725 247.6744 1.4471 1.6898 4.3384 5.1061 1.4697 15.0271 -0.0069 0.8976
Car -1 -1 -0.2810 698.7065 176.7464 846.7859 227.4768 1.4620 1.6539 4.0821 4.8237 1.5857 21.9016 -0.0677 0.7955
Car -1 -1 1.9018 358.3877 190.3725 461.6433 249.1608 1.3954 1.5679 4.0453 -5.5698 1.9422 20.4295 1.6383 0.7381
Car -1 -1 -0.3543 675.1896 176.8324 786.8041 218.5102 1.4846 1.6032 3.8094 4.4642 1.6406 27.0711 -0.1932 0.6200
Car -1 -1 3.0156 659.8163 176.6686 739.4106 205.4768 1.4705 1.6029 3.9697 4.6216 1.6753 37.8556 3.1357 0.5507
Car -1 -1 2.3341 0.0000 216.7082 149.0420 375.0000 1.4449 1.6226 4.0743 -5.3526 1.8769 5.0433 1.5453 0.5421
Car -1 -1 -0.6265 690.7785 175.3828 809.0357 222.4436 1.4962 1.5911 3.7431 4.7349 1.5881 24.6153 -0.4393 0.3950
Car -1 -1 -0.2829 640.6209 172.8871 712.3870 199.4065 1.6286 1.7011 4.2023 4.1451 1.6311 45.5498 -0.1931 0.2576
Car -1 -1 1.7925 489.9228 182.1196 528.6635 206.2371 1.4298 1.6120 4.0914 -6.4686 2.0543 46.4970 1.6546 0.2146
Car -1 -1 -3.6458 1076.7375 185.1192 1242.0000 375.0000 1.4483 1.5781 3.9397 4.0549 1.5191 2.5754 -2.6918 0.2011
Car -1 -1 2.6506 656.5157 175.8178 764.6952 215.4616 1.5514 1.6652 4.1573 4.1324 1.6810 29.9630 2.7857 0.1841
