Pedestrian -1 -1 1.4364 302.6574 161.7607 330.8629 231.1621 1.8065 0.5882 0.9028 -7.7628 1.3203 18.9370 1.0551 0.6839
Pedestrian -1 -1 1.2200 324.1855 160.9350 357.2537 228.5791 1.8292 0.5831 0.9221 -7.3873 1.3017 19.6551 0.8676 0.5594
Pedestrian -1 -1 -1.1169 495.6395 163.2039 528.0381 223.7681 1.7918 0.6369 0.9161 -2.8518 1.2817 21.4493 -1.2453 0.5559
Pedestrian -1 -1 -1.9813 688.7042 167.3846 715.7149 218.0968 1.7760 0.6451 0.9118 3.4424 1.3182 25.2828 -1.8460 0.5465
Pedestrian -1 -1 1.9194 422.2102 167.3708 445.4352 216.4731 1.7514 0.6030 0.7325 -6.2237 1.2846 25.6122 1.6856 0.3830
Pedestrian -1 -1 1.3653 377.9273 165.3321 398.2137 212.6377 1.7518 0.6035 0.6939 -8.1994 1.1917 26.6279 1.0717 0.2799
Pedestrian -1 -1 1.4296 415.1473 166.7634 433.8597 213.3616 1.7505 0.5884 0.8016 -6.9322 1.2360 27.0375 1.1832 0.2114
Cyclist -1 -1 -1.6196 550.0956 163.1297 575.5582 233.6263 1.7669 0.5771 1.9217 -1.1686 1.3331 18.7026 -1.6792 0.7051
Car -1 -1 -2.2692 1028.0441 182.8293 1154.7897 228.1435 1.4038 1.5278 3.6590 16.3242 1.4906 23.9928 -1.6764 0.8136
Car -1 -1 -2.0887 960.5721 181.9450 1066.0530 227.2823 1.4293 1.5677 3.5031 13.7901 1.4838 24.1507 -1.5741 0.7860
Car -1 -1 0.9641 1100.5741 182.8070 1224.0000 228.9107 1.4498 1.6073 3.9916 19.2485 1.5378 24.4693 1.6258 0.6903
Car -1 -1 -1.5673 602.6698 175.7201 633.1854 203.2836 1.3765 1.5244 3.5803 0.6724 1.1392 37.1120 -1.5477 0.6176
