Cyclist -1 -1 -1.6286 565.2052 172.1156 582.0833 217.3453 1.7682 0.5624 2.0167 -1.5267 1.7397 29.2384 -1.6809 0.5541
Car -1 -1 3.5187 194.7409 185.4235 290.7985 214.1499 1.5102 1.7112 4.4162 -20.2759 2.2241 39.9034 3.0510 0.8164
Car -1 -1 -3.1170 599.0525 172.9814 675.6500 200.4509 1.6320 1.7523 4.5644 1.6433 1.6403 43.8881 -3.0803 0.7157
Car -1 -1 2.8071 773.5655 167.0851 852.2740 196.5918 1.7406 1.7242 4.2417 12.1778 1.4007 43.5576 3.0776 0.5956
Car -1 -1 2.9642 692.2404 171.4009 767.0560 198.4997 1.6127 1.7321 4.2414 7.1935 1.5266 43.8369 3.1254 0.5064
Car -1 -1 -0.9058 584.6714 170.9876 637.6401 193.2345 1.5574 1.6465 4.1675 0.0981 1.4271 52.6544 -0.9043 0.1817
Car -1 -1 -1.1583 749.5696 167.7300 794.4346 189.4867 1.5106 1.6292 4.2018 11.7462 1.1552 52.2695 -0.9388 0.1734
Car -1 -1 -1.2331 666.1785 170.1615 706.2191 191.2555 1.4644 1.6137 4.1281 5.5375 1.2778 52.2973 -1.1285 0.1722
Car -1 -1 -3.4669 905.7928 167.2745 982.5521 192.2822 1.4519 1.6078 3.8244 19.7763 1.1283 42.8852 -3.0376 0.1331
Car -1 -1 1.4637 1200.0952 161.2044 1242.0000 186.2903 1.4633 1.5600 3.6392 37.2057 0.7841 44.0316 2.1618 0.1085
Car -1 -1 2.1693 1151.3683 175.1258 1242.0000 211.5547 1.4289 1.5539 4.0321 24.5875 1.5271 29.7788 2.8543 0.1020
