Car -1 -1 -1.7747 729.2661 182.8286 882.4448 293.7762 1.4249 1.5361 3.7448 2.8687 1.6105 11.5021 -1.5374 0.8683
Car -1 -1 -1.9918 822.7084 183.9543 1242.0000 375.0000 1.4803 1.6263 4.1852 3.2094 1.6114 6.3804 -1.5453 0.8680
Car -1 -1 3.5110 128.4716 182.4961 466.1357 295.0200 1.5249 1.7267 4.3228 -4.5384 1.6822 10.8352 3.1223 0.7826
Car -1 -1 -1.8166 698.9796 181.4974 801.8294 252.8722 1.4569 1.5290 3.4739 3.1279 1.6816 16.9421 -1.6380 0.7742
Car -1 -1 -1.6981 673.1072 182.5578 739.4781 235.4182 1.4196 1.5236 3.5080 2.7793 1.7364 21.7753 -1.5736 0.7417
Car -1 -1 3.3790 294.4233 182.2086 484.0806 255.0241 1.4709 1.5781 3.6702 -4.7329 1.6860 15.6822 3.0898 0.6426
Car -1 -1 -2.8304 350.8622 172.2799 521.4254 244.8477 1.7370 1.6893 3.8650 -4.3682 1.7236 18.2624 -3.0626 0.4472
Car -1 -1 3.7024 0.0000 166.6744 374.8647 375.0000 1.6721 1.7133 4.0771 -4.3846 1.6273 6.1949 3.1061 0.4206
Car -1 -1 0.2083 231.5076 181.9437 464.1324 271.3155 1.4820 1.5830 3.7433 -4.6817 1.6615 13.1927 -0.1271 0.3924
Car -1 -1 -1.6673 660.3009 175.6561 704.1802 214.7127 1.6148 1.5830 3.4486 3.0916 1.7454 31.8030 -1.5719 0.3625
Car -1 -1 -1.8694 660.9216 180.0412 730.9025 224.7499 1.5078 1.5559 3.6824 3.0807 1.7957 26.9130 -1.7574 0.1920
Car -1 -1 1.3671 649.9372 179.2868 692.2146 207.3279 1.4095 1.5230 3.8744 3.2295 1.7774 39.2068 1.4482 0.1729
Car -1 -1 3.1921 503.7337 174.6320 570.2536 203.0336 1.7155 1.7148 4.0155 -4.5072 1.8283 44.6569 3.0916 0.1664
