Pedestrian -1 -1 -3.2894 725.8911 176.1406 774.4341 271.7590 1.6223 0.6824 0.7347 2.3874 1.6818 12.6169 -3.1078 0.2923
Cyclist -1 -1 -1.9827 718.4804 175.0984 788.6599 279.9679 1.7378 0.5418 1.7958 2.4818 1.7813 12.9300 -1.7985 0.3099
Car -1 -1 -2.0669 880.7484 198.3917 1242.0000 375.0000 1.4160 1.5254 3.5278 4.0293 1.7299 7.0905 -1.5691 0.8468
Car -1 -1 -1.3845 479.8921 177.0056 553.7525 234.0857 1.6602 1.6446 4.0227 -2.9599 1.8067 23.3407 -1.5099 0.8033
Car -1 -1 -1.3937 433.2368 185.3008 525.0859 254.9833 1.3995 1.5008 3.5413 -3.0012 1.7220 16.8954 -1.5676 0.7753
Car -1 -1 -1.7680 670.2546 178.9322 722.8463 215.1897 1.5893 1.6852 4.2117 4.0285 1.8988 34.5210 -1.6534 0.7679
Car -1 -1 -1.8520 785.2043 188.6272 941.2206 291.1790 1.4437 1.5557 3.5188 4.1378 1.7561 12.4859 -1.5402 0.6028
Car -1 -1 -0.8467 0.0000 142.5331 342.4600 375.0000 1.6667 1.6575 4.0506 -3.1725 1.5927 3.8414 -1.5040 0.5662
Car -1 -1 -1.2028 262.7652 147.8534 504.7366 317.3860 1.9886 1.8232 4.6027 -3.0835 1.6957 10.8392 -1.4746 0.5515
Car -1 -1 -1.4366 510.3529 182.3564 563.0211 220.7303 1.4425 1.6483 4.2305 -3.0466 1.8705 30.3241 -1.5365 0.5135
Car -1 -1 2.1425 132.2236 176.8861 250.5999 224.5720 1.5753 1.6877 4.2611 -15.1749 1.7352 26.3739 1.6245 0.4562
Car -1 -1 2.0222 224.6293 175.3626 304.0895 213.3429 1.5557 1.6175 3.8685 -15.1453 1.6732 31.7506 1.5801 0.4432
Car -1 -1 -1.7828 722.3132 184.3052 827.7889 253.8890 1.4680 1.6568 4.2373 3.9232 1.7883 18.0376 -1.5730 0.4381
Car -1 -1 2.6266 855.8613 183.6211 981.4126 224.5295 1.5060 1.7077 4.2285 11.9836 1.9441 28.2341 3.0236 0.4249
