Pedestrian -1 -1 1.7568 727.3633 168.6283 774.6441 279.4536 1.6868 0.5940 0.8841 2.2048 1.6229 11.4990 1.9403 0.7361
Pedestrian -1 -1 -1.1768 768.4474 168.4431 827.8553 285.2295 1.6895 0.5860 0.8851 2.8144 1.6260 10.9654 -0.9332 0.6998
Pedestrian -1 -1 2.1194 990.6624 146.3758 1097.2267 318.6671 1.8416 0.6560 0.9428 4.8884 1.5589 8.2240 2.6392 0.5181
Pedestrian -1 -1 1.4677 849.5483 162.1394 881.0431 246.9882 1.7410 0.5467 0.7318 5.3265 1.5215 15.2200 1.7976 0.4921
Pedestrian -1 -1 1.9705 1078.6230 145.2847 1178.9799 329.6074 1.7773 0.5664 0.8493 5.2829 1.5118 7.4224 2.5698 0.4448
Pedestrian -1 -1 -0.1223 719.8594 168.4359 764.5894 259.1869 1.6946 0.5201 0.7769 2.4601 1.6125 13.7498 0.0500 0.4415
Pedestrian -1 -1 -1.5947 806.9498 160.9094 837.0703 249.8448 1.8263 0.5846 0.8173 4.4310 1.5814 15.2827 -1.3185 0.4284
Pedestrian -1 -1 1.2573 1052.7678 143.9376 1133.7080 292.0254 1.8221 0.5960 0.9569 6.2220 1.4667 9.4133 1.8264 0.3929
Pedestrian -1 -1 0.2985 1126.2506 141.0623 1242.0000 305.4597 1.8228 0.5913 0.9664 6.7533 1.4706 8.5624 0.9491 0.3381
Pedestrian -1 -1 0.2445 1093.5358 142.5730 1209.8063 317.7311 1.8335 0.5969 0.9358 6.0146 1.5168 8.0996 0.8652 0.1809
Pedestrian -1 -1 1.5298 825.4019 159.6735 853.3799 242.9075 1.8284 0.5660 0.7030 5.1122 1.5393 16.2596 1.8285 0.1701
Pedestrian -1 -1 1.3349 1118.9835 145.0656 1242.0000 375.0000 1.7488 0.6482 0.5082 4.2374 1.5534 5.4406 1.9699 0.1517
Pedestrian -1 -1 1.9400 767.3548 163.0488 801.1279 246.2394 1.7778 0.5268 0.6444 3.7764 1.5687 15.8316 2.1692 0.1201
Cyclist -1 -1 -1.5083 645.9615 169.4307 661.3340 212.1515 1.7592 0.5428 1.8481 1.8231 1.6186 30.6589 -1.4501 0.3438
Car -1 -1 1.9438 269.4611 180.0434 427.4927 272.6969 1.4891 1.5626 3.6672 -4.8377 1.6451 13.7464 1.6108 0.8086
Car -1 -1 -1.0319 0.0000 172.7037 324.8248 355.7994 1.6436 1.6670 4.0659 -5.0823 1.6426 8.5188 -1.5566 0.7939
Car -1 -1 0.1432 630.5923 186.1393 899.9052 297.1889 1.4721 1.6132 3.8843 2.3672 1.7068 11.3128 0.3430 0.1000
