Pedestrian -1 -1 1.1205 741.7993 158.9655 797.6660 269.6517 1.7455 0.5765 0.8513 2.6506 1.4076 11.6253 1.3405 0.7935
Pedestrian -1 -1 -0.9440 668.9371 163.0949 718.3423 250.9183 1.7029 0.5666 0.9030 1.7472 1.3670 14.2282 -0.8227 0.7905
Pedestrian -1 -1 1.1470 710.4480 156.7473 770.2173 276.0587 1.7810 0.6198 0.8421 2.0525 1.4281 11.0329 1.3276 0.7580
Pedestrian -1 -1 1.5413 483.1620 162.3690 508.0359 234.0582 1.8166 0.6152 0.8624 -2.8895 1.3588 18.3912 1.3898 0.7169
Pedestrian -1 -1 1.9290 524.9737 162.5836 560.4990 233.4910 1.8162 0.6423 0.9463 -1.6695 1.3589 18.6469 1.8430 0.6697
Pedestrian -1 -1 -1.1649 371.0267 158.9724 423.5618 264.8115 1.7898 0.6162 0.7978 -3.6713 1.4274 12.3865 -1.4442 0.6679
Pedestrian -1 -1 2.2277 491.4597 162.0728 535.1734 236.3306 1.7966 0.6144 0.9783 -2.3222 1.3523 17.6783 2.1012 0.6037
Pedestrian -1 -1 0.9132 868.9398 153.5294 957.7561 305.4876 1.7043 0.5731 0.8311 3.5958 1.4035 8.4009 1.3059 0.5513
Pedestrian -1 -1 -1.6735 430.7139 160.9170 463.0228 250.5172 1.7649 0.5670 0.7703 -3.2646 1.3808 14.3768 -1.8902 0.4683
Car -1 -1 0.3511 590.8555 179.5928 819.4231 258.9015 1.3923 1.5909 4.2232 1.9096 1.3780 14.0950 0.4846 0.1196
