Pedestrian -1 -1 -0.4983 518.6159 165.2296 554.2083 222.0161 1.7877 0.6199 0.9626 -2.2408 1.3085 22.7796 -0.5933 0.5421
Pedestrian -1 -1 -0.0279 567.0552 166.7674 595.4984 220.6573 1.7064 0.6161 0.8964 -0.7990 1.2731 22.7179 -0.0608 0.4626
Pedestrian -1 -1 1.5844 375.8970 162.8569 394.6821 212.4182 1.9007 0.6868 0.8532 -8.6009 1.2256 27.6162 1.2875 0.3835
Pedestrian -1 -1 -3.0075 530.6342 164.0859 573.2513 246.4771 1.7035 0.5987 0.8256 -1.1541 1.3658 14.9377 -3.0812 0.3790
Pedestrian -1 -1 -0.7864 95.1808 158.9002 155.8130 253.3279 1.7334 0.6046 0.7402 -9.1191 1.3386 13.3972 -1.3711 0.3699
Pedestrian -1 -1 -0.1290 474.2687 164.6732 519.3691 248.0935 1.7025 0.6207 0.8640 -2.3186 1.3811 14.8424 -0.2789 0.2839
Pedestrian -1 -1 -1.9309 141.8504 162.3204 191.1536 255.8983 1.7092 0.6222 0.6021 -8.3175 1.3788 13.3401 -2.4759 0.1512
Cyclist -1 -1 -0.9774 0.0000 107.8271 335.4984 370.0000 1.7889 0.5269 1.8231 -2.1700 1.5027 3.7302 -1.4668 0.6714
Cyclist -1 -1 -1.5250 479.2229 162.6503 511.0012 252.5206 1.7716 0.5719 1.8854 -2.3360 1.4214 14.9007 -1.6755 0.3323
Cyclist -1 -1 -1.5202 535.2790 163.0098 566.7809 250.8420 1.7431 0.5714 1.8218 -1.1617 1.3976 14.9443 -1.5943 0.2239
Car -1 -1 0.8922 1117.6492 184.3529 1224.0000 218.0327 1.4287 1.6578 4.2521 26.0139 1.6194 32.6076 1.5623 0.6709
Car -1 -1 1.0226 982.8323 182.9458 1073.3262 217.0942 1.4606 1.6429 4.1448 19.3715 1.5821 32.6191 1.5558 0.5625
Car -1 -1 -2.1716 927.3043 182.7416 1011.0983 215.9227 1.4040 1.5538 3.6890 16.4177 1.5134 32.1029 -1.7013 0.5615
Car -1 -1 -1.6037 607.6644 176.0091 633.0187 199.2893 1.4374 1.5138 3.3948 0.9524 1.1615 45.3559 -1.5811 0.4087
Car -1 -1 -1.9828 875.9530 180.5236 946.3820 215.4486 1.5060 1.6113 3.6474 13.8868 1.5086 32.3162 -1.5790 0.3607
Car -1 -1 -1.0018 95.6893 164.8485 288.1578 251.2363 1.6158 1.6651 3.9623 -8.6902 1.3247 15.2488 -1.5089 0.1783
Car -1 -1 2.6868 0.0000 177.0762 355.7698 370.0000 1.5544 1.6358 3.6853 -3.0741 1.5511 3.0588 1.9510 0.1451
