Pedestrian -1 -1 -1.4112 546.8801 160.7355 578.4686 234.2996 1.7906 0.6436 0.9766 -1.0885 1.3111 17.7231 -1.4696 0.8051
Pedestrian -1 -1 -1.5714 714.0518 168.9841 734.5655 223.6018 1.6581 0.6154 0.8782 3.6691 1.3100 21.9432 -1.4064 0.7144
Pedestrian -1 -1 0.7933 378.9345 159.1529 427.2793 236.9509 1.8178 0.5537 1.0348 -4.8983 1.3206 17.0132 0.5198 0.6667
Pedestrian -1 -1 -1.9155 333.3186 158.7289 373.7486 241.8388 1.8143 0.5665 0.9829 -5.7343 1.3407 15.9902 -2.2517 0.6200
Pedestrian -1 -1 -2.1917 362.6051 161.5011 406.3133 242.0683 1.8000 0.5281 0.9172 -5.1210 1.3772 16.2800 -2.4891 0.2233
Pedestrian -1 -1 0.7846 371.1607 159.3898 414.3080 231.6203 1.8097 0.5240 0.9805 -5.4946 1.2824 18.1743 0.4977 0.1458
Cyclist -1 -1 -1.2160 425.0329 150.9576 527.1732 321.1770 1.8331 0.5732 1.9404 -1.5557 1.5166 8.6153 -1.3866 0.8092
Car -1 -1 -2.2423 1029.5155 182.7970 1155.2906 228.2135 1.4085 1.5288 3.6943 16.3706 1.4942 24.0153 -1.6486 0.8283
Car -1 -1 0.9485 1100.4492 183.0697 1224.0000 229.1196 1.4470 1.6087 3.9687 19.2478 1.5447 24.4513 1.6105 0.7203
Car -1 -1 -2.1114 958.2418 180.7489 1066.7576 227.1892 1.4668 1.5763 3.5674 13.7571 1.4774 24.1499 -1.5977 0.7183
Car -1 -1 -1.5671 602.5600 174.0180 634.2524 203.0806 1.4518 1.5837 3.7106 0.6998 1.1294 37.1883 -1.5467 0.6992
Car -1 -1 -1.7688 549.5056 171.7016 580.4600 191.8849 1.4882 1.6091 4.0502 -3.1014 0.8407 54.2902 -1.8238 0.1390
