Pedestrian -1 -1 2.1614 976.5564 147.4184 1043.5645 260.8505 1.8379 0.6276 0.8475 6.6899 1.4261 12.1641 2.6534 0.6978
Pedestrian -1 -1 2.6001 936.8414 148.7378 1018.0074 267.4783 1.8136 0.6427 0.9434 5.7269 1.4456 11.3783 3.0554 0.6749
Pedestrian -1 -1 2.2171 1037.8356 149.7105 1110.1096 267.0436 1.7281 0.5638 0.8045 7.0367 1.3876 11.0320 2.7723 0.4117
Pedestrian -1 -1 -1.0300 1095.1598 148.1645 1167.4933 256.4507 1.7197 0.6260 0.8506 8.5528 1.3280 11.9152 -0.4194 0.2928
Pedestrian -1 -1 2.5952 822.1393 158.7128 847.9826 204.9151 1.9326 0.6548 0.8254 9.4997 1.3414 30.5972 2.8931 0.1603
Pedestrian -1 -1 2.2248 1080.1855 149.5508 1143.4424 255.6209 1.8084 0.5527 0.7868 8.7666 1.4115 12.6860 2.8182 0.1565
Pedestrian -1 -1 2.3729 346.7152 176.2704 367.5739 212.1790 1.6940 0.6021 0.7306 -12.1569 1.8603 34.5850 2.0369 0.1402
Pedestrian -1 -1 -2.8562 726.3497 166.8727 754.0749 216.0726 1.7297 0.6274 0.8357 4.6198 1.5198 25.8305 -2.6818 0.1237
Cyclist -1 -1 1.7818 524.5561 172.9115 543.9910 210.8799 1.7724 0.5488 1.8792 -3.6628 1.7755 34.6446 1.6767 0.3092
Cyclist -1 -1 -1.2536 748.6534 168.5558 770.2426 204.4265 1.7779 0.5294 1.8512 7.5736 1.5652 36.6950 -1.0521 0.2348
Cyclist -1 -1 -1.1681 722.8328 166.0305 758.6805 217.2707 1.7743 0.5738 1.9048 4.6727 1.5384 25.9370 -0.9924 0.1798
