Pedestrian -1 -1 -0.7319 301.0913 166.2198 366.9268 273.0432 1.7223 0.5977 0.8547 -4.6888 1.6157 12.1474 -1.0936 0.7189
Pedestrian -1 -1 -1.0447 357.3928 160.6372 417.3526 272.3026 1.7924 0.6035 0.8684 -3.7629 1.5967 12.0705 -1.3415 0.7095
Pedestrian -1 -1 0.1873 180.8706 155.6209 259.7191 295.2334 1.7444 0.6315 0.8000 -5.1271 1.5295 9.4324 -0.2993 0.5211
Car -1 -1 -1.9302 739.3784 182.6457 993.8248 329.7975 1.4411 1.6138 4.2233 2.9677 1.5999 9.5119 -1.6377 0.9160
Car -1 -1 -1.7371 663.4869 178.6813 717.2314 216.6614 1.4303 1.5783 3.7453 3.1957 1.6858 29.6752 -1.6315 0.8508
Car -1 -1 -1.5448 580.6634 177.0367 607.4608 202.1400 1.5019 1.6022 3.6973 -1.0058 1.7776 45.6355 -1.5671 0.5954
Car -1 -1 -2.2324 931.7257 189.3279 1242.0000 375.0000 1.4543 1.5981 3.8296 2.9054 1.5699 3.0953 -1.5256 0.5735
Car -1 -1 -1.7255 640.1776 176.5255 679.3705 205.2263 1.5074 1.6159 3.7376 2.6978 1.7228 40.3212 -1.6597 0.2944
Car -1 -1 1.4212 646.0499 177.0431 689.0334 209.8851 1.4858 1.5467 3.5655 2.6971 1.6997 34.9426 1.4971 0.1350
Car -1 -1 2.1555 161.4094 190.0016 283.1431 240.5143 1.4677 1.6364 4.0994 -13.0585 2.1013 24.5224 1.6703 0.1071
Car -1 -1 -1.5347 634.6785 177.4827 660.1514 199.8293 1.4771 1.6451 4.0990 2.6340 1.8161 50.6795 -1.4836 0.1011
