Car -1 -1 -1.9463 781.8087 187.6154 1158.8978 375.0000 1.4503 1.5774 3.7333 2.7405 1.6234 6.5741 -1.5684 0.8006
Car -1 -1 1.1006 397.3259 182.1802 533.1094 245.9322 1.4173 1.6831 4.3477 -3.9542 1.6909 18.9127 0.8966 0.5849
Car -1 -1 0.7934 474.7255 179.0653 569.3379 214.8383 1.4163 1.5943 4.1528 -3.8815 1.7012 31.1423 0.6700 0.4411
Car -1 -1 1.2535 11.8772 180.7544 358.8317 375.0000 1.4254 1.6913 4.5366 -4.6046 1.5298 7.3838 0.7115 0.4352
Car -1 -1 2.1547 119.8873 187.7057 269.2433 251.4147 1.4484 1.5738 3.8578 -10.9722 1.8870 19.3061 1.6434 0.3906
Car -1 -1 1.9381 325.0904 183.3580 390.4608 221.3066 1.5035 1.5387 3.4355 -10.9034 1.9848 31.2912 1.6050 0.3883
Car -1 -1 2.4997 0.0000 0.0000 1242.0000 375.0000 1.5023 1.6227 3.8233 -2.5988 1.6448 1.5362 1.5385 0.3840
Car -1 -1 -2.3710 504.3800 178.9006 579.7767 208.8886 1.4351 1.5837 3.8343 -3.5579 1.7614 37.0759 -2.4665 0.3561
Car -1 -1 -2.1018 640.9855 176.1986 777.4424 248.3345 1.5130 1.6253 3.5632 2.2016 1.6025 17.2703 -1.9781 0.3374
Car -1 -1 -1.5741 654.4260 175.8520 682.4578 202.4798 1.5016 1.5945 3.6837 3.4381 1.6886 43.0109 -1.4954 0.3282
Car -1 -1 0.6613 0.0000 0.0000 1242.0000 375.0000 1.4780 1.5773 3.6893 2.6716 1.6564 1.5471 1.6267 0.3066
Car -1 -1 1.8776 408.2993 180.2119 453.4363 206.5963 1.4605 1.5587 3.6938 -10.6257 1.9175 42.8873 1.6358 0.2193
