Pedestrian -1 -1 1.9402 298.5597 164.5779 340.0492 241.3750 1.8816 0.6664 0.9577 -7.3517 1.6792 18.1583 1.5602 0.4935
Car -1 -1 -3.1837 588.2693 173.7482 819.3291 262.1133 1.5599 1.6849 4.1059 1.6648 1.5785 13.7481 -3.0668 0.8762
Car -1 -1 -3.5765 933.9722 167.8839 1162.4871 238.3031 1.5299 1.6931 4.2066 9.9378 1.4223 16.7123 -3.0483 0.8679
Car -1 -1 -0.9224 587.3735 172.9324 686.8384 216.4034 1.4932 1.6209 3.9869 1.0361 1.4967 26.8448 -0.8849 0.6447
Car -1 -1 -3.2062 705.9843 166.4255 900.2886 239.4782 1.6354 1.7443 4.3168 4.4846 1.4918 17.3998 -2.9588 0.6140
Car -1 -1 -2.6659 253.4164 180.7244 379.2593 226.5785 1.5093 1.6775 3.6991 -10.2031 1.7945 25.0994 -3.0487 0.3867
Car -1 -1 -1.1539 935.4400 162.4081 1027.9470 206.0104 1.4586 1.5607 3.8163 13.3608 1.1095 25.9442 -0.6832 0.3721
Car -1 -1 2.3417 1155.9465 165.1670 1242.0000 233.1374 1.4321 1.5921 4.0505 14.7301 1.2705 16.1335 3.0723 0.2821
Car -1 -1 -1.0188 663.2258 168.3356 762.1161 215.6993 1.5995 1.6793 4.1365 3.7988 1.4473 26.4925 -0.8785 0.2675
Car -1 -1 -1.2426 834.9540 162.5535 923.4272 211.0817 1.5609 1.6634 4.1933 9.4849 1.2300 25.3580 -0.8888 0.2349
