Cyclist -1 -1 1.8650 298.2625 161.4196 410.0211 354.6884 1.7316 0.5476 1.8566 -2.6074 1.6295 7.3991 1.5361 0.7720
Car -1 -1 -0.3622 331.8085 182.4896 502.4771 246.4715 1.4449 1.6306 3.9400 -4.9757 1.7184 18.6446 -0.6201 0.7298
Car -1 -1 -2.1347 863.4105 199.4538 1242.0000 375.0000 1.4583 1.5562 3.6540 2.7297 1.6710 3.9236 -1.5627 0.6579
Car -1 -1 2.7634 382.7870 180.8554 520.1483 229.0908 1.4606 1.6336 4.2172 -5.3407 1.7512 24.3164 2.5489 0.6218
Car -1 -1 0.1007 0.0000 185.6323 255.6448 375.0000 1.4609 1.6116 3.7996 -5.6835 1.6149 6.9756 -0.5646 0.5131
Car -1 -1 3.0393 11.7811 190.8391 348.3775 320.4212 1.3786 1.5468 3.7115 -5.7500 1.6672 9.8545 2.5223 0.4776
Car -1 -1 -1.6652 648.8560 172.4087 710.6314 226.5426 1.8224 1.8169 4.4444 2.4245 1.8077 26.5136 -1.5757 0.4638
Car -1 -1 1.4490 671.7863 187.8443 752.2786 251.9670 1.4465 1.6044 4.0022 2.5581 1.8879 19.2193 1.5783 0.3221
Car -1 -1 1.5499 615.6453 180.3339 640.2983 203.9485 1.4784 1.5599 3.7077 1.1386 1.9978 48.2018 1.5728 0.2644
Car -1 -1 3.4361 0.0000 198.5543 147.2484 375.0000 1.4618 1.5559 3.6548 -5.1268 1.6781 4.4637 2.6113 0.2435
Car -1 -1 -0.3290 344.2323 178.7395 507.6500 238.5981 1.5578 1.6981 4.2984 -5.3599 1.7451 21.0282 -0.5761 0.1967
Car -1 -1 2.7247 445.1075 181.0245 536.6141 217.0990 1.5263 1.6115 3.8060 -5.4690 1.9201 33.0206 2.5613 0.1942
Car -1 -1 2.6739 464.3400 178.7513 534.6058 206.1278 1.5587 1.5902 3.9022 -6.6925 1.9301 43.6246 2.5221 0.1833
