Pedestrian -1 -1 1.6725 369.1442 149.7272 435.0941 315.1414 1.8923 0.6683 1.0202 -2.5045 1.5420 8.6426 1.4018 0.9307
Pedestrian -1 -1 0.1176 652.3275 160.0085 697.6608 241.7596 1.7438 0.5666 0.9277 1.4955 1.3083 15.4521 0.2139 0.7710
Pedestrian -1 -1 0.2780 651.7270 156.9119 697.9481 234.5881 1.8659 0.5931 1.0118 1.6883 1.3009 17.4406 0.3746 0.7048
Pedestrian -1 -1 1.7336 154.9371 152.8338 233.6378 327.9010 1.7321 0.5974 0.7190 -4.3452 1.4601 7.4300 1.2247 0.6990
Pedestrian -1 -1 1.5630 308.7665 150.5689 364.1220 314.3507 1.8397 0.5891 0.8976 -3.2607 1.5052 8.4609 1.2094 0.6251
Pedestrian -1 -1 2.1483 584.1387 163.9702 605.2645 205.4118 1.7627 0.6321 0.7013 -0.4637 1.0611 30.5348 2.1351 0.2445
Pedestrian -1 -1 2.6749 451.3890 160.9072 478.1176 208.8267 1.9024 0.6705 0.8503 -5.6955 1.1261 28.5908 2.4822 0.2200
Pedestrian -1 -1 2.0452 556.6490 163.9626 580.3143 205.7218 1.7543 0.7094 0.8302 -1.5785 1.0611 30.2227 1.9953 0.2117
Pedestrian -1 -1 2.1123 474.2075 163.2225 499.6342 209.1021 1.7627 0.6398 0.8399 -4.6412 1.1004 27.6687 1.9498 0.2029
Pedestrian -1 -1 1.0597 555.4288 161.9344 576.7776 203.8534 1.8413 0.6666 0.7566 -1.7575 1.0273 31.5502 1.0064 0.2028
