Car -1 -1 -1.7416 691.8506 178.6044 789.6357 250.4828 1.5162 1.6291 4.0137 2.9957 1.6724 17.5499 -1.5762 0.8964
Car -1 -1 1.8580 253.2368 185.6971 458.0431 315.0867 1.5111 1.7021 4.3467 -3.6393 1.7473 11.0533 1.5461 0.8040
Car -1 -1 -1.6509 657.8325 180.1856 707.7078 220.3929 1.4444 1.6240 4.2213 2.7906 1.7591 28.8132 -1.5560 0.7966
Car -1 -1 2.1280 0.0000 196.6362 371.9211 375.0000 1.4390 1.6644 4.2791 -3.6085 1.7065 5.9378 1.6008 0.7732
Car -1 -1 1.8394 381.0516 188.7341 500.7931 267.7737 1.4308 1.5478 3.9250 -3.6074 1.8242 15.8586 1.6185 0.7118
Car -1 -1 1.7527 444.6009 185.3231 525.0994 242.0868 1.4497 1.6139 4.1812 -3.6517 1.8571 21.4499 1.5854 0.4681
Car -1 -1 1.4734 523.4154 182.5957 559.1720 210.9482 1.4181 1.5576 4.1277 -3.8679 1.9846 39.7559 1.3766 0.4336
Car -1 -1 1.7287 481.8762 184.0003 540.3002 228.6602 1.4784 1.5571 3.8739 -3.6418 1.9232 26.8129 1.5943 0.3602
Car -1 -1 1.8731 547.6332 180.6678 583.2107 201.3004 1.4574 1.5733 4.0044 -3.3634 2.0733 54.7097 1.8116 0.2078
Car -1 -1 -1.5774 632.7260 177.7269 652.0200 195.8252 1.4537 1.5762 3.7254 2.6919 1.8779 60.8631 -1.5339 0.1926
