Pedestrian -1 -1 0.9407 557.1691 153.6935 623.8875 272.5532 1.8706 0.6524 0.9787 -0.2940 1.4504 11.7094 0.9181 0.8766
Pedestrian -1 -1 -2.2709 478.8111 158.8615 528.5251 244.6492 1.7963 0.5852 0.9636 -2.2432 1.3448 15.3392 -2.4113 0.8633
Pedestrian -1 -1 0.9947 612.6398 158.6016 661.9651 250.4687 1.7868 0.5921 0.9141 0.6028 1.3625 14.2914 1.0377 0.8139
Pedestrian -1 -1 0.8665 410.4314 160.4985 464.5622 253.1514 1.7801 0.5605 0.9641 -3.3839 1.3974 14.0911 0.6377 0.7969
Pedestrian -1 -1 0.8804 573.8302 154.1794 632.3211 254.5884 1.8521 0.6160 1.0231 -0.0879 1.3682 13.6270 0.8759 0.7097
Pedestrian -1 -1 1.3097 344.2848 162.0984 384.4854 250.0659 1.7264 0.5667 0.8963 -4.9506 1.3669 14.4015 0.9872 0.6417
Pedestrian -1 -1 0.6945 416.3666 157.4391 469.9291 241.7828 1.8622 0.6181 1.0356 -3.7285 1.3547 16.1169 0.4733 0.6158
Pedestrian -1 -1 1.0386 445.6696 160.7900 493.6208 251.6987 1.8051 0.5652 0.9567 -2.8396 1.4154 14.5804 0.8521 0.5877
Pedestrian -1 -1 1.0343 378.1705 157.9163 427.2020 246.6914 1.8432 0.5778 1.0210 -4.4066 1.3759 15.2359 0.7602 0.5563
Pedestrian -1 -1 1.6479 192.7385 159.7775 220.5740 223.3169 1.8312 0.6503 0.8252 -11.7912 1.2356 20.8827 1.1422 0.3515
Car -1 -1 -2.2322 1029.8010 183.0264 1154.0637 228.5422 1.4109 1.5296 3.6534 16.3431 1.5049 23.9944 -1.6389 0.8089
Car -1 -1 0.9337 1098.2485 182.8380 1224.0000 228.9294 1.4505 1.6143 4.0311 19.2376 1.5398 24.4868 1.5948 0.7083
Car -1 -1 -2.0983 959.1063 180.3125 1066.8954 227.9130 1.5063 1.5942 3.5525 13.7781 1.5019 24.1555 -1.5840 0.6726
