Car -1 -1 -1.5679 569.1462 176.8747 601.0150 207.1824 1.5125 1.6133 3.8226 -1.3619 1.7379 38.4555 -1.6036 0.7811
Car -1 -1 3.3386 379.6487 177.8149 468.7347 212.6814 1.5864 1.6701 3.8152 -8.7449 1.8272 34.0283 3.0885 0.7459
Car -1 -1 0.4173 220.1718 180.7239 396.0731 240.2937 1.5249 1.6744 4.0810 -8.1524 1.7488 19.5961 0.0274 0.7231
Car -1 -1 1.7066 499.0398 179.4130 547.8206 213.7004 1.4461 1.6846 4.1847 -3.9700 1.7687 33.3421 1.5885 0.7189
Car -1 -1 -2.7370 288.8133 182.7164 421.6696 231.4547 1.4335 1.5533 3.5822 -7.9246 1.7535 22.4810 -3.0726 0.6703
Car -1 -1 0.6278 0.0000 180.2966 297.2252 291.5035 1.6531 1.7444 4.3111 -7.7189 1.7861 11.8581 0.0606 0.6433
Car -1 -1 0.3910 129.8484 185.7905 340.5908 252.6062 1.4478 1.6423 4.0881 -8.7318 1.7703 16.9876 -0.0778 0.6181
Car -1 -1 0.5161 79.0339 186.4127 312.8424 268.2677 1.5086 1.6226 3.7380 -8.1824 1.7950 14.3923 0.0067 0.6129
Car -1 -1 3.7744 0.0000 199.7643 157.5767 329.8451 1.4417 1.6031 3.7259 -8.2947 1.8256 9.3333 3.0619 0.5982
Car -1 -1 -1.1246 275.1842 165.6007 343.4929 201.6508 1.7488 1.6442 4.0508 -15.3902 1.3973 37.0665 -1.5159 0.2286
