Car -1 -1 -1.9874 786.6605 183.9548 1242.0000 375.0000 1.4735 1.6791 4.5568 2.9624 1.6096 6.5348 -1.5799 0.8494
Car -1 -1 -1.8274 660.1071 174.2075 746.5633 228.8436 1.5011 1.6275 3.9651 2.6886 1.5466 21.9989 -1.7081 0.8254
Car -1 -1 1.7003 471.2946 178.0447 527.4729 219.1764 1.4592 1.6522 4.0484 -4.2793 1.6768 28.1509 1.5503 0.8053
Car -1 -1 1.3787 703.9496 160.7048 851.4839 271.9922 1.7688 1.7963 4.5674 2.9130 1.5761 13.7593 1.5820 0.7795
Car -1 -1 -1.6851 640.1202 173.4018 690.8625 213.8130 1.5391 1.6130 3.9211 2.1614 1.5634 29.5247 -1.6133 0.7198
Car -1 -1 2.3498 0.0000 204.1780 328.2300 375.0000 1.4274 1.6767 4.3105 -3.4524 1.6967 3.9665 1.6660 0.6135
Car -1 -1 0.7241 0.0000 184.4286 179.9938 307.5719 1.4038 1.5025 3.5930 -7.7651 1.5648 9.1931 0.0369 0.4603
Car -1 -1 -1.6083 603.2335 172.8293 625.2223 192.0019 1.4993 1.6236 4.0582 0.2880 1.4978 58.4779 -1.6037 0.2358
Car -1 -1 -1.5817 623.4166 174.5124 656.6851 205.7897 1.4925 1.5964 3.6794 1.4556 1.5810 36.4866 -1.5427 0.1700
Car -1 -1 -1.4852 528.8192 175.1529 554.2335 195.8383 1.4666 1.5616 3.7418 -5.0668 1.6433 53.4504 -1.5796 0.1351
Car -1 -1 1.7282 517.6690 176.2642 552.5322 201.3119 1.4477 1.5623 3.6824 -4.5671 1.6654 44.0949 1.6251 0.1335
