Pedestrian -1 -1 -1.1104 61.4712 171.5302 130.5402 277.9714 1.6648 0.5984 0.8364 -8.3140 1.5262 11.5120 -1.7210 0.6935
Pedestrian -1 -1 1.3764 816.2319 156.3444 840.3557 215.0628 1.7393 0.5655 0.7021 6.6946 1.0253 21.3175 1.6782 0.4674
Pedestrian -1 -1 1.5036 762.1112 155.2626 784.5793 215.2487 1.8419 0.6316 0.7574 5.2318 1.0685 22.1299 1.7343 0.4369
Pedestrian -1 -1 1.4297 789.9191 153.8198 813.9744 213.7217 1.8243 0.6098 0.8015 6.0800 1.0133 21.9640 1.6978 0.3733
Car -1 -1 2.2760 361.1757 168.8296 513.6889 238.9810 1.6686 1.6862 4.1575 -4.3944 1.3926 19.0454 2.0547 0.7984
Car -1 -1 -1.3662 226.8751 176.2478 299.6478 220.1505 1.5403 1.6583 4.2032 -12.9810 1.3926 27.0382 -1.8075 0.7725
Car -1 -1 -1.1745 140.9720 179.3123 230.6740 222.7379 1.5030 1.5876 3.6029 -15.5344 1.4634 26.3556 -1.7001 0.7037
Car -1 -1 -3.2732 713.8835 163.1577 770.8196 182.8898 1.4971 1.6294 4.1346 10.5760 0.1826 54.5783 -3.0811 0.2293
Car -1 -1 -1.4219 603.3619 167.1214 629.4578 186.3790 1.5259 1.5952 3.7691 0.9830 0.4671 58.0109 -1.4033 0.1755
Car -1 -1 1.9309 570.3727 169.6204 615.5106 193.1864 1.4761 1.6162 4.1139 -0.7400 0.7960 46.4908 1.9169 0.1736
Car -1 -1 -0.3941 504.0087 177.1510 577.8851 202.1092 1.3417 1.5150 3.8295 -3.5822 1.1630 39.5619 -0.4819 0.1428
Car -1 -1 -0.1240 403.9197 169.1092 444.5852 185.3424 1.5689 1.6173 3.7194 -17.8059 0.4691 69.7572 -0.3710 0.1124
