Car -1 -1 1.9774 69.5683 189.6845 431.7338 375.0000 1.5001 1.5388 3.5446 -2.9048 1.6962 6.6085 1.5768 0.8923
Car -1 -1 -1.9569 771.6451 182.8837 1174.3708 375.0000 1.4542 1.5809 3.8238 2.6116 1.5697 6.3539 -1.5844 0.8455
Car -1 -1 -1.8173 720.5940 180.9289 886.8336 301.0114 1.4357 1.4759 3.4162 2.5904 1.5737 10.5732 -1.5846 0.8452
Car -1 -1 -1.7097 678.1163 179.5499 767.7015 249.3521 1.4189 1.5331 3.6145 2.4708 1.5922 16.8218 -1.5673 0.8001
Car -1 -1 3.4200 250.9977 178.1444 441.2846 241.8800 1.5288 1.7112 4.2643 -6.6695 1.6718 18.4597 3.0774 0.7599
Car -1 -1 3.7082 0.0000 175.2418 291.9980 306.7572 1.5776 1.6855 4.0187 -6.6595 1.6126 9.5837 3.1136 0.7057
Car -1 -1 -1.6836 656.4705 174.9436 720.6993 228.3011 1.5183 1.5763 3.4689 2.3180 1.5886 22.4088 -1.5826 0.7023
Car -1 -1 3.8725 0.0000 192.6556 144.7905 375.0000 1.4341 1.6187 4.0319 -6.8895 1.6416 6.6258 3.0877 0.4787
Car -1 -1 0.1820 339.1103 179.2754 473.1396 224.1980 1.4982 1.6750 4.3031 -7.1214 1.7336 25.3810 -0.0893 0.4704
Car -1 -1 0.3385 157.0759 178.5303 389.2461 255.3829 1.5077 1.6650 4.1460 -7.0366 1.6365 15.3094 -0.0862 0.4273
Car -1 -1 -1.7355 643.9943 175.7232 701.5540 219.7467 1.5125 1.5610 3.4909 2.2239 1.6267 26.8268 -1.6544 0.3989
