Cyclist -1 -1 -1.8630 734.4877 168.9094 802.5615 285.0050 1.7300 0.5535 1.8168 2.4722 1.6715 11.6786 -1.6607 0.5085
Car -1 -1 -1.3833 466.1000 174.1579 549.0728 237.1891 1.6571 1.6535 4.1420 -2.9348 1.6995 21.1641 -1.5201 0.8311
Car -1 -1 -1.3848 403.7414 184.0263 514.2169 266.0689 1.4062 1.5351 3.5920 -2.9820 1.6616 14.6615 -1.5828 0.8223
Car -1 -1 -1.8994 819.3146 185.6201 1030.9246 316.1815 1.4536 1.5644 3.5815 4.1399 1.6670 10.2119 -1.5253 0.7580
Car -1 -1 2.6415 875.8924 180.8764 1016.7324 226.2365 1.5366 1.6891 4.2819 11.9110 1.8349 25.7901 3.0692 0.7270
Car -1 -1 -1.7646 676.1327 175.7851 732.7137 214.7728 1.6096 1.7068 4.2152 4.1035 1.7499 32.2730 -1.6399 0.7206
Car -1 -1 -1.8621 744.7653 182.2603 883.1993 263.3042 1.4529 1.6402 4.3010 4.1622 1.6853 15.6172 -1.6073 0.7009
Car -1 -1 -1.4352 506.5975 180.3138 563.1896 221.7660 1.4438 1.6304 4.1846 -2.8778 1.7557 28.0105 -1.5372 0.6648
Car -1 -1 2.3031 0.0000 173.8296 112.3857 242.2334 1.5572 1.6788 4.1957 -15.2558 1.5856 18.6230 1.6236 0.6519
Car -1 -1 -1.1364 142.4178 137.6427 482.5754 360.2850 1.9336 1.8427 4.5313 -3.0949 1.6281 8.6085 -1.4728 0.6433
Car -1 -1 -2.2419 979.7753 203.3180 1242.0000 375.0000 1.4262 1.6064 4.0140 4.0761 1.7050 4.5650 -1.5456 0.6233
Car -1 -1 2.1734 84.2075 173.0629 221.2011 223.3652 1.5285 1.7172 4.2928 -15.1370 1.5365 24.1249 1.6178 0.6216
Car -1 -1 -0.4843 818.0954 178.7137 906.4823 207.9245 1.3767 1.6000 3.8006 12.3508 1.6743 35.5171 -0.1527 0.3946
