Cyclist -1 -1 -1.8960 681.7760 165.4539 718.5715 225.7535 1.7615 0.5485 1.8330 2.6854 1.5456 22.0279 -1.7770 0.3503
Car -1 -1 -1.2941 388.3634 175.7080 525.3575 266.6466 1.5752 1.6554 4.0343 -2.9870 1.6419 14.7015 -1.4919 0.8788
Car -1 -1 -1.3354 466.2852 167.9340 548.1804 232.5253 1.8175 1.6347 3.8954 -3.1198 1.6794 22.3181 -1.4733 0.7837
Car -1 -1 -1.7059 724.8776 175.0959 799.7402 230.8542 1.4878 1.6343 3.7896 4.3594 1.5605 21.3481 -1.5079 0.6995
Car -1 -1 2.0525 241.8638 178.8396 317.9303 213.8600 1.4494 1.5564 3.7095 -14.7705 1.7343 32.4032 1.6276 0.6299
Car -1 -1 -1.7278 700.9799 174.8191 763.8268 219.6661 1.4654 1.5953 3.8398 4.2264 1.5409 25.6647 -1.5670 0.4660
Car -1 -1 -1.6345 678.1066 173.7009 716.8804 203.8181 1.4199 1.6457 4.3570 4.3119 1.4655 36.3585 -1.5179 0.4485
Car -1 -1 -1.4324 503.9216 168.7923 563.0704 215.5008 1.7427 1.7736 4.4696 -3.0461 1.5915 29.1817 -1.5360 0.3822
Car -1 -1 2.1128 301.8865 175.6103 371.4832 206.1263 1.5423 1.6288 4.1069 -14.7287 1.7000 39.0233 1.7539 0.2773
Car -1 -1 -1.0973 660.5014 167.5679 705.6699 190.9887 1.6275 1.6296 3.9625 5.3022 1.2605 52.2412 -0.9970 0.2640
Car -1 -1 1.8202 406.2419 174.3719 441.7255 194.9801 1.5191 1.6455 4.2641 -14.3162 1.6410 55.6312 1.5692 0.2133
Car -1 -1 -0.2609 767.8472 169.6055 839.7804 194.4429 1.5626 1.6855 4.1552 12.3475 1.3586 46.2384 -0.0019 0.2028
Car -1 -1 -1.3707 533.5795 176.0917 579.2576 207.2306 1.4248 1.5510 3.5550 -2.6042 1.5917 35.2599 -1.4443 0.1667
