Pedestrian -1 -1 2.2385 1185.2474 161.3909 1242.0000 278.7946 1.6013 0.5168 0.7141 8.5992 1.4454 10.1676 2.9259 0.2041
Car -1 -1 -1.7355 724.9683 181.5950 890.5540 304.0465 1.4679 1.6552 4.3238 2.7572 1.6305 11.1774 -1.5009 0.9121
Car -1 -1 -1.6938 658.0445 178.7715 714.7570 221.3169 1.4690 1.6257 4.2393 2.8019 1.7136 27.6436 -1.5945 0.8572
Car -1 -1 -1.7394 684.5910 179.5244 783.4739 248.4345 1.4340 1.6213 4.2758 2.8269 1.6167 17.5759 -1.5834 0.8516
Car -1 -1 1.7057 486.8797 179.4633 544.5203 221.4091 1.4913 1.6876 4.3021 -3.6801 1.7723 28.4862 1.5778 0.7951
Car -1 -1 -0.8348 0.0000 199.8915 314.3495 375.0000 1.4584 1.6339 4.1210 -3.5147 1.6926 4.1307 -1.5088 0.6752
Car -1 -1 1.9615 363.4527 174.6123 447.9476 218.7752 1.6443 1.7379 4.4310 -8.2299 1.7218 29.3488 1.6900 0.6178
Car -1 -1 -2.3128 931.3403 191.4500 1242.0000 375.0000 1.4973 1.5982 3.6969 2.7246 1.6132 2.6238 -1.5639 0.3804
Car -1 -1 1.7028 546.1066 179.6690 573.2278 199.8706 1.4288 1.5565 3.7457 -3.7764 1.9596 54.2404 1.6332 0.2392
Car -1 -1 -1.3145 647.4269 177.9079 696.0587 207.1528 1.4289 1.5866 4.0833 3.2882 1.7122 38.1978 -1.2298 0.1903
