Pedestrian -1 -1 2.9043 308.1663 173.6010 373.2054 283.6004 1.7246 0.6001 0.8823 -4.4625 1.7377 11.8116 2.5497 0.8322
Car -1 -1 1.8665 284.2123 185.1336 423.4930 266.5605 1.4661 1.6654 4.2280 -5.4442 1.7713 15.7732 1.5387 0.8534
Car -1 -1 -0.4557 876.8229 183.9836 1242.0000 375.0000 1.4540 1.6259 3.8607 4.4474 1.5672 6.2380 0.1408 0.8524
Car -1 -1 -0.4466 739.5822 180.8491 904.2426 235.7956 1.3986 1.6354 4.0378 5.7287 1.6316 19.8456 -0.1702 0.8263
Car -1 -1 1.8481 390.0935 185.9202 476.2321 240.5611 1.4070 1.5079 3.7000 -5.1731 1.8282 21.3563 1.6127 0.7375
Car -1 -1 -0.3131 711.5875 178.0288 846.7361 228.6457 1.4846 1.6128 3.7551 5.1308 1.6521 22.3321 -0.0909 0.7258
Car -1 -1 1.7622 460.9042 181.1200 514.9127 217.2518 1.4174 1.5843 3.8971 -5.2436 1.7974 31.1710 1.5964 0.6959
Car -1 -1 2.3418 0.0000 190.3161 203.8914 375.0000 1.5614 1.6902 4.2555 -5.2313 1.7464 5.4717 1.6030 0.5856
Car -1 -1 -3.2418 668.4106 179.9335 779.2141 216.0892 1.4132 1.6183 4.3236 4.5377 1.7118 29.4767 -3.0912 0.4962
Car -1 -1 -0.4446 814.0994 158.5433 1242.0000 319.7697 1.7217 1.7449 4.3596 4.8129 1.5692 8.6757 0.0467 0.4814
Car -1 -1 -0.1004 661.2391 175.1823 732.8561 201.5019 1.4708 1.6118 3.9239 4.9071 1.6071 41.3044 0.0166 0.4305
Car -1 -1 1.7548 484.4066 179.5768 526.8460 210.1500 1.4503 1.5148 3.5801 -5.3158 1.8109 36.8446 1.6120 0.4056
Car -1 -1 2.8277 651.5286 174.8424 714.6537 197.1863 1.4563 1.6086 3.9100 4.8610 1.5935 48.4421 2.9267 0.2438
