Pedestrian -1 -1 2.2990 404.2211 178.1410 425.5684 215.1385 1.5900 0.5926 0.6907 -8.5764 1.8250 31.5741 2.0355 0.1845
Pedestrian -1 -1 2.8802 307.7409 176.8296 329.2338 224.1073 1.7889 0.6994 0.6096 -11.2927 1.9452 27.8387 2.4978 0.1454
Pedestrian -1 -1 1.4244 377.8133 174.7965 394.0241 212.8741 1.7415 0.6215 0.7150 -10.4465 1.8333 33.5011 1.1240 0.1325
Car -1 -1 -1.2739 205.1443 184.1989 409.3728 317.5811 1.4940 1.5937 3.7457 -4.1179 1.6872 10.3339 -1.6451 0.9107
Car -1 -1 0.3340 77.5838 190.4269 171.2169 218.0341 1.4263 1.6375 4.0167 -27.0260 2.4381 40.2271 -0.2547 0.6539
Car -1 -1 2.7328 667.8451 174.2073 732.6779 195.2406 1.4216 1.6371 4.1803 6.2571 1.5190 50.3183 2.8554 0.6372
Car -1 -1 2.4011 686.0328 170.9608 763.7429 201.1718 1.6320 1.7173 4.3268 6.5013 1.5301 40.8853 2.5572 0.4461
Car -1 -1 -0.4320 572.8636 175.0517 640.4945 199.9550 1.4697 1.5975 3.8457 -0.2328 1.6099 44.3893 -0.4377 0.1997
Car -1 -1 1.8416 407.7615 176.5548 439.1170 195.7281 1.6816 1.7186 4.2213 -17.0985 2.0326 66.2280 1.5896 0.1322
Car -1 -1 2.1787 151.2615 186.8451 222.6663 213.3643 1.4611 1.6565 4.2157 -25.8516 2.3607 44.2059 1.6519 0.1228
Car -1 -1 3.3351 191.7686 183.3021 289.7783 213.4833 1.5021 1.6615 4.3895 -19.5282 2.0770 38.2731 2.8658 0.1225
Car -1 -1 -0.6323 565.1347 178.7894 647.8985 212.1657 1.4468 1.5407 3.6494 -0.1746 1.7375 33.5875 -0.6381 0.1084
Car -1 -1 2.4275 22.6940 191.7430 103.7330 217.5714 1.3939 1.5547 3.8588 -33.2696 2.5994 43.9838 1.7826 0.1028
