Car -1 -1 -1.3451 384.0413 189.5087 496.0036 264.6919 1.5274 1.7028 4.5399 -4.0988 1.9943 17.9355 -1.5674 0.8879
Car -1 -1 2.0329 171.0039 196.0226 275.2729 244.7642 1.5180 1.7267 4.0551 -14.0854 2.4339 26.4624 1.5475 0.8313
Car -1 -1 2.1490 16.6525 203.5568 173.7451 269.7303 1.4075 1.5771 3.6815 -13.3582 2.2930 18.9366 1.5410 0.7644
Car -1 -1 2.0465 1011.5574 175.7568 1237.6006 278.7812 1.4572 1.5574 3.6456 8.4156 1.5114 11.8342 2.6524 0.7559
Car -1 -1 -1.5271 527.9041 183.7372 568.8910 221.6301 1.5481 1.6764 4.2940 -2.7876 2.0777 32.9069 -1.6116 0.7328
Car -1 -1 2.0882 898.4382 175.1856 1094.4493 257.4756 1.4726 1.6778 4.3091 7.9844 1.5271 14.8841 2.5717 0.7089
Car -1 -1 2.1441 845.2581 178.5747 1001.0479 243.8711 1.4157 1.6226 4.0001 7.7032 1.5710 17.7477 2.5469 0.6067
Car -1 -1 1.9144 1147.0425 169.9799 1242.0000 314.2315 1.4872 1.5832 3.8599 8.6029 1.4579 9.0332 2.6588 0.4659
Car -1 -1 1.8104 272.0623 195.9200 319.1366 224.7874 1.4702 1.6342 3.8898 -18.3050 2.8816 42.0819 1.4021 0.3210
Car -1 -1 2.1793 801.3217 176.1547 940.2497 231.9060 1.4379 1.6120 4.2760 7.5027 1.5418 20.7298 2.5215 0.3164
Car -1 -1 -0.3742 730.8477 178.1325 848.6769 216.7188 1.4934 1.7287 4.3234 7.2339 1.7171 29.3858 -0.1358 0.1979
Car -1 -1 -1.6018 641.6470 181.9581 663.7203 202.0617 1.5152 1.6466 3.8116 3.3805 2.2724 58.0523 -1.5445 0.1739
