Car -1 -1 -1.6858 681.4420 183.8487 781.4238 263.0861 1.4108 1.5876 4.2086 2.4222 1.6808 15.5662 -1.5353 0.8881
Car -1 -1 -1.6990 650.1558 180.7511 722.8839 236.7024 1.4374 1.5806 4.0342 2.0961 1.6916 21.1507 -1.6024 0.8420
Car -1 -1 0.4437 0.0000 194.9658 320.9952 328.2669 1.4182 1.6559 4.1045 -6.0714 1.7315 9.1223 -0.1305 0.8193
Car -1 -1 3.4805 150.5919 185.5442 386.9784 262.0017 1.4341 1.6475 4.0884 -6.9191 1.7137 14.8691 3.0513 0.8019
Car -1 -1 -1.6932 634.2902 180.0552 690.9302 224.0627 1.4424 1.5705 3.8931 1.7983 1.7250 26.2845 -1.6263 0.7848
Car -1 -1 3.2883 337.5362 182.4264 457.2368 225.5736 1.4647 1.6452 3.9456 -7.6323 1.8251 26.0542 3.0056 0.7206
Car -1 -1 -2.1312 816.9216 195.8198 1242.0000 375.0000 1.4481 1.5723 3.9288 2.6579 1.6538 4.4470 -1.6226 0.6656
Car -1 -1 1.6264 514.3641 179.6034 548.3105 208.1018 1.4245 1.6098 3.9204 -4.2422 1.8085 39.0106 1.5183 0.5728
Car -1 -1 3.3012 354.7384 176.3487 470.8643 219.2406 1.6486 1.7167 4.2792 -7.8770 1.7945 28.9811 3.0377 0.4675
Car -1 -1 3.4461 233.6692 184.7867 441.1423 248.3262 1.4340 1.6798 4.4290 -6.5565 1.7408 17.5816 3.0935 0.3776
Car -1 -1 1.5291 619.7387 176.1758 654.8320 208.6470 1.5434 1.6036 4.0149 1.3025 1.7220 36.7172 1.5637 0.2536
