Pedestrian -1 -1 1.6425 313.7440 168.8044 337.5327 225.2475 1.8578 0.6894 0.7548 -9.5793 1.7248 24.2087 1.2691 0.3567
Pedestrian -1 -1 1.7653 291.5978 170.6114 316.8941 227.0794 1.8548 0.6572 0.6855 -10.2514 1.7815 24.0994 1.3667 0.2706
Pedestrian -1 -1 2.3306 234.3040 178.5136 338.9728 348.7584 1.7182 0.6523 0.8130 -3.5346 1.7837 7.8053 1.9171 0.2127
Pedestrian -1 -1 -0.3257 427.6780 165.1395 471.2386 235.5195 1.7251 0.6663 0.9073 -4.1009 1.5363 18.2027 -0.5448 0.1295
Cyclist -1 -1 -1.7831 431.4626 163.3225 471.3658 237.5800 1.7797 0.5779 2.0003 -4.0975 1.5516 18.3194 -2.0007 0.5179
Cyclist -1 -1 0.6949 198.4405 172.9871 370.9423 345.5142 1.7481 0.5249 1.7838 -3.5745 1.7500 7.8054 0.2773 0.1341
Car -1 -1 -0.3170 775.5237 163.7238 916.4959 212.7314 1.6049 1.7097 4.2244 7.8887 1.3063 24.5013 -0.0094 0.7886
Car -1 -1 -3.1320 610.6020 167.0556 748.5332 218.5456 1.6736 1.7707 4.5059 2.3057 1.4855 24.5592 -3.0401 0.7725
Car -1 -1 -0.5237 920.4791 155.8868 1078.0642 208.7011 1.7018 1.7477 4.3704 12.9285 1.1554 24.2042 -0.0385 0.7275
Car -1 -1 -0.8875 527.8433 166.7278 605.9982 204.6229 1.6496 1.6236 3.7255 -1.9771 1.3833 33.3924 -0.9466 0.5455
Car -1 -1 -1.0366 589.8301 163.2640 667.1782 200.1983 1.5984 1.6851 4.1936 0.8897 1.1838 33.4478 -1.0107 0.4535
Car -1 -1 -0.6191 1074.0913 154.7064 1242.0000 203.0487 1.5337 1.6817 4.3617 17.9842 0.9583 23.7775 0.0223 0.4471
