Pedestrian -1 -1 1.1802 869.0552 155.9257 921.3211 256.7954 1.8358 0.6164 0.8861 5.3012 1.5280 13.5799 1.5442 0.6967
Car -1 -1 3.5813 90.8894 174.9882 354.2991 264.9596 1.5313 1.6633 3.9245 -6.9898 1.5735 13.2275 3.1031 0.8860
Car -1 -1 -1.7032 662.0732 175.5729 733.1243 231.6019 1.4856 1.5721 3.6008 2.4298 1.5724 21.1211 -1.5910 0.8598
Car -1 -1 -1.7457 624.2939 174.3765 678.5666 212.2088 1.5238 1.6379 4.1653 1.6885 1.5950 31.4013 -1.6931 0.8523
Car -1 -1 0.2227 329.1637 178.9119 454.6661 223.5171 1.4042 1.5499 3.7201 -7.1778 1.6124 23.8537 -0.0670 0.7517
Car -1 -1 0.3178 211.5026 175.8599 424.9028 246.9068 1.4673 1.6242 4.0551 -6.3456 1.5378 15.9028 -0.0566 0.6674
Car -1 -1 -1.6428 622.4477 174.3050 657.8329 204.7154 1.4542 1.5265 3.4833 1.4424 1.5314 36.4352 -1.6041 0.3337
Car -1 -1 3.3123 378.5727 168.3860 486.1003 212.1979 1.8209 1.7480 4.2501 -7.5995 1.6356 31.0024 3.0734 0.2346
Car -1 -1 0.2590 427.4463 171.5717 504.5482 202.4424 1.6871 1.7158 3.9267 -8.0615 1.6174 40.4102 0.0630 0.1580
Car -1 -1 3.9066 0.0000 189.1204 53.4803 375.0000 1.4097 1.5938 3.8915 -7.3667 1.5693 6.0859 3.0480 0.1295
Car -1 -1 -1.8635 486.3235 173.6245 520.3259 194.3902 1.5912 1.6182 3.9171 -8.5684 1.6552 57.5584 -2.0109 0.1015
Car -1 -1 1.8976 481.1319 175.1541 522.9891 198.1313 1.5001 1.6028 4.1568 -7.4143 1.6660 49.7310 1.7501 0.1003
