Pedestrian -1 -1 -0.1567 0.0000 146.9322 94.0222 326.5683 1.7254 0.5788 0.9188 -5.9686 1.4047 7.3195 -0.8177 0.7773
Pedestrian -1 -1 -1.7038 56.8488 141.9417 126.4826 304.2838 1.8165 0.5710 0.8904 -6.1780 1.3868 8.4272 -2.3166 0.6523
Pedestrian -1 -1 2.5789 547.5026 162.0208 588.0391 227.5748 1.7753 0.5898 0.9592 -1.0694 1.2765 19.6607 2.5273 0.6334
Pedestrian -1 -1 -0.8980 588.7393 160.9202 626.1193 224.3763 1.8313 0.6108 1.0150 0.0443 1.2678 20.9874 -0.8942 0.6019
Pedestrian -1 -1 2.6354 532.2057 162.3198 571.8735 226.1883 1.8033 0.6275 0.9629 -1.5685 1.2916 20.4843 2.5619 0.6006
Pedestrian -1 -1 1.7667 729.9656 159.8016 757.0646 222.7763 1.8156 0.6206 0.9308 4.0736 1.2204 20.9278 1.9579 0.5942
Pedestrian -1 -1 2.2933 688.9357 160.4655 726.6703 221.9022 1.8110 0.6211 1.0061 3.0818 1.2220 21.3992 2.4360 0.5013
Pedestrian -1 -1 1.8046 677.5253 162.2521 705.6505 224.4619 1.7493 0.6087 0.9332 2.4740 1.2377 20.4197 1.9251 0.4811
Pedestrian -1 -1 -1.0358 608.4906 161.9738 643.1804 225.5652 1.7925 0.5995 0.9612 0.5762 1.2718 20.4911 -1.0063 0.3647
Pedestrian -1 -1 2.6711 657.6251 162.8138 691.2054 220.8964 1.7881 0.6162 0.8638 2.1459 1.2452 22.2060 2.7679 0.2808
Pedestrian -1 -1 2.6770 680.9512 160.4172 715.0742 218.6864 1.8285 0.6071 0.9059 2.9417 1.1998 22.6180 2.8063 0.1067
Car -1 -1 -2.2123 643.7382 160.4431 765.5281 223.1183 1.7937 1.7357 4.0374 3.0126 1.2213 22.4163 -2.0788 0.1220
Car -1 -1 1.1500 0.0000 178.2497 256.3184 362.2604 1.4390 1.6452 4.1937 -5.7210 1.4231 7.2597 0.5056 0.1139
Car -1 -1 0.1497 410.9532 164.4352 467.2683 185.5920 1.6083 1.7068 4.0345 -12.7955 0.3883 54.7478 -0.0768 0.1046
Car -1 -1 0.5066 547.1136 166.7686 689.7147 228.2181 1.6795 1.6952 3.9095 0.3413 1.3058 21.0323 0.5243 0.1041
