Car -1 -1 -1.7334 784.3928 185.0022 882.2499 255.5834 1.4199 1.5592 3.9700 5.1624 1.7461 17.2884 -1.4487 0.8868
Car -1 -1 0.4041 249.8027 175.7026 532.9847 281.1198 1.4832 1.6320 3.9002 -3.3491 1.5321 11.2496 0.1204 0.8688
Car -1 -1 -1.8436 818.0181 184.3175 1009.4661 303.2990 1.4784 1.6354 4.1468 4.5115 1.6957 11.5140 -1.4799 0.8659
Car -1 -1 -1.8844 887.2399 182.1734 1242.0000 375.0000 1.5264 1.6261 3.8546 3.5167 1.6320 6.1028 -1.3835 0.8256
Car -1 -1 0.1324 538.2380 179.3402 639.1149 213.6159 1.4274 1.6216 4.2201 -0.9290 1.7197 31.4549 0.1025 0.7359
Car -1 -1 -1.7135 770.6805 182.4405 841.4937 235.9666 1.4649 1.5718 3.7001 5.9368 1.7880 22.3608 -1.4580 0.6665
Car -1 -1 -1.7534 747.1906 181.7072 804.9289 220.6934 1.4372 1.5837 3.9533 6.6706 1.8243 29.5115 -1.5339 0.6633
Car -1 -1 0.3269 360.4148 170.6954 571.4743 260.5811 1.5858 1.6073 3.6245 -2.7196 1.5480 13.7663 0.1347 0.6464
Car -1 -1 0.3113 417.2178 180.0786 603.0925 248.4022 1.4321 1.5899 3.9077 -2.2742 1.6088 16.4831 0.1755 0.6001
Car -1 -1 0.1289 576.1419 177.2702 656.6280 208.1763 1.5304 1.6191 3.9655 0.3208 1.7644 37.1053 0.1369 0.4847
Car -1 -1 0.2328 438.8702 180.0490 598.2528 236.8548 1.4016 1.5505 3.9190 -2.3987 1.6016 19.0320 0.1084 0.3223
