Pedestrian -1 -1 -2.4516 212.1782 168.1577 300.6643 315.4250 1.6865 0.5812 0.7540 -4.2745 1.6331 8.6327 -2.8999 0.1473
Car -1 -1 -2.0098 758.6552 184.7899 1178.9218 375.0000 1.4483 1.6032 4.1324 2.6863 1.5943 6.6841 -1.6441 0.8779
Car -1 -1 -1.7916 655.7751 177.7214 762.9436 248.7237 1.4630 1.6176 4.1809 2.1876 1.5948 17.3206 -1.6689 0.8670
Car -1 -1 -1.7654 689.7786 179.6025 842.4593 290.3348 1.4584 1.5918 3.9620 2.2772 1.5871 11.7307 -1.5795 0.8601
Car -1 -1 2.8306 244.5138 180.2048 434.7213 250.6969 1.4128 1.5569 3.8120 -6.2042 1.6007 16.6183 2.4780 0.6558
Car -1 -1 3.2117 0.0000 178.9957 296.8990 343.1971 1.5079 1.5882 3.6715 -5.7608 1.5930 8.3441 2.6219 0.6467
Car -1 -1 3.2761 0.0000 178.7172 242.7901 375.0000 1.5697 1.6505 3.8759 -5.2952 1.6318 5.8475 2.5627 0.6424
Car -1 -1 3.0017 78.8573 176.4894 398.0745 294.9492 1.5302 1.6711 4.2132 -5.7333 1.5970 11.3122 2.5415 0.5181
Car -1 -1 -1.5403 575.9465 172.5136 617.7939 214.1350 1.6087 1.6158 3.4830 -0.5309 1.5959 29.6362 -1.5586 0.5144
Car -1 -1 -1.6617 444.2085 175.0579 471.6205 196.5992 1.5855 1.6982 4.1858 -11.8242 1.7632 55.8148 -1.8699 0.1231
