Car -1 -1 -1.8366 752.8461 191.1369 957.7521 333.3428 1.3956 1.5017 3.5957 2.8709 1.6792 9.3587 -1.5490 0.8742
Car -1 -1 -0.3493 371.7939 181.9250 513.1783 232.1779 1.4329 1.6356 4.0811 -5.3483 1.7452 23.0161 -0.5757 0.8615
Car -1 -1 -1.7483 698.9996 182.0961 811.0189 265.1511 1.4599 1.5786 3.7807 2.8164 1.6766 14.9946 -1.5672 0.8326
Car -1 -1 -1.6918 665.8005 181.2245 719.2310 223.4850 1.4415 1.5553 3.5493 2.9909 1.7769 27.0998 -1.5838 0.7936
Car -1 -1 3.3455 0.0000 182.7989 278.8608 371.9772 1.4935 1.5997 3.7011 -5.4669 1.6155 7.3341 2.7219 0.7561
Car -1 -1 -2.1394 840.4840 201.7878 1242.0000 375.0000 1.4349 1.5789 3.9729 2.5887 1.6671 3.7876 -1.5767 0.7185
Car -1 -1 2.7645 429.8791 181.2701 536.0942 220.5421 1.4324 1.5972 3.8477 -5.0754 1.7876 28.7259 2.5906 0.6128
Car -1 -1 2.6760 455.2241 178.1538 553.3069 214.7621 1.6167 1.7034 4.3165 -5.0373 1.8836 34.3568 2.5310 0.5669
Car -1 -1 3.5149 0.0000 185.4431 118.8801 375.0000 1.5911 1.6040 3.5943 -5.3750 1.6962 4.4668 2.6670 0.3896
Car -1 -1 -1.6289 660.6417 180.7056 701.5388 217.1295 1.4728 1.5664 3.7205 3.0467 1.8405 31.8723 -1.5351 0.3134
Car -1 -1 -1.6837 642.8206 176.8504 683.9074 209.6063 1.6116 1.6914 4.1546 2.7251 1.8348 38.1229 -1.6134 0.2576
