Car -1 -1 -1.8941 744.8770 186.0712 1048.2574 372.3600 1.4019 1.5772 4.2072 2.6202 1.5847 7.8410 -1.5841 0.9077
Car -1 -1 1.8556 349.0074 185.2404 492.9088 271.1878 1.4559 1.6982 4.3956 -3.7908 1.7538 15.0948 1.6129 0.8738
Car -1 -1 -1.6827 660.4874 175.2025 717.6538 221.1334 1.5655 1.6442 4.0558 2.8174 1.6598 26.8334 -1.5799 0.8424
Car -1 -1 1.7787 425.4380 180.4877 518.1215 242.1642 1.5075 1.6849 4.3743 -3.8141 1.7469 20.3863 1.5954 0.8082
Car -1 -1 -1.6059 643.1714 177.8804 676.8735 207.9288 1.4719 1.6176 4.0543 2.5556 1.7519 38.0791 -1.5400 0.6068
Car -1 -1 -0.8863 0.0000 207.1675 330.6039 375.0000 1.4338 1.5996 3.9546 -3.0884 1.7046 3.6904 -1.5487 0.5834
Car -1 -1 1.7539 464.0345 182.6546 533.3597 229.3578 1.4330 1.6299 4.3015 -3.8343 1.8056 25.2267 1.6040 0.4504
Car -1 -1 1.7244 511.0315 181.4120 553.3840 212.7669 1.4342 1.5313 3.8522 -3.8672 1.8851 36.0297 1.6177 0.1698
Car -1 -1 1.7244 538.3982 179.9008 569.3217 202.7370 1.4499 1.5468 3.6678 -3.7939 1.9459 48.8604 1.6468 0.1225
Car -1 -1 1.7315 495.0031 180.0833 547.5458 218.6193 1.4886 1.5901 4.0347 -3.7425 1.8170 30.6855 1.6106 0.1200
Car -1 -1 -1.5898 624.7780 175.7700 641.7395 191.6462 1.4841 1.5685 3.6263 2.2160 1.7745 69.9389 -1.5587 0.1164
