Pedestrian -1 -1 1.2926 477.2379 167.9717 511.7083 245.7237 1.8413 0.6723 0.6536 -2.8588 1.7260 17.5227 1.1325 0.1896
Car -1 -1 -1.7790 691.8966 172.9153 817.7060 260.5996 1.4966 1.6088 3.8579 2.6465 1.4983 14.2670 -1.6002 0.9119
Car -1 -1 2.2862 0.0000 198.4946 242.8357 313.1251 1.4405 1.5802 3.7905 -8.0607 1.9355 11.9340 1.7021 0.9024
Car -1 -1 -1.6474 669.5182 172.1030 743.6758 233.2102 1.5073 1.6657 4.3035 2.5155 1.4891 19.9827 -1.5247 0.8137
Car -1 -1 -1.5302 582.1652 174.8138 619.2512 209.1218 1.5694 1.6547 3.9547 -0.4418 1.6708 35.2304 -1.5432 0.7253
Car -1 -1 -2.3487 963.1069 181.9746 1242.0000 375.0000 1.4757 1.5683 3.7968 2.7211 1.5293 2.2796 -1.5373 0.5600
Car -1 -1 -1.7114 649.3919 173.4341 700.7631 213.2362 1.5194 1.5804 3.5969 2.5509 1.5449 29.4351 -1.6264 0.5523
Car -1 -1 -1.2808 487.1531 178.4892 525.2786 201.4880 1.4676 1.5989 3.5775 -7.0133 1.8642 48.8506 -1.4230 0.1933
Car -1 -1 -1.3610 509.8233 176.5365 539.5433 196.3527 1.4691 1.5728 3.6311 -6.6200 1.7652 56.0691 -1.4783 0.1596
Car -1 -1 -1.6133 638.7452 174.6695 674.7181 206.8712 1.4658 1.5675 3.6531 2.1755 1.5586 34.8908 -1.5521 0.1384
