Car -1 -1 2.0241 24.9817 186.7658 457.0300 375.0000 1.5610 1.6129 3.7034 -2.6504 1.7160 6.1243 1.6300 0.8484
Car -1 -1 -1.5578 621.7867 183.6413 726.0340 284.5285 1.4786 1.5875 3.4324 1.0804 1.6961 12.7366 -1.4764 0.8482
Car -1 -1 -1.8428 828.3674 190.3443 1242.0000 375.0000 1.4623 1.6533 4.2497 2.8467 1.6574 5.7986 -1.4077 0.7855
Car -1 -1 -1.2476 690.7035 169.8469 792.2507 237.2566 1.7440 1.6804 4.0945 3.8530 1.6666 20.8640 -1.0683 0.7358
Car -1 -1 1.4018 811.4278 167.7289 864.0731 205.8723 1.6252 1.6255 3.8894 10.2319 1.4072 32.7743 1.7014 0.6253
Car -1 -1 0.4139 0.0000 200.2496 116.9676 270.4138 1.4846 1.6019 3.8602 -14.5751 2.2008 17.5606 -0.2715 0.4898
Car -1 -1 1.6852 624.4493 179.8631 656.5574 205.3422 1.4611 1.5683 3.6770 1.8812 1.9114 44.3788 1.7267 0.3749
Car -1 -1 1.5394 661.6766 177.9018 682.0831 196.0728 1.4475 1.5766 3.8758 5.1422 1.8853 60.5498 1.6233 0.3110
Car -1 -1 2.9932 344.2977 182.5207 428.3159 214.4830 1.5680 1.6801 4.0244 -11.8141 2.0994 38.0077 2.6934 0.1849
Car -1 -1 0.9883 1085.3301 148.8076 1242.0000 211.3994 1.7649 1.7428 4.3969 17.0587 1.0872 22.5871 1.6287 0.1508
