Cyclist -1 -1 2.5585 0.0000 164.2938 221.2930 375.0000 1.6926 0.5294 1.8141 -2.5821 1.6695 2.9212 1.8782 0.2297
Car -1 -1 -1.7415 741.2158 188.7312 874.6294 292.4739 1.4190 1.5285 3.5179 3.1360 1.7284 12.2307 -1.4975 0.9237
Car -1 -1 1.7306 481.3010 190.0901 568.2155 258.1783 1.4003 1.5325 3.7126 -2.0289 1.8683 17.6834 1.6172 0.8656
Car -1 -1 2.0038 121.7695 200.7977 475.2278 375.0000 1.4030 1.6125 3.9581 -2.7454 1.7655 7.3086 1.6550 0.8335
Car -1 -1 -1.6790 701.8232 185.3721 761.4305 233.2292 1.3968 1.5338 3.6235 3.9029 1.8435 23.8725 -1.5197 0.8240
Car -1 -1 1.7097 518.1593 189.2785 581.2604 240.3833 1.3948 1.4936 3.5890 -1.8668 1.9538 22.7035 1.6278 0.3559
Car -1 -1 -1.6406 685.6092 183.1225 729.9758 222.0737 1.4624 1.5536 3.6349 3.9580 1.9152 29.9289 -1.5111 0.3179
Car -1 -1 1.6660 545.1570 185.9553 592.8032 227.7493 1.4278 1.4873 3.5843 -1.5544 1.9625 27.6069 1.6095 0.2994
Car -1 -1 -0.5187 0.0000 216.2637 327.6566 375.0000 1.4508 1.5256 3.3823 -2.6255 1.6927 2.1899 -1.3356 0.2965
Car -1 -1 -1.9323 658.6272 180.6664 707.4338 208.2233 1.4823 1.5854 3.7624 4.1604 1.9591 41.9780 -1.8347 0.2164
Car -1 -1 2.3889 1064.0907 200.0177 1242.0000 271.5782 1.4405 1.5438 3.9700 12.5763 2.0887 16.2324 3.0384 0.1499
Car -1 -1 1.3757 1160.0519 203.4302 1242.0000 308.3753 1.5077 1.6252 3.4143 11.4586 2.1540 13.3509 2.0731 0.1363
Car -1 -1 -1.8394 679.8392 178.9951 732.8406 212.3032 1.5194 1.5925 3.9553 4.6672 1.8416 35.7446 -1.7112 0.1220
