Car -1 -1 -0.5830 827.1327 177.4799 1216.8247 305.8107 1.5015 1.7258 4.2830 5.2414 1.5701 9.5806 -0.0961 0.8714
Car -1 -1 1.9550 233.8303 175.8995 404.4868 278.8235 1.7466 1.6797 4.1742 -5.6390 1.8169 14.4681 1.5889 0.7470
Car -1 -1 -0.4384 757.9675 179.0519 1041.3959 277.5091 1.4925 1.6747 4.0753 4.6563 1.6050 12.0557 -0.0789 0.7458
Car -1 -1 1.7904 361.1476 188.0656 437.6342 238.3031 1.4417 1.5930 4.0025 -6.9393 1.9909 23.9875 1.5112 0.7333
Car -1 -1 -0.5157 724.4371 173.6019 956.7787 263.5549 1.6335 1.7088 4.1198 4.4920 1.6501 14.4051 -0.2201 0.6999
Car -1 -1 -0.3610 628.1083 178.9084 726.3932 219.5974 1.5556 1.6032 3.6295 2.6620 1.8117 29.2166 -0.2718 0.6782
Car -1 -1 -0.4361 687.2672 182.1548 850.8340 241.3302 1.4316 1.5945 3.9130 4.1146 1.6933 19.0543 -0.2275 0.5882
Car -1 -1 -0.2687 651.6249 180.1486 758.0054 223.2528 1.5179 1.5748 3.6261 3.4397 1.7997 26.7959 -0.1431 0.5789
Car -1 -1 2.6848 644.6425 177.8562 781.2990 227.3648 1.5646 1.6926 4.3054 3.4511 1.7456 24.5781 2.8219 0.5692
Car -1 -1 -0.4711 671.9443 180.2056 812.9319 233.7037 1.4903 1.6096 3.8848 3.9355 1.7264 21.8005 -0.2956 0.5324
Car -1 -1 1.8133 417.1504 186.4641 472.2118 220.0269 1.4292 1.5904 4.2692 -7.8894 2.1230 34.6148 1.5903 0.4284
Car -1 -1 1.9289 441.4666 184.7672 488.4616 210.5549 1.4554 1.5419 4.0348 -8.9750 2.2302 44.7878 1.7318 0.2562
