Pedestrian -1 -1 -1.4702 383.0227 176.1501 398.4949 215.3528 1.7805 0.5979 0.8888 -10.1668 1.9354 33.3443 -1.7644 0.2865
Car -1 -1 -2.5128 407.9081 182.1597 527.1499 226.0992 1.4592 1.6533 4.0576 -5.2339 1.8187 26.2399 -2.7084 0.8850
Car -1 -1 3.1198 188.6446 187.4487 345.3286 238.6278 1.4603 1.7091 4.4275 -11.0469 1.9679 23.3299 2.6816 0.8591
Car -1 -1 -1.7435 660.6674 176.3088 704.9482 208.2985 1.5460 1.6225 3.8544 3.6679 1.7344 37.2796 -1.6468 0.7309
Car -1 -1 3.0005 56.3478 182.7823 212.3402 236.6195 1.5716 1.6848 4.1032 -15.6438 1.9265 23.7765 2.4235 0.6394
Car -1 -1 -3.7911 1111.9189 162.8621 1242.0000 219.6835 1.4413 1.6028 4.1639 15.9557 1.1882 19.1770 -3.1049 0.5380
Car -1 -1 -3.8300 1137.9718 164.3931 1242.0000 234.2419 1.5294 1.6668 4.0877 14.8365 1.3445 16.6888 -3.1123 0.4847
Car -1 -1 1.9472 405.7650 183.7792 464.9106 214.9999 1.3988 1.5396 3.8399 -8.6169 1.9708 35.7407 1.7119 0.3612
Car -1 -1 -0.3134 0.0000 191.3146 156.8166 252.7900 1.4067 1.5832 4.1023 -15.1560 1.9713 19.9212 -0.9575 0.3319
Car -1 -1 -1.5616 654.9390 177.3749 682.8126 202.8047 1.4249 1.5872 3.9397 3.5031 1.7086 43.1830 -1.4817 0.1834
