Car -1 -1 -1.7036 715.8453 180.3432 804.6972 247.9189 1.4152 1.5601 3.9146 3.4837 1.6186 17.5516 -1.5117 0.8750
Car -1 -1 1.3711 102.6160 194.2065 412.5591 375.0000 1.4452 1.7238 4.3239 -3.6270 1.7129 6.8032 0.8965 0.7462
Car -1 -1 -1.5982 685.7307 176.6249 725.9106 214.5914 1.5015 1.5818 3.4927 3.9871 1.6719 30.7104 -1.4709 0.7267
Car -1 -1 0.9755 312.2396 193.2883 493.2682 285.0979 1.3949 1.5012 3.5443 -3.9791 1.8241 13.4295 0.6920 0.7175
Car -1 -1 2.1293 153.9809 192.1603 294.3058 258.6733 1.5171 1.5866 3.7286 -10.2974 2.0904 19.4901 1.6484 0.6497
Car -1 -1 -2.3884 467.4381 180.1769 584.4919 224.9658 1.3935 1.5560 4.0255 -2.9863 1.6646 24.8601 -2.5073 0.5800
Car -1 -1 -1.9367 810.6834 186.5761 1242.0000 375.0000 1.5169 1.5766 3.5613 2.5614 1.6508 5.1892 -1.5018 0.4710
Car -1 -1 1.0510 422.4379 185.0152 555.4531 246.8804 1.3880 1.6074 4.1585 -3.3585 1.7464 19.1302 0.8788 0.4196
Car -1 -1 2.6105 521.5836 177.6469 598.0286 204.7197 1.4562 1.5878 4.1279 -2.8790 1.7429 41.2751 2.5409 0.2303
Car -1 -1 -1.6897 657.7380 169.6136 693.1066 199.2829 1.7474 1.6995 3.9850 3.9552 1.5569 44.5103 -1.6021 0.1888
