Car -1 -1 -1.7995 710.3258 182.3215 883.6526 297.4668 1.4758 1.6637 4.4306 2.7488 1.6605 11.8313 -1.5779 0.9187
Car -1 -1 1.7244 472.7075 180.5571 536.7302 226.9062 1.4420 1.6175 3.8849 -3.6136 1.7306 25.0456 1.5820 0.8177
Car -1 -1 2.1316 0.0000 195.2995 341.0854 375.0000 1.4543 1.6153 3.9671 -3.5513 1.6806 5.2707 1.5611 0.7660
Car -1 -1 -1.6644 687.3315 180.3680 761.1436 240.6417 1.4427 1.5956 3.9414 2.9813 1.6700 19.7789 -1.5178 0.7538
Car -1 -1 1.8613 318.4048 172.6302 486.5134 284.7893 1.7279 1.7571 4.2953 -3.6264 1.7248 13.2845 1.5990 0.6815
Car -1 -1 -1.5423 653.9365 178.8732 683.6615 205.7314 1.4166 1.5793 4.2471 3.3677 1.7793 41.2360 -1.4619 0.6551
Car -1 -1 -0.2376 761.9332 178.0846 866.8592 214.4343 1.3993 1.5523 3.7725 8.0701 1.6148 28.8490 0.0320 0.6170
Car -1 -1 1.7364 499.2954 179.7445 551.7731 217.9142 1.4647 1.5729 3.8900 -3.5292 1.7742 30.3838 1.6212 0.4993
Car -1 -1 1.7375 518.0202 178.6993 564.1914 211.7464 1.5135 1.6165 4.1896 -3.4058 1.8225 35.9503 1.6432 0.2454
Car -1 -1 1.8582 546.3563 179.2506 584.6578 202.7283 1.4591 1.5480 3.7248 -2.9417 1.9019 47.9124 1.7967 0.1685
