Car -1 -1 3.7124 0.0000 191.2280 280.8387 297.5705 1.4893 1.6445 3.8969 -7.5000 1.7970 11.2284 3.1341 0.8000
Car -1 -1 -1.5481 582.8405 176.3646 614.7122 207.1059 1.5484 1.6245 3.6963 -0.5969 1.7456 38.6164 -1.5640 0.7665
Car -1 -1 0.4337 212.9401 178.8518 410.5933 246.3241 1.6241 1.7463 4.3613 -7.5987 1.7865 18.5176 0.0489 0.6824
Car -1 -1 -2.3860 0.0000 201.0078 173.8180 340.8950 1.4532 1.6127 3.9014 -7.7613 1.8297 8.7450 -3.0969 0.6473
Car -1 -1 3.4311 328.7339 180.7085 454.7529 223.8428 1.4928 1.6565 4.0593 -7.8673 1.7863 26.1004 3.1407 0.6427
Car -1 -1 1.6920 534.0455 178.3713 566.7758 202.2383 1.4630 1.6587 4.0571 -3.8873 1.8404 47.2389 1.6099 0.5378
Car -1 -1 0.4802 141.2971 187.7712 345.1466 259.4445 1.4781 1.6282 3.7230 -8.1156 1.8285 16.0804 0.0190 0.5175
Car -1 -1 3.2961 425.2448 179.2743 499.6678 207.1481 1.5187 1.6606 3.8991 -8.3008 1.8889 40.6515 3.0956 0.4415
Car -1 -1 3.4542 300.3614 168.5028 381.1034 197.0044 1.6460 1.6969 4.1462 -15.8814 1.3951 42.6032 3.0992 0.4090
Car -1 -1 -2.6307 370.6825 181.7109 470.8922 219.9963 1.4531 1.5693 3.6126 -7.6687 1.8263 29.1606 -2.8861 0.3712
Car -1 -1 -2.6312 260.6842 183.3505 412.8771 237.6716 1.4696 1.6354 3.8449 -7.9616 1.7921 21.0425 -2.9892 0.3288
Car -1 -1 0.4393 280.2990 183.3721 422.1673 230.7635 1.4638 1.6275 4.0932 -8.5020 1.8251 23.7443 0.0985 0.2441
