Car -1 -1 -1.6391 960.3743 157.0635 1056.2767 235.9770 1.5799 1.5973 3.9386 8.9562 1.2641 16.5666 -1.1513 0.7163
Car -1 -1 -2.3825 288.7195 162.2494 407.9604 207.9780 1.6143 1.7081 4.1843 -9.8730 1.2403 27.0903 -2.7291 0.7029
Car -1 -1 -1.5092 839.5120 148.5855 916.5543 223.0130 1.7866 1.7245 4.0584 7.2857 1.2044 19.5220 -1.1573 0.6044
Car -1 -1 -0.8925 991.9805 180.3913 1242.0000 306.6333 1.3642 1.5324 3.8635 6.9991 1.4732 9.1727 -0.2567 0.5925
Car -1 -1 0.4774 1049.0142 185.5145 1242.0000 375.0000 1.4846 1.5982 3.7722 3.7974 1.5683 2.7422 1.3724 0.4733
Car -1 -1 0.4899 1090.8363 160.8853 1242.0000 375.0000 1.5642 1.6159 3.6273 5.8813 1.5066 5.4633 1.2850 0.4351
Car -1 -1 -2.4269 355.8427 159.1279 461.0032 203.8350 1.7269 1.7109 3.9987 -8.2893 1.1970 29.4971 -2.6988 0.4336
Car -1 -1 2.4220 106.9194 167.1367 277.7783 235.8635 1.5210 1.6214 3.4322 -10.2250 1.3949 17.8538 1.9081 0.3683
Car -1 -1 -1.0803 539.3339 156.5870 606.4730 193.9661 1.6758 1.6461 3.6980 -1.7445 0.9469 34.3698 -1.1310 0.2522
Car -1 -1 -1.5832 944.1992 150.3913 999.1412 200.5011 1.6259 1.6173 3.7557 12.6582 0.8974 25.4522 -1.1264 0.1654
