Car -1 -1 1.7595 485.4727 184.7197 563.1592 243.0761 1.4920 1.5896 3.6633 -2.4574 1.8704 21.0967 1.6442 0.8858
Car -1 -1 -1.8415 760.4998 192.5522 1103.6180 375.0000 1.4331 1.6165 4.2744 2.5193 1.6823 6.9294 -1.5078 0.8789
Car -1 -1 0.1415 235.6137 189.7878 333.7356 226.1432 1.4640 1.6164 3.7167 -14.1747 2.2348 31.5395 -0.2781 0.8346
Car -1 -1 -1.4809 577.8148 186.6731 657.6903 257.4328 1.4069 1.5599 3.4125 0.2207 1.7633 16.8136 -1.4691 0.8200
Car -1 -1 -1.6032 706.9153 187.9652 792.6154 270.2278 1.4113 1.5360 3.4591 2.7412 1.7613 14.8684 -1.4255 0.7137
Car -1 -1 -1.4829 613.0721 180.2538 671.2322 232.6091 1.6361 1.6862 4.1056 1.1605 1.9179 25.2981 -1.4385 0.6841
Car -1 -1 3.3575 27.1685 194.4709 120.9362 222.2198 1.4158 1.6145 4.0003 -30.2261 2.6844 40.7789 2.7226 0.6197
Car -1 -1 -1.5551 687.5485 185.2911 755.3218 248.0544 1.4223 1.6094 4.1076 2.9578 1.7936 19.3610 -1.4067 0.5529
Car -1 -1 0.3799 91.4211 195.3746 201.9265 233.2276 1.4728 1.5551 3.6092 -19.5291 2.4588 30.4767 -0.1862 0.4614
Car -1 -1 1.9414 566.9887 182.9341 619.7189 212.0490 1.4609 1.6052 3.8953 -0.8961 2.0463 39.7647 1.9184 0.4379
Car -1 -1 1.5516 763.9264 175.3645 790.9362 199.8126 1.4805 1.5953 3.7045 10.6234 1.6481 46.0745 1.7764 0.2068
