Pedestrian -1 -1 -1.1465 433.0598 173.3663 493.3971 287.7723 1.6223 0.5830 0.8427 -2.1062 1.4856 10.4977 -1.3376 0.8581
Pedestrian -1 -1 -0.0891 406.8206 162.7015 468.9926 277.4478 1.8147 0.6600 0.9431 -2.7684 1.4934 11.6364 -0.3154 0.8059
Pedestrian -1 -1 2.9095 466.9973 167.8794 513.5184 257.4846 1.7846 0.6390 0.8196 -2.3601 1.4827 14.5275 2.7532 0.7867
Pedestrian -1 -1 0.8659 1028.6534 142.3109 1098.6945 245.2282 1.8128 0.6254 0.9166 8.3777 1.0956 12.9464 1.4305 0.5790
Pedestrian -1 -1 2.9509 322.9957 165.2547 411.0408 341.4998 1.7597 0.6007 0.7908 -2.5614 1.5828 7.5079 2.6356 0.5632
Pedestrian -1 -1 2.9435 491.2847 167.4465 525.9482 231.5144 1.8529 0.6485 0.9062 -2.8222 1.4013 20.8963 2.8128 0.2850
Pedestrian -1 -1 0.9946 100.2214 180.9619 141.4159 259.6406 1.6737 0.5339 0.5418 -10.5303 1.6294 15.3878 0.4056 0.2652
Pedestrian -1 -1 2.7992 474.6196 169.4856 516.5175 244.3671 1.7858 0.5965 0.8656 -2.6686 1.4623 17.3242 2.6505 0.1791
Pedestrian -1 -1 2.9417 491.5039 168.2798 525.9589 233.5412 1.8216 0.6094 0.8707 -2.7214 1.4091 20.1602 2.8111 0.1636
Cyclist -1 -1 -0.7968 234.3437 162.9915 414.7256 366.7339 1.7601 0.5582 1.7980 -2.7335 1.5878 7.0372 -1.1516 0.2243
Car -1 -1 -1.6039 551.3395 189.6704 667.2116 295.0033 1.3840 1.5642 3.4761 -0.0175 1.5064 11.2676 -1.6043 0.6764
Car -1 -1 -0.3338 798.3604 171.2369 875.0220 196.1103 1.5115 1.6747 4.1930 14.4530 0.7914 43.8330 -0.0157 0.5833
Car -1 -1 1.9277 378.0774 183.8832 422.6783 208.4048 1.4059 1.4693 3.3954 -12.0936 1.4556 42.3963 1.6535 0.4927
Car -1 -1 1.2916 485.2757 177.0960 531.7899 204.7864 1.5866 1.6909 4.2291 -5.7632 1.2434 42.7846 1.1604 0.4333
Car -1 -1 1.6145 576.0645 177.5881 605.0425 203.7200 1.4689 1.5440 3.5658 -0.6910 1.1599 41.5451 1.5997 0.3763
