Car -1 -1 -1.7473 682.9440 183.1430 776.6115 255.1263 1.4446 1.5292 3.3411 2.6074 1.7065 16.6492 -1.5956 0.8752
Car -1 -1 -0.1749 156.1522 181.6423 413.8742 278.8663 1.4280 1.6098 3.9153 -5.6852 1.6041 12.6701 -0.5895 0.8572
Car -1 -1 2.8659 301.2425 182.5956 474.4377 246.3954 1.4210 1.5829 3.9230 -5.6433 1.6921 18.3213 2.5706 0.7588
Car -1 -1 -1.6867 644.0472 177.3630 700.0894 221.8446 1.5597 1.6581 4.1645 2.2723 1.7473 27.8364 -1.6068 0.6977
Car -1 -1 -1.7117 660.2788 180.8514 731.3820 236.2691 1.4837 1.5878 3.7378 2.4506 1.7462 21.7536 -1.6019 0.6952
Car -1 -1 -2.0396 800.7574 189.0362 1242.0000 375.0000 1.4563 1.6092 4.0774 2.5853 1.6116 4.8621 -1.5770 0.6931
Car -1 -1 2.7728 365.3209 176.0015 508.7273 230.9538 1.6595 1.7243 4.2941 -5.7333 1.7726 23.9334 2.5396 0.6744
Car -1 -1 2.6603 475.1806 179.5954 548.7719 204.9552 1.4220 1.5816 4.1074 -5.8834 1.8437 43.2610 2.5255 0.3189
Car -1 -1 2.5584 504.2686 179.5553 562.2737 200.7751 1.4316 1.5915 3.9028 -5.5015 1.9294 51.7029 2.4525 0.2624
Car -1 -1 -0.4814 452.8128 177.4941 537.1738 209.9919 1.5704 1.6397 3.9956 -5.9423 1.8221 37.2412 -0.6390 0.2237
