Car -1 -1 -1.9538 792.4966 174.3457 1035.0459 312.9525 1.6730 1.7307 4.4216 4.2067 1.7007 10.9883 -1.5982 0.8853
Car -1 -1 -1.1202 18.0857 191.2871 458.2143 375.0000 1.4152 1.5903 4.2456 -2.7829 1.6374 6.5145 -1.5105 0.8730
Car -1 -1 -1.3598 371.2994 184.5796 504.9520 282.5389 1.4378 1.5491 3.6617 -2.9473 1.6772 12.8668 -1.5814 0.8395
Car -1 -1 -1.4567 497.8569 176.5926 556.6096 226.4304 1.6379 1.6514 4.0512 -2.9490 1.7837 26.0414 -1.5690 0.7702
Car -1 -1 2.1264 60.9983 180.5776 229.5635 248.0383 1.4425 1.6403 3.9474 -11.3196 1.6552 17.8548 1.5679 0.7390
Car -1 -1 -1.3807 433.2938 170.5585 528.9689 250.5899 1.7746 1.6284 3.8287 -3.1252 1.7240 17.9259 -1.5516 0.7263
Car -1 -1 -1.7300 670.6713 181.0509 712.9938 211.2208 1.3895 1.5286 3.6579 4.0052 1.8213 36.1078 -1.6210 0.6775
Car -1 -1 -0.8156 1123.5540 185.5221 1242.0000 266.6900 1.4433 1.6202 3.8037 12.4280 1.7098 14.1478 -0.1057 0.6564
Car -1 -1 2.0392 238.6381 179.0346 320.2958 213.8151 1.4921 1.7002 4.3509 -15.4711 1.8023 33.9484 1.6142 0.5150
Car -1 -1 2.2008 31.6740 180.6179 170.0695 234.6634 1.4545 1.5575 3.6284 -15.2418 1.7090 21.7759 1.5957 0.5075
Car -1 -1 2.1632 168.6513 179.7198 278.1762 223.0085 1.5304 1.6768 4.2967 -15.1251 1.8226 28.4379 1.6780 0.3502
Car -1 -1 -1.5060 554.3565 177.4200 577.8378 197.3208 1.4946 1.6100 3.8041 -3.4605 1.8675 56.9655 -1.5668 0.2669
Car -1 -1 1.8534 381.1083 172.6110 431.7218 203.7646 1.7710 1.7752 4.3236 -12.1437 1.7576 43.1856 1.5805 0.2601
Car -1 -1 1.9431 347.6288 178.1230 394.2201 202.9110 1.4795 1.5359 3.7770 -15.1522 1.8285 45.8107 1.6251 0.2545
