Pedestrian -1 -1 -2.2970 392.9414 163.5289 443.5108 259.5661 1.7868 0.5998 0.7405 -3.7386 1.6136 13.8760 -2.5562 0.2031
Car -1 -1 -1.8144 716.0120 181.5488 883.6147 300.2884 1.4659 1.5433 3.6561 2.6344 1.6212 11.0147 -1.5868 0.8787
Car -1 -1 -2.0124 788.9271 191.6294 1199.5181 375.0000 1.4381 1.4899 3.4688 2.6902 1.6423 6.0632 -1.6141 0.8679
Car -1 -1 -1.7115 669.7930 173.0301 768.4925 250.6917 1.6314 1.6883 4.3896 2.4278 1.6365 17.3633 -1.5758 0.8508
Car -1 -1 3.2194 0.0000 175.3904 315.1154 354.9265 1.4993 1.6627 4.0966 -5.5662 1.5333 7.8186 2.6164 0.7610
Car -1 -1 -0.3796 397.7766 171.3803 522.9565 219.4617 1.6740 1.7224 4.2535 -5.6056 1.6230 27.0076 -0.5828 0.6413
Car -1 -1 2.9600 189.5774 167.3252 444.0715 273.8392 1.7179 1.7528 4.1664 -5.4673 1.6291 13.4843 2.5811 0.5636
Car -1 -1 -1.6810 655.7281 179.4850 707.7720 221.8538 1.4426 1.5308 3.5321 2.5685 1.7065 26.8996 -1.5875 0.5283
Car -1 -1 -0.5613 491.3267 175.9657 561.4498 204.2312 1.5406 1.6057 3.7253 -4.8190 1.7278 41.5123 -0.6766 0.5020
Car -1 -1 2.6519 440.8868 178.0456 534.1937 212.6196 1.4513 1.5774 3.8751 -5.5433 1.6995 32.6365 2.4845 0.3122
