Pedestrian -1 -1 1.2641 732.7861 158.3140 765.6530 224.6376 1.8345 0.6499 0.9638 4.0493 1.2224 20.0660 1.4619 0.8047
Pedestrian -1 -1 1.3157 760.8002 156.7299 791.7575 222.3770 1.8419 0.6304 0.9959 4.8830 1.1765 20.3374 1.5496 0.6655
Pedestrian -1 -1 1.4084 786.9929 155.8656 816.7585 221.0826 1.8196 0.6662 0.9826 5.5934 1.1338 20.2452 1.6757 0.5896
Pedestrian -1 -1 1.0370 1137.1018 125.0045 1221.3807 246.0677 1.9059 0.6840 0.9444 9.3812 1.0339 11.6394 1.7038 0.5030
Pedestrian -1 -1 -1.5073 159.1184 170.4806 202.0049 271.2565 1.7777 0.6195 0.7695 -7.8059 1.6026 12.9502 -2.0372 0.1472
Cyclist -1 -1 2.0063 0.0000 156.3502 133.2144 370.0000 1.7150 0.5386 1.8090 -3.7198 1.5965 4.4557 1.3467 0.1426
Car -1 -1 1.9641 168.0890 185.4419 352.9389 290.7455 1.5283 1.5572 3.6081 -5.7804 1.6285 12.2590 1.5350 0.8455
Car -1 -1 1.8364 347.3354 186.6769 438.9679 240.1627 1.3718 1.5641 3.8488 -6.0560 1.5696 20.5132 1.5552 0.3891
Car -1 -1 2.1973 0.0000 194.3538 130.0016 370.0000 1.5304 1.6052 3.5572 -3.9549 1.6336 3.2674 1.3654 0.2475
Car -1 -1 -0.6267 638.4144 174.7337 681.9997 190.3100 1.4428 1.5907 3.9455 5.2842 0.9098 67.1906 -0.5470 0.1126
Car -1 -1 -0.3823 829.2110 163.7748 887.6918 182.9063 1.4504 1.5772 3.9346 19.5046 0.1837 54.4601 -0.0385 0.1012
