Pedestrian -1 -1 2.2529 624.9451 173.9509 649.7761 219.0074 1.6281 0.5172 0.8143 0.9664 1.6696 26.5702 2.2882 0.3329
Car -1 -1 -2.7411 234.0991 188.0009 499.0957 278.3949 1.4016 1.6082 4.0402 -4.1491 1.6846 12.4845 -3.0564 0.8863
Car -1 -1 -1.7154 678.8274 177.5248 771.3326 250.6230 1.4493 1.5176 3.6097 2.4408 1.5672 16.3391 -1.5707 0.7847
Car -1 -1 -1.7698 706.8196 143.5002 899.1955 302.1103 1.8902 1.7950 4.4712 2.5498 1.5408 10.8533 -1.5461 0.7516
Car -1 -1 2.2117 0.0000 193.3804 189.5576 273.8120 1.4118 1.6773 4.3804 -11.5288 1.9302 15.9997 1.5949 0.5186
Car -1 -1 -1.6426 0.0000 194.0828 220.4297 375.0000 1.4426 1.6157 3.8180 -5.2475 1.7129 7.1821 -2.2564 0.4780
Car -1 -1 2.0993 139.5719 192.5123 262.0993 251.1744 1.4307 1.4968 3.3967 -11.5070 2.0352 20.4574 1.5921 0.4573
Car -1 -1 0.8802 448.4951 179.6079 549.8409 218.6953 1.4032 1.6268 4.2590 -4.4954 1.6904 28.6198 0.7253 0.3481
Car -1 -1 -1.6827 637.2715 177.9465 689.7835 220.6077 1.4685 1.5680 3.4216 1.8983 1.6717 26.9928 -1.6139 0.2791
Car -1 -1 1.9298 257.5769 188.9202 358.7733 246.5919 1.4521 1.5272 3.6185 -8.7109 1.9612 21.0160 1.5408 0.2259
Car -1 -1 1.9795 430.8087 177.3790 472.4200 198.6522 1.4639 1.5536 3.8599 -11.5161 1.8067 52.5623 1.7646 0.1743
