Pedestrian -1 -1 0.9020 968.4095 140.5363 1066.3390 291.5580 1.8949 0.6476 0.9836 5.4091 1.3952 9.4036 1.4113 0.8515
Pedestrian -1 -1 0.7053 1028.7861 139.9546 1133.8220 290.0632 1.8816 0.6447 0.9712 6.2703 1.3750 9.4155 1.2790 0.7226
Pedestrian -1 -1 0.9175 1051.9185 135.4308 1176.7515 319.5231 1.8560 0.6587 0.9171 5.3884 1.4033 7.5992 1.5165 0.6294
Pedestrian -1 -1 0.8179 1002.5302 144.6704 1119.9017 327.9821 1.8134 0.6158 0.8603 4.7447 1.4607 7.4732 1.3664 0.5291
Pedestrian -1 -1 3.1716 411.4178 174.6967 435.3979 230.6171 1.7233 0.6236 0.7084 -5.7192 1.5460 22.1653 2.9242 0.2206
Pedestrian -1 -1 2.1303 389.6161 178.7933 416.4405 226.6805 1.5780 0.5489 0.7537 -6.8052 1.5233 23.7334 1.8562 0.1863
Pedestrian -1 -1 0.7538 1185.0363 125.2839 1224.0000 309.1570 1.8016 0.5675 0.8282 6.6337 1.2623 7.3640 1.4675 0.1016
Pedestrian -1 -1 1.4522 763.6057 165.0327 779.5503 203.3991 1.7645 0.6330 0.7839 7.7386 1.0546 32.9374 1.6825 0.1003
Cyclist -1 -1 1.8284 405.3520 174.9134 437.7222 232.4197 1.7168 0.5271 1.8081 -5.7234 1.5516 22.0094 1.5792 0.1576
Car -1 -1 2.2225 490.0683 175.5234 583.3974 220.2200 1.6618 1.6195 4.0220 -2.6837 1.4783 28.4169 2.1310 0.7481
Car -1 -1 -1.3940 316.7679 183.6692 363.0672 213.0588 1.4140 1.5876 3.7288 -13.6022 1.5875 36.4134 -1.7470 0.2122
Car -1 -1 -1.2543 513.6251 168.1452 556.5042 194.4013 1.8104 1.8082 4.3584 -4.9878 0.9598 51.0720 -1.3494 0.1745
Car -1 -1 -0.1761 746.7003 170.3490 796.5057 187.1881 1.4741 1.6267 4.0834 14.7909 0.5867 62.8152 0.0558 0.1420
