Pedestrian -1 -1 -0.9325 321.1046 170.5003 384.6768 278.0158 1.7385 0.5992 0.8874 -4.3776 1.7008 12.1766 -1.2715 0.5657
Pedestrian -1 -1 3.3490 340.6952 166.1186 390.2717 268.6178 1.8468 0.5805 0.7638 -4.5587 1.7258 13.3306 3.0248 0.5225
Pedestrian -1 -1 1.6544 300.0405 164.7546 342.9726 276.1314 1.8543 0.6234 0.7894 -5.0285 1.7198 12.4779 1.2780 0.4683
Pedestrian -1 -1 -3.1686 632.5332 174.9708 648.7022 208.6468 1.6841 0.6110 0.7979 1.5049 1.7922 36.4294 -3.1282 0.1518
Pedestrian -1 -1 -1.3324 1100.9673 139.6116 1179.8839 292.7785 1.7245 0.5885 0.8585 6.2914 1.3506 8.6252 -0.7187 0.1125
Pedestrian -1 -1 2.0490 658.8177 175.3039 678.0884 215.9541 1.7039 0.5250 0.7699 2.4539 1.8104 30.7638 2.1271 0.1119
Pedestrian -1 -1 2.0624 673.1792 175.6765 691.6030 216.7568 1.6996 0.5255 0.6532 3.0030 1.8203 30.3245 2.1595 0.1031
Cyclist -1 -1 -1.7915 631.0756 175.5547 649.6237 209.8081 1.6870 0.5432 1.8564 1.4930 1.8281 36.6462 -1.7517 0.1526
Car -1 -1 2.1208 0.0000 184.0725 305.8384 343.4173 1.5758 1.6238 3.7680 -5.6098 1.7503 9.2993 1.5901 0.8406
Car -1 -1 1.8137 342.7824 186.0268 445.1841 256.4248 1.4490 1.5182 3.5968 -5.1178 1.7997 17.3604 1.5305 0.8389
Car -1 -1 -1.3625 451.7668 178.6617 516.4138 223.9098 1.5884 1.6538 4.0550 -4.8245 1.8300 27.9115 -1.5326 0.7768
Car -1 -1 1.7788 484.7080 181.7129 534.2952 216.5837 1.4595 1.5184 3.6943 -4.5827 1.8890 33.0557 1.6415 0.5160
Car -1 -1 -2.6559 916.6830 158.7469 1242.0000 295.4171 1.5299 1.6024 3.4166 6.1917 1.3724 9.9511 -2.1131 0.1129
