Car -1 -1 -1.7676 688.3396 178.5409 797.1510 253.8081 1.4259 1.5638 3.9789 2.7428 1.5681 15.9830 -1.6016 0.8876
Car -1 -1 -1.5249 573.2341 168.3177 634.9354 228.5947 1.6785 1.7064 4.3092 -0.1383 1.5526 22.2762 -1.5318 0.8563
Car -1 -1 -1.8399 745.0164 186.4022 983.2662 345.2055 1.3929 1.5406 3.8856 2.6585 1.5919 8.6174 -1.5515 0.8288
Car -1 -1 2.2579 0.0000 183.9375 107.7753 255.3661 1.4585 1.5968 3.9178 -14.2625 1.7548 17.3026 1.5759 0.7486
Car -1 -1 -1.5834 649.0133 170.5992 690.9786 211.1501 1.5766 1.6293 3.6568 2.4146 1.4893 29.9290 -1.5042 0.7071
Car -1 -1 -2.1178 826.3235 198.9730 1242.0000 375.0000 1.4151 1.6429 4.3735 2.5342 1.6313 3.7662 -1.5622 0.6744
Car -1 -1 1.9493 344.5682 174.6675 395.3275 202.0099 1.5238 1.5892 3.6378 -14.0516 1.6352 42.3177 1.6303 0.6600
Car -1 -1 2.0400 295.9500 177.6708 361.6169 208.6390 1.4623 1.5554 3.7895 -14.2369 1.7203 36.6408 1.6715 0.6193
Car -1 -1 -1.7062 677.4272 174.9624 750.5087 233.3640 1.5145 1.5719 3.5247 2.8321 1.5802 20.5990 -1.5722 0.5934
Car -1 -1 1.9204 164.4116 181.0666 254.7717 224.7486 1.4165 1.6022 3.9421 -14.4779 1.7391 26.2410 1.4203 0.5734
Car -1 -1 -1.5638 634.3333 170.9801 660.5914 196.6170 1.5429 1.5797 3.8194 2.3327 1.4305 45.3725 -1.5132 0.2738
