Pedestrian -1 -1 1.2508 747.6144 159.0326 803.6895 272.2508 1.8477 0.6581 0.9375 2.8794 1.4562 12.0297 1.4810 0.8884
Pedestrian -1 -1 0.5470 649.9155 168.2519 707.7852 270.4600 1.6891 0.5271 0.8364 1.2595 1.4450 12.1418 0.6489 0.8226
Pedestrian -1 -1 1.2490 439.1114 170.6248 469.0248 231.5522 1.6547 0.5868 0.8230 -4.1853 1.3171 19.7009 1.0445 0.7736
Pedestrian -1 -1 0.4260 681.7423 168.2346 733.2392 261.9096 1.6674 0.4984 0.8040 1.8822 1.4041 13.0063 0.5676 0.7634
Pedestrian -1 -1 1.0421 511.1183 167.6087 547.2159 235.3661 1.7177 0.5798 0.8642 -1.9626 1.3262 18.4392 0.9394 0.7590
Pedestrian -1 -1 1.8788 543.2927 166.9565 575.3090 231.6876 1.7362 0.6427 0.8832 -1.2259 1.3043 19.4655 1.8184 0.6890
Pedestrian -1 -1 -2.2393 666.5558 171.3426 712.0169 250.5580 1.6240 0.5705 0.8187 1.7859 1.3842 14.9879 -2.1218 0.6375
Pedestrian -1 -1 1.0046 380.0532 170.4843 409.0980 224.5141 1.6382 0.5285 0.7794 -6.4816 1.2568 21.8888 0.7223 0.4389
Pedestrian -1 -1 2.8332 369.8728 168.4692 397.7620 216.7695 1.6985 0.5755 0.8198 -7.8746 1.1851 25.3291 2.5370 0.4072
Pedestrian -1 -1 0.5733 1028.0171 170.2208 1131.8452 329.2584 1.5994 0.5187 0.7615 5.0360 1.4712 7.5589 1.1429 0.3970
Pedestrian -1 -1 1.1119 392.0670 171.9394 416.1735 223.2329 1.6473 0.5183 0.6677 -6.5315 1.2900 23.1235 0.8419 0.3802
Pedestrian -1 -1 2.4047 356.5045 171.3104 382.9536 216.0458 1.6340 0.5882 0.7276 -8.6892 1.2044 26.2824 2.0907 0.3093
Cyclist -1 -1 1.0864 558.9487 167.9669 602.1260 225.7227 1.7499 0.5474 1.8881 -0.7577 1.2925 22.3735 1.0546 0.6212
Car -1 -1 -2.1346 1070.0242 185.0955 1177.6974 223.1548 1.4027 1.5606 3.9810 20.6812 1.4893 28.3022 -1.5073 0.6221
Car -1 -1 1.0751 581.6882 166.8053 669.5300 216.9454 1.8176 1.6855 4.1299 0.7825 1.2280 27.8501 1.1045 0.3980
Car -1 -1 -2.0173 942.6904 182.9511 1028.2009 223.7973 1.5461 1.6319 3.5846 15.3369 1.5415 28.5834 -1.5280 0.2793
Car -1 -1 1.1525 1001.8250 186.4492 1101.1265 226.3112 1.4462 1.6832 4.4071 17.7949 1.5923 28.3306 1.7099 0.2510
Car -1 -1 -0.7099 1158.3990 184.5324 1226.0000 239.3382 1.5005 1.6446 4.0476 18.5891 1.5444 20.2723 0.0259 0.2296
