Car -1 -1 -1.8390 752.9138 180.0649 950.8386 309.0465 1.4976 1.6195 4.0752 3.2383 1.6249 10.6561 -1.5527 0.9068
Car -1 -1 -1.7335 698.3644 182.6804 798.8448 258.5744 1.4164 1.5320 3.6652 2.8536 1.6567 15.7812 -1.5589 0.8632
Car -1 -1 3.4039 287.6288 182.1179 507.0775 258.1825 1.4624 1.6532 4.0650 -4.3231 1.6656 14.9366 3.1262 0.7840
Car -1 -1 -2.2427 855.1671 188.8293 1242.0000 375.0000 1.4779 1.6154 3.9573 2.8127 1.6065 3.7581 -1.6381 0.7050
Car -1 -1 -1.7733 681.2807 181.5088 757.8541 236.8101 1.4465 1.5264 3.4839 3.0852 1.7228 21.2144 -1.6317 0.6957
Car -1 -1 0.3892 102.4814 162.2912 469.3475 298.8869 1.7981 1.8005 4.4890 -4.4995 1.6594 10.4180 -0.0100 0.6708
Car -1 -1 -1.6577 663.5447 182.2173 714.6359 225.3213 1.4072 1.5151 3.5165 2.7539 1.7692 26.0932 -1.5545 0.6376
Car -1 -1 0.7235 0.0000 188.4102 292.8304 375.0000 1.4718 1.5930 3.8779 -4.4858 1.5946 4.8670 0.0058 0.5410
Car -1 -1 -2.8365 398.5928 173.3540 542.2345 232.8345 1.7606 1.7318 4.0591 -4.3311 1.7773 22.4684 -3.0254 0.5171
Car -1 -1 -1.6608 656.2366 176.2301 694.6280 210.1540 1.5977 1.5867 3.5488 3.1899 1.7753 36.1098 -1.5740 0.2799
Car -1 -1 -2.8291 362.3894 179.9599 511.4767 239.1406 1.5401 1.6385 3.6873 -4.7693 1.7466 19.9702 -3.0612 0.2734
