Pedestrian -1 -1 1.7349 712.3455 164.6979 751.9204 263.4965 1.7044 0.5733 0.8632 2.1485 1.5641 12.9454 1.8946 0.6509
Pedestrian -1 -1 1.2973 749.8254 166.9347 797.4722 267.9733 1.6775 0.5794 0.8691 2.7534 1.5796 12.4280 1.5093 0.6084
Pedestrian -1 -1 -0.6431 927.7363 152.2251 1007.3177 286.7315 1.7537 0.6085 0.7510 4.7801 1.4851 9.7778 -0.2010 0.5853
Pedestrian -1 -1 1.6066 825.2966 161.6752 852.0795 238.9740 1.7467 0.5732 0.6918 5.2556 1.4944 16.7223 1.9054 0.2544
Pedestrian -1 -1 1.6157 998.9152 151.5548 1043.5723 272.6195 1.7504 0.5635 0.8562 6.1915 1.4428 10.9418 2.1185 0.2415
Pedestrian -1 -1 1.6152 789.3407 162.7402 815.1246 239.8641 1.7479 0.5556 0.6177 4.4111 1.5190 16.7262 1.8679 0.2200
Pedestrian -1 -1 0.0045 708.7689 166.7794 740.9292 248.2661 1.6976 0.5152 0.6639 2.3889 1.5714 15.3350 0.1551 0.1970
Pedestrian -1 -1 -0.9495 994.8305 154.2555 1077.2433 297.9101 1.7025 0.5541 0.7500 5.2313 1.4825 8.9581 -0.4360 0.1964
Pedestrian -1 -1 1.6254 1070.2786 148.1288 1121.3695 279.2447 1.7560 0.5665 0.8258 6.7959 1.4252 10.1613 2.2010 0.1306
Pedestrian -1 -1 -0.2620 636.9138 166.7663 657.5481 208.5856 1.7727 0.6195 0.7482 1.5538 1.5150 30.9648 -0.2129 0.1111
Pedestrian -1 -1 -2.7823 895.3148 161.1635 931.2790 234.3296 1.6878 0.5644 0.6286 7.1236 1.4185 17.0621 -2.3935 0.1046
Cyclist -1 -1 -1.6964 637.2598 167.0647 655.3157 208.8138 1.7432 0.5497 1.7947 1.5094 1.5018 31.0403 -1.6489 0.2650
Car -1 -1 -1.0743 71.4009 170.3689 358.8532 317.9229 1.6281 1.6764 4.0457 -5.1348 1.6010 10.0076 -1.5382 0.8150
Car -1 -1 1.8930 306.1666 176.8488 439.7997 258.7684 1.4960 1.5522 3.7079 -4.8813 1.5910 15.2224 1.5871 0.7961
Car -1 -1 2.2433 0.0000 177.1843 93.3240 217.5639 1.4918 1.5883 3.8154 -22.9624 1.6776 28.9778 1.5775 0.3586
