Car -1 -1 -0.5048 801.9333 182.1100 1169.3494 299.3857 1.4701 1.7226 4.3239 5.0582 1.6136 10.1776 -0.0559 0.9192
Car -1 -1 2.1628 0.0000 197.6324 307.4930 369.5824 1.4275 1.6548 4.3479 -5.5708 1.8070 8.8303 1.6130 0.8372
Car -1 -1 -0.4849 728.8415 182.1285 931.5020 257.6952 1.4614 1.6110 3.8367 4.5961 1.6750 15.4116 -0.2012 0.8118
Car -1 -1 -0.5214 761.8491 182.6135 1010.4865 273.4796 1.4505 1.6156 3.8664 4.8018 1.6405 12.8868 -0.1732 0.7639
Car -1 -1 -0.2226 686.0671 179.8469 797.7076 222.0478 1.4599 1.6005 3.7121 4.6800 1.7223 26.1414 -0.0481 0.7535
Car -1 -1 2.6344 693.7326 179.0946 884.0496 248.3034 1.5800 1.7173 4.3655 4.4179 1.7495 18.1399 2.8687 0.6317
Car -1 -1 -0.2367 676.4627 181.2706 783.7977 219.0373 1.4376 1.5823 3.9654 4.7097 1.7852 28.8231 -0.0770 0.4903
Car -1 -1 -1.3485 658.4856 179.9872 707.2489 212.8665 1.4478 1.5658 3.6540 3.5070 1.8099 34.6099 -1.2490 0.2982
Car -1 -1 1.6097 514.0808 185.4338 539.5638 209.1137 1.4140 1.5084 3.6513 -5.4111 2.2658 46.9543 1.4951 0.2727
Car -1 -1 1.3382 344.0940 184.9437 447.7270 251.2647 1.4758 1.6824 4.2642 -5.8320 1.8350 19.1458 1.0458 0.2378
