Pedestrian -1 -1 1.3788 404.1996 159.9140 440.5897 243.9121 1.8096 0.6224 0.9329 -4.1245 1.3677 15.7817 1.1299 0.8485
Pedestrian -1 -1 1.1394 752.4920 165.5043 783.1038 224.5452 1.8151 0.6585 0.8040 5.0726 1.3557 22.1936 1.3627 0.4707
Pedestrian -1 -1 -0.2385 316.9143 164.4464 352.8979 222.2229 1.7251 0.5942 0.9151 -8.2887 1.2473 21.6091 -0.5981 0.2245
Pedestrian -1 -1 0.1951 307.4478 163.7259 337.1514 213.4184 1.7616 0.6210 0.8878 -10.1950 1.1685 25.4450 -0.1798 0.2074
Cyclist -1 -1 -1.3041 318.0780 165.3648 353.7760 222.1585 1.6710 0.5506 1.8485 -8.2849 1.2273 21.7436 -1.6615 0.3012
Cyclist -1 -1 -1.4967 313.8484 163.2424 335.2661 212.8559 1.7325 0.5819 1.8118 -10.1834 1.1314 25.6373 -1.8687 0.1736
Car -1 -1 -2.2435 1025.6915 182.3205 1156.8724 228.4014 1.4306 1.5596 3.9206 16.3887 1.4995 24.1215 -1.6513 0.8377
Car -1 -1 -2.1114 958.0661 181.3871 1065.7969 227.8920 1.4659 1.5658 3.5402 13.7348 1.5000 24.1414 -1.5983 0.6995
Car -1 -1 -1.5707 603.4508 174.8922 634.5515 203.3301 1.4207 1.5540 3.5564 0.7224 1.1419 37.1107 -1.5497 0.6153
Car -1 -1 0.9577 1101.3993 183.0274 1224.0000 228.6201 1.4290 1.6020 4.0085 19.2581 1.5251 24.4234 1.6206 0.5931
