Car -1 -1 -1.7208 688.4435 181.7648 787.0579 254.0892 1.4001 1.5685 4.1265 2.7389 1.6304 16.5468 -1.5605 0.9310
Car -1 -1 3.0881 104.8697 178.1870 406.7363 294.8977 1.4353 1.5716 3.7208 -5.1005 1.5256 10.5875 2.6484 0.8532
Car -1 -1 -1.6361 663.1929 177.0373 708.8453 217.1352 1.5076 1.5918 3.6832 2.9950 1.6891 29.3832 -1.5362 0.7273
Car -1 -1 2.8830 354.7634 177.6899 511.1742 236.5144 1.4668 1.6522 3.9024 -4.9132 1.6118 19.9191 2.6437 0.7143
Car -1 -1 2.8369 355.9075 171.3710 508.3021 230.3415 1.6966 1.7237 4.3206 -5.5814 1.6543 22.6120 2.5971 0.3993
Car -1 -1 -1.7294 641.3370 178.3683 682.3552 207.6435 1.4639 1.5937 3.8938 2.7023 1.7765 38.8461 -1.6610 0.2853
Car -1 -1 1.4683 521.8605 178.9255 556.1899 205.7879 1.4502 1.5853 3.9343 -4.2059 1.8214 41.9792 1.3686 0.2137
Car -1 -1 1.5061 639.0051 175.3610 670.6019 202.1832 1.5563 1.6542 4.2729 2.6779 1.7183 44.4030 1.5654 0.1752
Car -1 -1 -1.3258 525.3790 176.2653 563.1428 201.2662 1.5226 1.5958 3.5819 -4.2114 1.7510 46.3480 -1.4164 0.1482
Car -1 -1 1.6450 547.9816 178.1911 572.0068 198.2954 1.4397 1.5456 3.6418 -3.7708 1.8564 54.4595 1.5758 0.1063
