Pedestrian -1 -1 -1.3494 467.5418 169.8090 502.9584 249.9129 1.7788 0.6423 0.7669 -2.8800 1.7115 16.4188 -1.5211 0.2453
Car -1 -1 -1.8014 694.4811 171.9757 835.5677 266.8792 1.4786 1.6038 3.8794 2.6007 1.4652 13.2097 -1.6121 0.9015
Car -1 -1 -1.6857 667.7941 173.5123 751.0586 236.7350 1.4601 1.6242 4.2990 2.4269 1.4796 18.8635 -1.5605 0.8477
Car -1 -1 2.4080 0.0000 205.3378 177.1481 358.8495 1.4321 1.6325 4.1354 -8.2155 1.9720 9.8141 1.7243 0.7784
Car -1 -1 -1.5332 579.5767 174.8814 616.1121 208.6576 1.5476 1.6430 3.8743 -0.5835 1.6525 35.2460 -1.5502 0.7465
Car -1 -1 -1.6841 648.9502 173.7851 699.7247 214.3367 1.4890 1.5720 3.6263 2.4281 1.5284 28.4109 -1.6003 0.6497
Car -1 -1 -1.6093 638.7385 174.4577 676.5475 207.0577 1.4339 1.6052 4.0120 2.1503 1.5143 33.9582 -1.5471 0.3401
Car -1 -1 -2.1219 0.0000 0.0000 1242.0000 375.0000 1.4410 1.5716 3.8346 2.2632 1.5059 1.4998 -1.2231 0.2479
Car -1 -1 0.0805 455.8944 180.8993 519.2051 205.1793 1.5224 1.6385 3.9369 -7.9443 2.0565 46.8804 -0.0868 0.2119
Car -1 -1 -1.4135 504.9766 177.7421 532.8262 197.8031 1.4529 1.5631 3.5857 -6.9312 1.8379 54.9573 -1.5387 0.1693
Car -1 -1 -1.6512 623.6002 168.0322 653.5370 194.4502 1.6997 1.6810 4.0297 1.8479 1.3898 48.4679 -1.6137 0.1297
