Car -1 -1 -1.2750 262.8499 185.4219 469.2137 326.2699 1.4455 1.5376 3.5193 -3.0082 1.6417 9.4799 -1.5752 0.8500
Car -1 -1 -1.3704 387.7021 168.6518 510.0196 268.9591 1.7636 1.6573 3.8158 -3.1495 1.6901 14.5988 -1.5800 0.8481
Car -1 -1 -1.4059 474.5453 174.4661 547.3422 232.8889 1.6664 1.6311 3.9660 -3.0636 1.7220 22.6966 -1.5392 0.8160
Car -1 -1 -2.0796 850.7490 170.3994 1242.0000 375.0000 1.6794 1.7515 4.4144 4.1340 1.6616 7.5681 -1.5970 0.7980
Car -1 -1 -1.7631 673.2362 181.4172 721.7763 214.8022 1.3865 1.5274 3.4928 3.8679 1.7962 32.6857 -1.6470 0.7667
Car -1 -1 2.0770 107.1454 177.6896 227.9702 225.5661 1.4896 1.7050 4.2511 -15.2178 1.6722 25.0360 1.5354 0.7437
Car -1 -1 2.2587 0.0000 178.3285 103.6299 245.4877 1.5185 1.5969 3.8658 -15.2441 1.6745 18.5664 1.5782 0.6376
Car -1 -1 2.0225 188.9474 178.0046 279.6255 218.5334 1.5532 1.7010 4.2000 -15.6909 1.7851 30.3072 1.5481 0.5445
Car -1 -1 -1.5241 548.3691 177.6486 571.8160 198.3387 1.4580 1.5705 3.5967 -3.6983 1.8259 53.4991 -1.5932 0.3747
Car -1 -1 -1.4172 500.8975 179.3568 554.4362 218.3205 1.4379 1.5927 3.7530 -3.3024 1.7183 29.1685 -1.5295 0.3584
Car -1 -1 -0.8221 0.0000 188.5717 383.7318 375.0000 1.4873 1.6357 3.9220 -2.7356 1.6063 3.4076 -1.4619 0.3200
Car -1 -1 -1.6178 667.8587 179.5311 703.6454 210.0375 1.4327 1.6115 4.0803 3.7827 1.7935 36.8741 -1.5169 0.2828
Car -1 -1 1.9997 259.7845 176.3296 330.6188 211.8314 1.6562 1.6442 4.2135 -15.7289 1.8412 36.1973 1.5921 0.2503
