Car -1 -1 1.7991 282.3927 181.1122 458.6468 303.2977 1.4742 1.6243 3.9685 -3.4611 1.6240 11.0145 1.5006 0.8329
Car -1 -1 -0.3564 698.8369 177.1771 853.7136 231.0940 1.5895 1.7634 4.3940 5.1090 1.7326 22.6330 -0.1379 0.7851
Car -1 -1 -0.5399 806.1156 185.8202 1062.1206 279.6261 1.4631 1.6156 3.8012 5.5146 1.7090 12.6034 -0.1369 0.7391
Car -1 -1 1.7207 448.8385 182.4759 514.8002 231.9723 1.3948 1.5245 3.6533 -4.0287 1.7251 22.8912 1.5478 0.7113
Car -1 -1 2.6183 855.5934 195.7204 1186.4084 310.9957 1.3574 1.5342 3.5740 5.2861 1.6902 9.6545 3.1054 0.6947
Car -1 -1 2.8007 713.0482 184.4482 861.1973 238.0282 1.3645 1.5406 3.6307 4.7438 1.6979 19.7539 3.0322 0.6695
Car -1 -1 2.5961 756.5233 185.4568 984.3292 262.0676 1.4197 1.6349 4.2405 5.3176 1.7043 15.0246 2.9292 0.5874
Car -1 -1 -0.2654 667.7983 178.7049 766.0556 216.4674 1.4885 1.5929 3.7203 4.3327 1.7386 29.7734 -0.1229 0.5015
Car -1 -1 0.6406 1123.5289 210.0583 1242.0000 375.0000 1.4488 1.5350 3.8415 4.6969 1.7349 3.5826 1.5198 0.3417
Car -1 -1 1.6148 599.4775 178.6427 626.1839 201.5053 1.4753 1.6626 4.2393 0.2044 1.8926 49.8074 1.6184 0.3297
Car -1 -1 0.0404 647.7796 178.9445 734.3750 210.6876 1.4622 1.6048 4.0529 3.8788 1.7652 34.7519 0.1500 0.1994
