Car -1 -1 -1.8855 771.6022 182.0084 1025.8792 339.3036 1.4978 1.6304 4.1512 3.2600 1.6414 9.1983 -1.5561 0.9305
Car -1 -1 -1.7730 707.8960 182.1777 829.5041 268.8916 1.4492 1.5764 3.7327 2.9438 1.6588 14.3276 -1.5754 0.8450
Car -1 -1 3.4332 250.7746 183.8777 490.8541 267.8972 1.4550 1.6331 3.9812 -4.4084 1.6757 13.5675 3.1240 0.7506
Car -1 -1 -1.6727 667.7386 182.0624 723.6037 228.2695 1.4183 1.5170 3.5422 2.8114 1.7558 24.6322 -1.5612 0.7348
Car -1 -1 -1.7790 689.3232 181.3242 772.3511 241.4471 1.4604 1.5293 3.4675 3.1703 1.7139 19.7940 -1.6234 0.7320
Car -1 -1 -2.8455 378.1665 173.8041 535.4467 237.3918 1.7603 1.7441 4.1625 -4.4443 1.7898 21.0584 -3.0517 0.6329
Car -1 -1 0.4312 31.2504 166.0373 447.1401 320.8682 1.7418 1.7688 4.2925 -4.4323 1.6655 9.0293 -0.0142 0.5888
Car -1 -1 -2.2961 959.3420 187.4440 1242.0000 375.0000 1.4810 1.5835 3.6353 2.6783 1.5671 2.3768 -1.5113 0.5181
Car -1 -1 3.3660 346.4418 180.4706 504.1300 242.2482 1.4921 1.6054 3.6431 -4.6865 1.6964 18.4732 3.1204 0.4817
Car -1 -1 -0.5239 0.0000 211.9565 201.6078 375.0000 1.4278 1.5916 4.0475 -3.4554 1.6657 2.2792 -1.4576 0.3143
Car -1 -1 -1.6619 657.1124 175.2077 697.5353 212.0804 1.6710 1.5995 3.6198 3.1523 1.7906 34.7384 -1.5728 0.2736
