Cyclist -1 -1 -1.8665 685.7497 166.0263 722.7890 228.2708 1.7227 0.5401 1.8465 2.6646 1.5341 20.9221 -1.7423 0.3624
Car -1 -1 -1.2577 339.4646 179.4149 511.5182 291.9670 1.5721 1.6589 3.9747 -2.9858 1.7035 12.3616 -1.4907 0.8889
Car -1 -1 -1.7547 733.7501 177.0279 821.1091 238.3649 1.4399 1.5796 3.5253 4.2451 1.5603 18.9659 -1.5385 0.8463
Car -1 -1 2.0676 212.2215 181.9472 295.6342 219.9459 1.4442 1.5443 3.7003 -14.8425 1.8489 30.2026 1.6140 0.7649
Car -1 -1 -1.3156 445.0838 169.5436 540.8157 240.7727 1.7699 1.6629 3.9252 -3.1623 1.6880 19.9615 -1.4714 0.7588
Car -1 -1 -1.7308 711.3768 177.0515 780.7696 225.5147 1.4155 1.5778 3.8745 4.2666 1.5631 23.3602 -1.5530 0.6880
Car -1 -1 2.0145 280.2546 178.5940 352.6003 209.6732 1.4562 1.7014 4.3734 -14.9304 1.7676 36.8638 1.6319 0.5802
Car -1 -1 2.8001 775.6876 170.7864 855.0228 196.3155 1.5202 1.6878 4.3320 12.4388 1.3975 43.9525 3.0738 0.5340
Car -1 -1 -1.3238 490.3363 172.1589 566.5919 220.1774 1.6338 1.7666 4.5137 -2.9722 1.6105 26.9037 -1.4334 0.4689
Car -1 -1 1.9517 333.0665 176.1574 386.7251 204.0541 1.5441 1.5951 4.0305 -14.6841 1.7483 42.4738 1.6205 0.4012
Car -1 -1 -1.4118 528.6412 177.9718 574.3015 211.5729 1.4229 1.5428 3.4893 -2.6556 1.6694 32.8999 -1.4922 0.3623
Car -1 -1 -1.6655 680.3132 173.8865 725.2164 206.6458 1.4312 1.6661 4.3192 4.2438 1.4831 33.8390 -1.5423 0.3464
Car -1 -1 -1.3164 537.1387 172.2360 584.8846 203.8711 1.6405 1.6420 4.0654 -2.6611 1.6088 39.5646 -1.3835 0.2595
Car -1 -1 1.8951 366.9089 174.8021 408.4356 198.7583 1.5155 1.5557 3.6095 -14.6983 1.6498 47.7658 1.5978 0.2392
Car -1 -1 1.8071 660.3063 170.3690 696.0156 194.4449 1.6049 1.6307 3.8033 4.7472 1.4396 50.1576 1.9005 0.2355
