Car -1 -1 -1.9300 793.9988 183.6116 1119.2379 375.0000 1.4622 1.6002 4.1265 3.2305 1.6100 7.8114 -1.5523 0.9071
Car -1 -1 -1.7722 716.3735 183.2939 849.7326 279.6265 1.4280 1.5420 3.7204 2.8860 1.6430 12.9670 -1.5591 0.8727
Car -1 -1 3.4099 186.7473 184.6965 478.9151 283.2922 1.4809 1.6925 4.2703 -4.4940 1.6965 12.0955 3.0605 0.8150
Car -1 -1 -1.7885 694.0973 181.3847 784.4307 246.0078 1.4486 1.5231 3.4381 3.1418 1.6872 18.3915 -1.6228 0.7502
Car -1 -1 -1.6589 672.6602 182.7693 730.3802 231.6441 1.3989 1.5063 3.5389 2.8215 1.7422 23.1674 -1.5401 0.7331
Car -1 -1 -2.7914 369.2287 173.0034 529.8104 240.8762 1.7437 1.7062 3.9215 -4.3535 1.7484 19.6474 -3.0073 0.5869
Car -1 -1 -2.8359 324.6946 182.2462 496.5554 249.1901 1.4934 1.5994 3.6384 -4.7201 1.7292 17.2127 -3.1003 0.5744
Car -1 -1 0.4773 0.0000 155.4505 426.5060 349.7260 1.7959 1.7403 4.1929 -4.2938 1.6354 7.5861 -0.0234 0.5549
Car -1 -1 -1.6823 659.0729 176.8558 703.1093 213.3649 1.5672 1.6036 3.6604 3.1783 1.7621 33.2193 -1.5883 0.3219
Car -1 -1 3.1682 506.7267 176.5816 571.3969 203.1257 1.6516 1.7174 4.0440 -4.5425 1.8956 46.1724 3.0702 0.1969
