Car -1 -1 2.6925 817.8160 178.1232 1109.6178 273.3207 1.4218 1.6181 3.9500 5.5339 1.5139 11.7120 3.1235 0.8464
Car -1 -1 1.8114 338.3338 178.1220 449.8495 247.5986 1.4685 1.6377 4.1891 -5.1809 1.6136 17.6963 1.5300 0.8272
Car -1 -1 -0.4574 782.6743 177.2641 1002.7787 256.0661 1.4501 1.5966 3.7673 5.4873 1.5443 14.3676 -0.1001 0.7327
Car -1 -1 1.7659 436.5246 176.4131 502.6776 219.2611 1.5212 1.7020 4.4253 -5.4290 1.6716 28.1989 1.5770 0.7215
Car -1 -1 -0.3195 703.6516 170.2526 847.0750 225.9131 1.6117 1.6765 3.9163 4.9157 1.5367 21.9235 -0.1024 0.7078
Car -1 -1 2.1530 0.0000 153.5318 352.8011 375.0000 1.7972 1.7044 4.3161 -4.6449 1.6430 7.9809 1.6398 0.6423
Car -1 -1 2.8312 736.8950 172.7230 889.9703 231.1183 1.5083 1.5930 3.6692 5.3793 1.5053 19.5141 3.0956 0.5791
Car -1 -1 2.4899 947.3293 157.1151 1242.0000 353.5809 1.6722 1.6768 3.8383 5.5223 1.5386 6.9842 3.1378 0.5245
Car -1 -1 1.6690 484.2315 175.2520 519.9144 204.8907 1.4895 1.5336 3.5757 -5.7322 1.6235 38.3776 1.5213 0.4800
Car -1 -1 2.6394 732.9508 171.3719 920.4451 241.3192 1.5491 1.6475 3.9903 5.0750 1.5167 17.2182 2.9207 0.4486
Car -1 -1 -0.1103 663.1181 171.0151 771.8399 211.5494 1.6069 1.7027 4.2304 4.2867 1.5344 29.5204 0.0319 0.4430
Car -1 -1 0.8332 1062.7023 178.6419 1242.0000 375.0000 1.5028 1.6472 4.2501 4.2639 1.5501 3.6697 1.6539 0.2161
