Pedestrian -1 -1 -1.7389 879.0518 148.1182 918.9540 237.2083 1.7550 0.5986 0.9193 5.9489 1.1187 14.4366 -1.3539 0.7350
Pedestrian -1 -1 -1.5857 819.2802 156.2131 838.3312 205.4032 1.8192 0.6689 0.7945 8.3953 0.9225 26.6197 -1.2818 0.1694
Pedestrian -1 -1 1.7257 836.8854 154.5547 858.5029 205.3698 1.8713 0.6451 0.8654 9.0979 0.9174 26.5656 2.0537 0.1089
Car -1 -1 1.7947 441.4103 175.7410 505.4421 216.2674 1.4474 1.5850 3.8878 -5.0060 1.2789 27.2250 1.6167 0.7445
Car -1 -1 -0.1978 670.4579 167.2168 754.4936 197.2502 1.5149 1.6591 4.0497 5.5055 0.8463 36.5850 -0.0480 0.6426
Car -1 -1 -1.4336 505.6967 173.1625 543.5749 202.0121 1.5210 1.5880 3.6749 -4.4093 1.1356 39.1315 -1.5432 0.6030
Car -1 -1 3.1886 0.0000 167.0865 114.9684 203.1880 1.4906 1.6156 4.1015 -24.0161 0.9383 31.0197 2.5367 0.4116
Car -1 -1 -1.3995 653.3216 168.4996 687.3735 192.6592 1.4834 1.5756 3.6450 4.2298 0.7479 45.3730 -1.3055 0.3178
Car -1 -1 1.6988 534.7218 168.7781 561.3398 190.7887 1.6225 1.5654 3.6615 -4.3066 0.7597 53.9832 1.6215 0.2698
Car -1 -1 3.5875 0.0000 167.3729 91.3626 208.2930 1.5374 1.6756 4.0301 -22.9515 1.0457 27.8448 2.9057 0.2318
