Car -1 -1 -1.7778 693.2624 175.2958 803.6591 252.5275 1.4574 1.5645 3.6983 2.8056 1.5170 15.6060 -1.6041 0.8524
Car -1 -1 -1.9479 774.8098 175.6750 1095.5542 372.6353 1.5030 1.5828 3.6475 2.8773 1.5394 7.3955 -1.5914 0.8476
Car -1 -1 -1.7360 650.0372 175.0867 715.6596 222.1682 1.4860 1.5996 4.0017 2.3935 1.5702 25.0189 -1.6424 0.7941
Car -1 -1 2.1777 109.3983 194.3320 217.0930 234.3522 1.4245 1.6445 4.3429 -18.6305 2.3921 30.2754 1.6297 0.7726
Car -1 -1 2.0695 207.3270 190.6360 279.6333 223.5412 1.4748 1.5665 3.9183 -18.4645 2.4227 36.4635 1.6034 0.6865
Car -1 -1 2.2805 0.0000 199.8573 95.7689 254.7421 1.4705 1.5955 3.8033 -18.7460 2.4096 23.1541 1.6054 0.6447
Car -1 -1 1.9755 273.2379 189.4416 331.2386 215.3607 1.3757 1.5925 4.3981 -18.4219 2.4225 43.3154 1.5752 0.5374
Car -1 -1 -1.6561 638.1779 178.1358 683.8957 214.8303 1.4325 1.5936 3.9164 2.0695 1.6721 30.7058 -1.5900 0.4072
Car -1 -1 -1.4173 624.0219 175.1546 661.1785 202.5484 1.4809 1.5922 3.6177 1.8712 1.6190 41.2579 -1.3727 0.2902
Car -1 -1 1.9226 326.7423 186.8464 370.9044 208.9640 1.4412 1.6405 4.1611 -18.6932 2.4854 51.7374 1.5771 0.1822
Car -1 -1 -1.4241 600.0380 174.4848 625.9480 193.6091 1.4227 1.5192 3.4497 0.2343 1.5533 55.8035 -1.4203 0.1761
