Pedestrian -1 -1 1.0681 715.1779 151.7589 777.3090 264.4418 1.8459 0.6697 0.9424 2.3641 1.3768 12.1291 1.2575 0.8960
Pedestrian -1 -1 0.6587 819.9551 149.9191 910.5998 296.9798 1.8548 0.5972 0.9787 3.4296 1.4708 9.4858 0.9967 0.8454
Pedestrian -1 -1 0.8972 759.6845 154.3524 820.8526 262.1561 1.8284 0.5948 0.9309 3.2283 1.3866 12.5337 1.1450 0.8001
Pedestrian -1 -1 1.2740 489.9176 154.6429 543.8128 269.1684 1.8477 0.6428 0.9986 -1.5524 1.4322 11.9895 1.1504 0.7989
Pedestrian -1 -1 -2.4258 783.7212 147.5370 875.2232 299.4582 1.8374 0.5851 0.9777 2.8304 1.4404 9.1160 -2.1327 0.7101
Pedestrian -1 -1 1.0165 578.2344 152.4338 637.3272 260.0141 1.8742 0.6389 1.0154 -0.0039 1.3869 12.9128 1.0180 0.6844
Pedestrian -1 -1 -1.7608 393.2726 160.4618 422.9480 234.1641 1.8097 0.5607 0.9308 -5.0285 1.3193 17.8972 -2.0283 0.6350
Pedestrian -1 -1 -1.9768 416.9384 160.6320 452.9995 234.6100 1.8547 0.5785 0.9542 -4.4385 1.3582 18.2770 -2.2093 0.5861
Pedestrian -1 -1 -0.2663 582.9939 164.9804 611.1000 214.2833 1.7823 0.6413 0.8957 -0.3227 1.2228 25.9864 -0.2769 0.1754
Car -1 -1 -2.2430 1029.3478 182.8912 1154.0425 228.3487 1.4088 1.5312 3.6349 16.3236 1.4977 23.9761 -1.6499 0.8055
Car -1 -1 0.9630 1098.4996 182.5211 1224.0000 228.8474 1.4570 1.6303 4.0956 19.2420 1.5345 24.5020 1.6239 0.7159
Car -1 -1 -2.0980 959.6205 181.5309 1066.4268 227.7237 1.4560 1.5688 3.5346 13.7699 1.4953 24.1367 -1.5837 0.7080
Car -1 -1 -1.5520 598.0551 174.4770 629.6102 203.6847 1.4555 1.5738 3.6142 0.4857 1.1568 37.0622 -1.5373 0.2219
