Car -1 -1 -2.1803 720.5336 198.6564 1242.0000 375.0000 1.4410 1.6243 4.3423 2.4564 1.7374 5.9751 -1.8091 0.8922
Car -1 -1 1.6860 316.4008 197.3856 415.7939 277.4888 1.3862 1.5928 3.9799 -5.2754 1.9985 15.8847 1.3696 0.8586
Car -1 -1 -1.9479 618.2304 190.3397 817.2098 314.3012 1.4630 1.6034 4.0503 1.3908 1.7893 11.2861 -1.8299 0.8414
Car -1 -1 1.7664 384.6022 191.7668 453.9025 240.7611 1.4420 1.5762 3.7664 -6.4688 2.1390 24.6473 1.5118 0.8186
Car -1 -1 -1.7768 598.0588 193.1507 700.2736 274.8005 1.4525 1.5062 3.2976 0.6820 1.9368 15.4525 -1.7348 0.7274
Car -1 -1 1.7741 404.1637 191.9444 463.0291 232.9948 1.4930 1.6172 3.9305 -7.3159 2.3421 30.0841 1.5369 0.3246
Car -1 -1 -3.1585 762.1099 195.8978 882.5362 244.1774 1.3910 1.4817 3.5831 6.6904 2.1664 23.0878 -2.8808 0.2799
Car -1 -1 -3.6590 1143.9965 202.6217 1242.0000 349.4959 1.4527 1.6394 4.0426 9.3209 1.8791 8.9979 -2.8731 0.1650
Car -1 -1 1.3413 438.5030 190.1165 476.8211 214.0054 1.4636 1.6585 4.2475 -10.5790 2.7091 49.7666 1.1324 0.1340
Car -1 -1 1.7597 420.5056 192.2191 470.5717 226.9173 1.4546 1.6099 3.9956 -7.8388 2.4359 34.5263 1.5375 0.1329
Car -1 -1 1.4727 718.8618 189.5587 748.8079 212.1042 1.4241 1.6705 4.0906 8.6431 2.6487 50.7790 1.6397 0.1328
Car -1 -1 -0.2549 885.9422 199.0221 1086.6823 271.2902 1.4916 1.5840 3.8898 8.6119 2.1483 16.9183 0.2079 0.1306
