Car -1 -1 -2.7514 334.3018 175.3579 464.3508 220.7798 1.6717 1.7702 4.4740 -8.1031 1.7725 27.7993 -3.0329 0.8206
Car -1 -1 -3.3893 771.3727 172.3085 888.3377 213.3577 1.6075 1.7223 4.2297 8.7794 1.5865 29.1999 -3.1005 0.8073
Car -1 -1 2.3049 0.0000 178.0080 272.7487 361.5317 1.5033 1.7668 4.5322 -6.1263 1.5804 8.3943 1.6893 0.7935
Car -1 -1 -2.8931 452.6435 171.1964 568.5327 215.4144 1.8086 1.8021 4.5767 -4.2148 1.7412 30.6624 -3.0291 0.7591
Car -1 -1 -3.0718 875.7377 173.5067 962.9338 203.6604 1.4696 1.6409 3.9966 15.7607 1.5048 36.8713 -2.6711 0.7428
Car -1 -1 2.4719 259.0648 178.8997 331.0905 206.0984 1.6777 1.6990 4.2282 -20.8112 2.0974 47.7760 2.0629 0.5629
Car -1 -1 -2.3930 0.0000 181.3496 95.0625 218.4793 1.4194 1.5554 3.6820 -23.0319 1.7712 28.9253 -3.0611 0.5227
Car -1 -1 -3.7105 1152.0493 167.3835 1242.0000 202.9500 1.5410 1.6332 4.0091 26.9184 1.3043 32.3114 -3.0206 0.2732
Car -1 -1 1.9860 349.2436 179.5342 393.0799 200.3393 1.5225 1.6659 4.2830 -18.6435 2.0658 56.4314 1.6680 0.2569
Car -1 -1 -1.5906 586.1272 177.9692 604.6029 195.1978 1.4539 1.5568 3.5804 -1.3373 1.9194 63.7901 -1.6119 0.2534
