Cyclist -1 -1 1.7952 548.9815 173.1002 568.2152 210.7775 1.7728 0.5396 1.8165 -2.5135 1.7854 34.8991 1.7233 0.2883
Car -1 -1 -1.8974 750.9399 187.7285 1052.7500 375.0000 1.4238 1.5639 3.8694 2.5963 1.6199 7.5497 -1.5794 0.8467
Car -1 -1 -1.7194 686.2133 171.5378 815.2413 277.1410 1.7007 1.7108 4.3175 2.4449 1.6799 13.7943 -1.5488 0.8464
Car -1 -1 -1.6543 665.8965 180.3367 722.7764 228.7062 1.4152 1.5214 3.5201 2.6241 1.6771 23.4373 -1.5449 0.6581
Car -1 -1 2.8233 419.0362 178.9294 526.1205 216.2690 1.4058 1.5971 3.9827 -5.6160 1.6675 29.3684 2.6355 0.5764
Car -1 -1 -2.3885 955.8384 193.5960 1242.0000 375.0000 1.4784 1.5635 3.5726 2.6652 1.5946 2.2358 -1.5791 0.5661
Car -1 -1 -0.3285 366.5786 168.2361 511.0435 228.8790 1.8195 1.7537 4.2437 -5.5870 1.6813 23.5157 -0.5598 0.5036
Car -1 -1 3.0419 23.7279 161.2044 396.2322 313.3781 1.7397 1.7613 4.2683 -5.4596 1.6069 10.1556 2.5590 0.4750
Car -1 -1 -0.5517 481.5952 176.9667 559.3671 208.0122 1.5347 1.6121 3.7757 -4.7160 1.7617 37.9529 -0.6749 0.4602
Car -1 -1 2.9169 188.9307 178.9721 458.9625 273.4360 1.4263 1.6451 4.2754 -5.1155 1.5529 13.0115 2.5487 0.3834
Car -1 -1 3.5067 0.0000 179.0490 160.9364 375.0000 1.5149 1.5961 3.7746 -5.1073 1.5666 4.4156 2.6787 0.2905
