Car -1 -1 1.8758 228.2814 188.4052 423.9279 311.0575 1.4302 1.5879 3.8387 -4.0624 1.7068 10.8599 1.5250 0.8904
Car -1 -1 2.5520 862.6514 194.9961 1242.0000 345.8023 1.3625 1.5405 3.7057 4.7456 1.6238 7.6349 3.0900 0.7853
Car -1 -1 -0.5261 791.9088 174.1040 1141.7759 303.3147 1.6514 1.7532 4.1873 4.8848 1.6714 10.3123 -0.0958 0.7730
Car -1 -1 -0.3110 705.7595 181.4468 877.7724 245.7915 1.4680 1.6049 3.7663 4.3203 1.6898 17.6531 -0.0757 0.7622
Car -1 -1 -1.6294 592.5084 182.7742 628.0052 212.5153 1.4032 1.5906 4.2994 -0.0750 1.9521 37.6977 -1.6320 0.6091
Car -1 -1 -0.3898 690.7275 181.5238 838.9085 236.7470 1.4481 1.5744 3.7805 4.2858 1.7071 20.3947 -0.1864 0.4924
Car -1 -1 -0.4031 669.8702 184.2417 800.5433 231.8909 1.4033 1.5700 3.7994 3.9232 1.7863 23.0348 -0.2373 0.4481
Car -1 -1 -0.2005 658.8123 182.7919 766.4247 222.2138 1.4384 1.5596 3.8495 3.8457 1.8325 27.6820 -0.0646 0.2751
Car -1 -1 2.4954 646.5630 178.5344 750.5057 220.0192 1.6118 1.6787 4.1629 3.6985 1.8646 30.2886 2.6151 0.1298
Car -1 -1 1.1947 565.9788 180.5556 613.1145 206.9159 1.5007 1.5935 3.8298 -1.3375 1.9967 44.3597 1.1642 0.1111
