Car -1 -1 -1.9370 728.7856 181.1503 996.7186 340.3194 1.5168 1.6673 4.2618 2.8206 1.6493 9.2935 -1.6524 0.9049
Car -1 -1 -1.7478 702.5176 179.9603 809.3389 256.8051 1.4783 1.6085 4.0962 3.0975 1.6596 16.3109 -1.5644 0.8648
Car -1 -1 -1.6992 672.8491 182.2269 741.9373 235.8528 1.4009 1.5315 3.7098 2.7471 1.7028 21.3528 -1.5738 0.8180
Car -1 -1 0.3308 73.4256 174.9413 438.5325 296.2968 1.5445 1.7184 4.3491 -4.8314 1.5777 10.2867 -0.0990 0.7754
Car -1 -1 -2.8347 277.2666 170.3284 502.1329 251.0724 1.6845 1.7439 4.4380 -4.7957 1.6321 15.9638 -3.1226 0.6867
Car -1 -1 3.3540 374.7439 178.7632 526.8936 234.4319 1.5037 1.6459 3.9591 -4.4806 1.6786 20.4865 3.1407 0.6859
Car -1 -1 -1.6156 648.1685 182.4512 686.6194 217.4813 1.3995 1.5065 3.4156 2.4193 1.8419 31.5019 -1.5403 0.5164
Car -1 -1 -2.4423 1045.4736 195.6889 1242.0000 375.0000 1.4747 1.6040 3.7656 2.9990 1.5983 1.9714 -1.5201 0.4071
Car -1 -1 -2.9046 437.0675 174.3916 549.2882 221.7823 1.7650 1.7282 3.9980 -4.5141 1.8271 27.9530 -3.0638 0.3973
Car -1 -1 -1.6696 663.3041 180.4389 713.5327 223.5519 1.4660 1.5063 3.4470 2.8167 1.7670 26.8666 -1.5670 0.3545
Car -1 -1 1.9243 538.4908 179.2773 584.1499 204.3534 1.4561 1.5847 3.9315 -3.0217 1.8767 45.0860 1.8573 0.2838
Car -1 -1 0.1796 412.4064 181.5483 528.5161 224.4175 1.4416 1.5939 3.7897 -4.8926 1.7579 25.4060 -0.0093 0.1947
