Car -1 -1 1.8365 384.2351 193.9527 469.0129 250.0721 1.4278 1.5532 3.5790 -5.4119 2.1102 21.5177 1.5923 0.8302
Car -1 -1 1.8984 301.4472 198.6422 418.6320 273.3637 1.4023 1.4789 3.4135 -5.6032 2.0510 16.4273 1.5739 0.8226
Car -1 -1 2.6221 820.2960 168.0644 1242.0000 327.3665 1.6050 1.7362 4.2173 4.6913 1.5571 8.1651 3.1272 0.8059
Car -1 -1 0.4471 644.4394 175.9787 710.0453 201.8362 1.5633 1.6363 3.8035 4.2150 1.7688 45.7017 0.5380 0.7523
Car -1 -1 1.7978 433.5381 190.3676 495.5576 234.8165 1.4521 1.5183 3.3763 -5.3405 2.1404 26.6280 1.6012 0.6312
Car -1 -1 1.7435 462.1036 188.1465 514.6143 224.8431 1.4452 1.6099 4.2386 -5.4106 2.1754 32.3096 1.5783 0.5630
Car -1 -1 -0.5136 790.2960 175.8265 1113.9379 289.2054 1.4973 1.6352 4.0230 4.8291 1.5454 10.5874 -0.0970 0.3488
Car -1 -1 0.8587 1148.1458 192.8810 1242.0000 375.0000 1.4443 1.5251 3.6270 3.4326 1.5613 2.2655 1.7874 0.2560
Car -1 -1 1.7407 599.1697 182.4830 627.7663 203.5341 1.4678 1.5546 3.6084 0.2651 2.2139 53.9670 1.7451 0.2278
Car -1 -1 -3.2570 689.0461 175.7992 752.4706 197.6978 1.3855 1.5767 3.9009 7.1054 1.5802 46.7338 -3.1075 0.1548
