Car -1 -1 -1.7327 674.6007 186.8160 773.7132 259.7119 1.4022 1.5597 4.2443 2.4693 1.7697 16.8322 -1.5906 0.8966
Car -1 -1 2.9050 217.7152 191.3481 435.1288 277.1553 1.4347 1.5885 3.8201 -5.7055 1.8527 14.5505 2.5368 0.8317
Car -1 -1 2.9615 271.6660 185.1075 461.6472 259.1175 1.5503 1.6776 4.1131 -5.8876 1.8757 17.4081 2.6394 0.7283
Car -1 -1 -0.4152 455.2684 185.7018 543.6644 216.7995 1.4127 1.6025 4.0587 -5.5277 2.0855 35.9993 -0.5670 0.6631
Car -1 -1 -1.6906 652.2481 182.1393 705.5891 223.3927 1.4441 1.5914 3.8981 2.5718 1.8316 28.1143 -1.6011 0.6526
Car -1 -1 2.8808 332.9385 186.8802 491.0881 246.1711 1.4518 1.6204 3.9823 -5.5500 1.8773 20.1704 2.6150 0.4405
Car -1 -1 -1.6992 669.3760 183.6607 733.6245 236.9049 1.4797 1.5263 3.5023 2.7326 1.8437 22.5214 -1.5808 0.4054
Car -1 -1 2.6196 497.9895 180.8818 563.4684 206.4468 1.5777 1.6689 3.9883 -5.2312 2.1276 47.5399 2.5101 0.4026
Car -1 -1 2.7662 474.4691 184.3020 550.2460 210.8900 1.4190 1.6038 4.0264 -5.6546 2.1068 41.6383 2.6315 0.3993
Car -1 -1 -1.6913 640.0591 181.6829 676.6694 210.2173 1.4665 1.5818 3.7545 2.6122 1.9821 40.1875 -1.6274 0.3992
