Pedestrian -1 -1 1.0346 722.2428 163.0716 779.8069 262.1490 1.7594 0.6553 0.9327 2.6896 1.4050 13.0989 1.2336 0.8843
Pedestrian -1 -1 1.0917 633.3734 170.1752 677.8167 259.4258 1.6270 0.5190 0.8123 0.9457 1.3926 13.3597 1.1620 0.8389
Pedestrian -1 -1 1.1288 964.8736 169.8627 1045.2164 307.5518 1.6282 0.5507 0.8405 4.9296 1.4730 8.7900 1.6257 0.7858
Pedestrian -1 -1 2.3459 542.5334 166.3694 578.0381 228.3510 1.7562 0.6108 0.8489 -1.2674 1.2833 20.5490 2.2868 0.7353
Pedestrian -1 -1 2.2402 502.2453 168.2611 539.9526 231.1738 1.6988 0.6081 0.9081 -2.2989 1.2993 19.6333 2.1270 0.7310
Pedestrian -1 -1 1.4392 435.7834 166.9222 460.8691 226.8797 1.7270 0.6193 0.8450 -4.5985 1.2622 20.8633 1.2270 0.7018
Pedestrian -1 -1 0.6654 664.1336 169.4933 711.8517 254.4418 1.6496 0.5127 0.8060 1.6644 1.3866 14.1907 0.7809 0.6598
Pedestrian -1 -1 0.6844 651.1237 170.7501 693.4111 242.8811 1.6018 0.5246 0.8137 1.5459 1.3287 16.1683 0.7793 0.5735
Pedestrian -1 -1 1.1102 383.7244 169.4913 411.2103 220.9246 1.6436 0.5514 0.8317 -6.7384 1.2098 23.0827 0.8315 0.5404
Pedestrian -1 -1 1.1036 394.3113 171.5637 417.1439 220.4827 1.6519 0.5378 0.6134 -6.7988 1.2634 24.2786 0.8356 0.2495
Pedestrian -1 -1 2.4683 367.4214 170.7760 391.7973 213.5681 1.6539 0.6060 0.6855 -8.7928 1.1786 27.7768 2.1667 0.2059
Pedestrian -1 -1 3.0773 381.5403 168.4834 402.4012 213.9814 1.6868 0.5639 0.7191 -7.9609 1.1460 26.5969 2.7914 0.1885
Cyclist -1 -1 1.2909 554.6205 167.8684 585.0408 221.1467 1.7387 0.5453 1.8359 -1.1674 1.2427 24.0262 1.2446 0.2520
Car -1 -1 1.0027 980.2745 184.0037 1091.0017 221.9305 1.4370 1.7051 4.5197 17.6640 1.4782 29.1742 1.5439 0.6431
Car -1 -1 -0.8179 1131.9067 184.0489 1226.0000 236.7464 1.5109 1.6831 4.2014 18.5973 1.5422 21.3675 -0.1075 0.4848
Car -1 -1 0.9857 1060.6810 184.4262 1157.4757 221.3887 1.4176 1.5362 3.4965 20.6302 1.4763 29.0090 1.6002 0.3687
Car -1 -1 -2.0271 928.1880 180.3996 1009.3089 219.4777 1.5329 1.6119 3.4941 15.1417 1.4280 29.4901 -1.5556 0.2281
