Car -1 -1 -1.6208 666.8821 173.5545 738.7103 242.9656 1.6955 1.7071 4.0188 2.3869 1.7170 19.7262 -1.5030 0.8450
Car -1 -1 1.9645 251.6983 179.5699 338.3987 220.2761 1.4517 1.6554 4.1607 -12.3628 1.7370 28.5104 1.5584 0.8158
Car -1 -1 2.2833 0.0000 187.9717 113.5611 264.2643 1.4127 1.5720 3.8908 -13.2981 1.7918 16.1060 1.6011 0.7416
Car -1 -1 -1.0877 739.6048 179.8813 820.8925 216.5921 1.3912 1.5988 4.0995 7.1448 1.7060 30.2078 -0.8582 0.4940
Car -1 -1 2.5337 950.2050 173.7866 1039.6710 202.8827 1.5696 1.7040 4.1631 21.3187 1.6232 40.0925 3.0190 0.3695
Car -1 -1 2.7680 720.1982 174.7586 808.9016 204.1013 1.5105 1.6674 4.3136 8.1761 1.6155 38.4716 2.9754 0.3233
Car -1 -1 -1.5975 635.3146 177.0808 654.6123 194.4038 1.4615 1.5947 3.7354 3.0394 1.8459 63.6741 -1.5504 0.2901
Car -1 -1 -1.4178 542.4247 176.0295 569.6128 195.8352 1.4828 1.5857 3.6630 -4.2201 1.7402 56.5104 -1.4924 0.2687
Car -1 -1 0.5962 0.0000 179.7123 108.8027 216.0849 1.4748 1.6647 4.2759 -24.0448 1.7752 30.5909 -0.0659 0.2267
Car -1 -1 -0.8311 1189.8359 180.1565 1242.0000 214.0879 1.4121 1.5680 3.6196 27.5726 1.7407 31.4393 -0.1161 0.2264
Car -1 -1 1.9982 248.2539 170.5368 295.4641 195.0912 1.7844 1.6793 4.0901 -25.4943 1.6164 54.4844 1.5622 0.1962
Car -1 -1 -0.5991 1045.5983 178.8534 1160.7841 212.6022 1.4196 1.6202 3.9216 21.4028 1.6884 31.4621 -0.0065 0.1828
Car -1 -1 3.1807 296.5889 173.5737 341.8897 190.7538 1.6243 1.6733 4.0018 -28.0992 1.6957 69.7979 2.7991 0.1557
