Pedestrian -1 -1 -1.4833 129.4188 155.4030 164.7037 239.5093 1.7934 0.5804 0.8209 -10.2285 1.4216 15.8802 -2.0481 0.4512
Pedestrian -1 -1 -1.3388 89.4067 153.0371 133.3634 240.4242 1.8332 0.5986 0.8601 -10.8462 1.4178 15.6422 -1.9373 0.2889
Pedestrian -1 -1 1.3426 1033.6178 123.5946 1119.3607 290.2840 1.9386 0.6926 0.8824 5.6810 1.3660 8.9170 1.8944 0.1043
Car -1 -1 3.4148 281.7236 181.5677 464.6171 237.1382 1.3803 1.6419 4.3168 -6.2049 1.6223 19.1026 3.1043 0.9020
Car -1 -1 0.2537 367.8630 179.1312 501.8311 225.8378 1.4759 1.6360 4.0272 -5.7711 1.6915 23.8830 0.0186 0.7317
Car -1 -1 -2.2269 894.6650 172.5260 1242.0000 375.0000 1.5553 1.6016 3.7883 2.7893 1.5550 3.2962 -1.5685 0.4919
Car -1 -1 -1.5305 606.3005 175.5075 635.1437 203.1391 1.6516 1.6707 3.6844 0.6780 1.8258 45.3727 -1.5162 0.4551
Car -1 -1 -1.8498 760.4521 139.7979 1036.4220 347.7814 1.9304 1.8021 4.4688 3.0962 1.6239 8.9646 -1.5286 0.3420
Car -1 -1 0.1057 476.0793 179.8836 550.6993 206.6287 1.4497 1.6664 3.9943 -5.4071 1.8529 40.4597 -0.0267 0.2214
Car -1 -1 -1.5785 549.0629 177.5736 571.0344 199.0237 1.5191 1.5800 3.7281 -3.7722 1.8843 53.8613 -1.6485 0.1493
Car -1 -1 -2.1440 997.8181 182.8734 1130.0294 236.4871 1.3920 1.5254 3.6600 13.1703 1.7134 21.2703 -1.5964 0.1213
Car -1 -1 -1.9473 12.1768 167.4725 90.3948 201.2221 1.5745 1.6760 4.0382 -27.4794 1.3238 35.4134 -2.6036 0.1203
Car -1 -1 1.7778 524.4855 178.0289 563.8731 203.5620 1.5445 1.6916 4.3271 -4.2450 1.8967 46.8024 1.6874 0.1087
