Car -1 -1 -1.9392 779.3969 180.8878 1170.5912 375.0000 1.4600 1.6038 4.1555 2.8138 1.5592 6.7867 -1.5626 0.8765
Car -1 -1 -2.6310 128.8889 187.0903 359.2814 270.7924 1.5478 1.6622 3.8365 -7.3318 1.8543 14.5843 -3.0900 0.8163
Car -1 -1 -1.5378 586.6685 176.7595 619.8437 207.6827 1.5553 1.6569 4.0125 -0.3534 1.7768 38.8243 -1.5474 0.7456
Car -1 -1 3.4651 289.7669 183.1874 437.9157 235.6412 1.5213 1.6689 3.9677 -7.4971 1.8500 22.0882 3.1410 0.7284
Car -1 -1 0.5906 0.0000 200.2864 278.5908 308.3716 1.4048 1.5847 3.8965 -7.2244 1.8377 10.5775 0.0028 0.7259
Car -1 -1 0.3854 237.8611 187.0241 405.2798 243.9278 1.4520 1.6106 3.9164 -7.8121 1.8545 19.6478 0.0111 0.6861
Car -1 -1 0.2303 360.9019 179.3493 479.4230 220.1402 1.5888 1.7369 4.3755 -7.6798 1.8613 29.3148 -0.0242 0.6027
Car -1 -1 0.1241 419.1929 179.6902 499.0728 211.0701 1.5476 1.6515 3.8328 -7.7170 1.9076 36.9851 -0.0807 0.5460
Car -1 -1 3.8551 0.0000 204.8044 168.5257 352.9676 1.4311 1.5935 3.7754 -7.4099 1.8277 8.1317 3.1324 0.5457
Car -1 -1 -2.9073 462.4142 178.9173 523.5092 200.9542 1.5330 1.6716 4.0457 -8.3884 1.9762 51.7156 -3.0677 0.4401
Car -1 -1 0.2694 334.8245 183.9425 450.5442 225.1220 1.4571 1.6066 3.8294 -8.0554 1.8826 26.8228 -0.0202 0.2931
Car -1 -1 3.3882 370.6206 171.9415 430.2957 192.6673 1.5099 1.6108 3.9716 -15.5105 1.4438 53.4368 3.1068 0.2113
