Car -1 -1 -1.9834 779.7908 183.4704 1061.7545 353.1797 1.4632 1.5355 3.5396 3.1665 1.6117 8.2572 -1.6303 0.8628
Car -1 -1 -1.7482 713.9280 182.0609 836.2149 277.0052 1.4403 1.5011 3.4596 2.7818 1.6293 13.0317 -1.5436 0.8198
Car -1 -1 -1.7677 695.9765 179.7655 790.6360 245.3926 1.4339 1.5694 3.8410 3.1735 1.6264 18.1123 -1.5979 0.7854
Car -1 -1 3.6129 0.0000 184.6725 350.7219 363.1862 1.4619 1.6119 3.7792 -4.7387 1.5939 7.0368 3.0372 0.7229
Car -1 -1 -1.7276 679.4913 172.3765 747.5262 227.6783 1.6456 1.6160 3.4929 3.2059 1.6317 23.2313 -1.5929 0.7151
Car -1 -1 -2.5703 91.0523 165.4938 456.8918 311.0186 1.6995 1.7199 4.1521 -4.3848 1.6139 9.5881 -2.9895 0.6392
Car -1 -1 -2.3551 935.3400 195.8606 1242.0000 375.0000 1.4453 1.5762 3.8071 2.9136 1.5972 2.8194 -1.6048 0.6074
Car -1 -1 0.7606 0.0000 190.4189 259.8438 375.0000 1.4651 1.6148 4.0235 -4.7020 1.5978 4.6151 -0.0055 0.5289
Car -1 -1 -1.7026 658.9926 175.1229 708.6583 210.1279 1.4727 1.6819 4.2245 3.2417 1.5828 32.7700 -1.6055 0.3591
Car -1 -1 -1.7425 643.9725 174.2543 678.2934 198.5843 1.4580 1.5524 3.5698 3.1382 1.5498 45.3041 -1.6743 0.2920
