Car -1 -1 -1.7206 646.3013 184.0011 721.1887 239.6051 1.4141 1.5639 4.1151 2.0249 1.7758 21.2880 -1.6280 0.8843
Car -1 -1 2.4410 924.1805 187.9455 1242.0000 375.0000 1.5069 1.6311 3.9904 5.0701 1.6601 6.3848 3.0889 0.7281
Car -1 -1 -1.6542 640.6622 181.4722 689.3217 222.1986 1.4345 1.5654 3.6551 2.0322 1.7916 28.0261 -1.5833 0.6939
Car -1 -1 -0.4026 821.2592 188.6774 1109.4734 291.4714 1.4246 1.5733 3.6512 5.2439 1.6866 11.0918 0.0279 0.6734
Car -1 -1 -0.4807 777.6290 170.0801 1035.3921 272.9081 1.7634 1.7644 4.1091 5.3698 1.7162 13.4731 -0.1098 0.6412
Car -1 -1 1.8097 490.3423 183.3712 551.8860 227.7595 1.4381 1.4624 3.2447 -3.1668 1.8404 25.8748 1.6885 0.4719
Car -1 -1 -0.6079 747.7794 185.1715 942.9081 256.0812 1.4134 1.5940 3.9790 5.2135 1.7135 16.2037 -0.3028 0.3350
Car -1 -1 -0.8108 1123.2118 200.3728 1242.0000 375.0000 1.4774 1.5660 3.7336 5.1072 1.6584 3.7982 0.0833 0.2700
Car -1 -1 -1.6849 633.3356 179.4837 671.0836 209.4571 1.4810 1.5740 3.7783 2.1641 1.8523 38.4350 -1.6296 0.2562
Car -1 -1 -0.1820 655.5796 173.7452 708.3732 194.8972 1.6654 1.7083 3.9704 5.7277 1.7386 57.9119 -0.0844 0.1580
