Pedestrian -1 -1 -2.1013 698.0796 168.2378 726.7025 219.9127 1.7226 0.5939 0.8903 3.6241 1.3154 24.0882 -1.9522 0.6665
Pedestrian -1 -1 -1.2689 507.2806 161.9969 539.3820 228.0461 1.8247 0.6395 0.9902 -2.3440 1.3151 20.0748 -1.3816 0.6326
Pedestrian -1 -1 1.3368 311.4095 161.3553 343.8743 235.5476 1.8163 0.5729 0.9020 -7.0415 1.3492 17.8380 0.9687 0.4694
Pedestrian -1 -1 0.8112 335.5583 161.1090 376.7499 231.1577 1.8010 0.5523 0.9078 -6.5930 1.3040 18.6277 0.4782 0.2401
Pedestrian -1 -1 1.3355 390.8808 168.0659 411.2435 216.8117 1.7767 0.5871 0.6687 -7.5872 1.3250 26.2007 1.0586 0.1972
Pedestrian -1 -1 1.4509 365.4073 163.1110 385.5504 210.6637 1.8169 0.6609 0.7634 -8.9544 1.1540 27.4941 1.1412 0.1940
Pedestrian -1 -1 1.4187 414.0244 167.2343 434.6544 216.2135 1.8186 0.6623 0.6694 -6.8481 1.3276 26.6852 1.1721 0.1496
Cyclist -1 -1 -1.4408 524.9383 160.6442 562.8629 250.3341 1.7639 0.5559 1.8508 -1.2993 1.3750 14.8376 -1.5245 0.8384
Car -1 -1 -2.2596 1026.6848 182.5830 1155.4813 228.0226 1.4097 1.5310 3.7894 16.3566 1.4880 24.0697 -1.6674 0.8396
Car -1 -1 -2.1031 958.6512 181.6779 1066.1915 227.4367 1.4421 1.5726 3.5571 13.7628 1.4869 24.1625 -1.5895 0.7463
Car -1 -1 0.9620 1101.6992 182.9716 1224.0000 228.8433 1.4409 1.5972 3.9574 19.2558 1.5349 24.4399 1.6245 0.6776
Car -1 -1 -1.5478 602.3575 175.6060 633.2003 203.3029 1.3823 1.5332 3.5737 0.6966 1.1395 37.1010 -1.5275 0.5994
