Car -1 -1 -1.9172 743.2209 196.3023 938.0410 322.5060 1.4470 1.5589 3.5845 3.1648 1.8582 10.7972 -1.6408 0.9114
Car -1 -1 -1.7942 690.0787 192.3404 808.9772 273.5158 1.4396 1.6182 4.2456 2.8714 1.9303 15.9914 -1.6209 0.8430
Car -1 -1 3.6122 35.1437 189.4119 357.2980 301.0461 1.4322 1.5724 3.7049 -5.7998 1.6893 10.3449 3.1116 0.6853
Car -1 -1 3.4236 236.1611 180.5494 426.7128 255.4743 1.5852 1.6502 3.7328 -6.2658 1.7711 16.4287 3.0640 0.6416
Car -1 -1 3.7871 0.0000 193.6579 217.7674 375.0000 1.4275 1.6096 4.0148 -5.6893 1.6253 5.8328 3.0369 0.6251
Car -1 -1 3.4660 168.4922 186.8727 418.3132 272.3758 1.4566 1.6525 3.9861 -5.8441 1.7399 13.5829 3.0661 0.5809
Car -1 -1 3.4346 273.2158 184.9859 442.1414 244.7461 1.4796 1.6304 3.9181 -6.6276 1.8162 19.1089 3.1045 0.4329
Car -1 -1 -2.8563 382.8491 183.8388 487.2480 223.3475 1.5397 1.6565 3.8448 -7.1546 2.0040 29.5507 -3.0924 0.3864
Car -1 -1 -2.4817 370.8655 185.0924 479.3576 228.7242 1.4986 1.6134 3.7449 -6.9882 1.9839 27.0986 -2.7323 0.2925
Car -1 -1 1.3402 513.7318 182.0102 543.1573 201.9047 1.4346 1.5143 3.3866 -6.3358 2.1638 55.5806 1.2268 0.2689
Car -1 -1 3.2985 337.8808 186.3427 466.6035 234.0107 1.4735 1.6072 3.8939 -6.8397 1.9402 23.9132 3.0223 0.1886
Car -1 -1 -1.6590 617.8779 179.9922 653.9644 213.4526 1.8128 1.7221 4.3273 1.4306 2.2529 42.2378 -1.6260 0.1673
Car -1 -1 0.2520 402.4518 181.7171 500.1779 217.0117 1.5180 1.6586 3.9970 -7.1120 1.9273 32.3855 0.0370 0.1474
Car -1 -1 1.4063 603.8041 185.0587 637.5588 209.1512 1.4958 1.6407 4.0791 0.6528 2.3629 49.1021 1.4190 0.1445
