Car -1 -1 -0.4936 774.2655 181.3531 1058.6377 286.7439 1.4494 1.5814 3.7246 4.5413 1.5920 11.0801 -0.1148 0.8054
Car -1 -1 -0.5946 835.4220 182.0408 1240.6927 324.4370 1.4721 1.6281 3.9444 4.8631 1.5945 8.5819 -0.0946 0.7911
Car -1 -1 2.4524 924.8835 186.9829 1242.0000 375.0000 1.4155 1.6237 4.0504 4.8685 1.5468 5.8326 3.1227 0.7766
Car -1 -1 -0.1966 701.1909 178.5026 844.1519 227.9350 1.4261 1.6310 3.9741 4.7971 1.6042 21.8537 0.0160 0.7731
Car -1 -1 2.5848 727.3391 176.1041 958.6173 264.6840 1.5308 1.6412 3.9709 4.3792 1.5994 13.8614 2.8838 0.7254
Car -1 -1 2.3189 0.0000 205.5202 127.9571 375.0000 1.4750 1.6226 4.0345 -5.3884 1.7899 4.8841 1.5116 0.4735
Car -1 -1 -0.3745 687.4380 179.8276 817.5786 222.7190 1.3734 1.5841 4.0603 4.7838 1.6230 24.6297 -0.1855 0.4515
Car -1 -1 1.6808 479.1914 181.3686 515.9889 211.6140 1.4629 1.5173 3.5870 -5.8718 1.9303 37.7500 1.5270 0.4142
Car -1 -1 -2.6385 624.6293 176.0634 672.1256 192.3639 1.4563 1.6475 4.1155 3.5294 1.7624 66.9486 -2.5864 0.2729
Car -1 -1 1.7578 494.3421 181.7552 532.8705 207.6478 1.4156 1.5714 3.8728 -5.6988 1.9681 42.7800 1.6257 0.2335
Car -1 -1 -0.5905 663.4089 176.3480 762.0387 214.8063 1.4949 1.5907 3.8038 4.2193 1.6474 29.8704 -0.4521 0.2064
