Car -1 -1 1.2768 542.9236 174.3245 631.0792 222.9175 1.5197 1.8179 4.4957 -0.9573 1.5763 25.1313 1.2385 0.7732
Car -1 -1 1.2451 611.8334 174.0545 690.9785 215.0523 1.4274 1.7003 4.3233 1.4375 1.4775 27.5650 1.2961 0.7254
Car -1 -1 2.0842 240.1781 186.8762 345.9464 233.3155 1.3842 1.5718 3.9559 -10.7976 1.9062 24.7915 1.6770 0.6245
Car -1 -1 1.7641 370.0260 182.0923 443.2313 232.4418 1.4465 1.5680 3.8238 -6.5461 1.7719 23.4145 1.4939 0.5273
Car -1 -1 -1.9330 0.0000 184.0566 128.2488 279.3716 1.6646 1.7162 4.0137 -11.8872 1.9219 14.7816 -2.6017 0.4979
Car -1 -1 1.9673 195.0010 187.6526 285.2799 231.2940 1.3944 1.5624 3.8241 -13.4266 1.9754 26.3445 1.4997 0.4882
Car -1 -1 2.1903 459.6752 187.5920 529.1198 218.2491 1.4038 1.5395 3.9198 -5.9218 2.2058 37.1502 2.0328 0.4742
Car -1 -1 1.6616 988.0155 167.1336 1023.6525 192.1184 1.4863 1.6037 4.0431 24.7114 1.1463 45.0453 2.1603 0.2450
Car -1 -1 2.2189 139.9361 188.6127 242.4821 230.2304 1.3923 1.5130 3.5685 -15.8378 2.0322 27.4149 1.6989 0.2446
Car -1 -1 2.0102 502.2441 187.0264 565.7558 218.6272 1.4022 1.5671 4.1092 -3.7752 2.1565 36.1831 1.9064 0.2221
Car -1 -1 2.0205 347.3624 191.2177 405.5814 220.8399 1.4721 1.5688 3.8742 -13.0369 2.5522 40.3945 1.7097 0.2050
Car -1 -1 1.4042 678.4871 171.3428 733.5701 210.1929 1.4673 1.5855 3.7478 3.7680 1.4106 29.1530 1.5310 0.1636
