Pedestrian -1 -1 -1.8106 994.8520 143.9141 1065.0121 278.6325 1.7987 0.6253 0.9569 5.9275 1.3119 9.9821 -1.2868 0.7905
Pedestrian -1 -1 1.4744 838.6716 160.6721 860.6908 218.1134 1.7643 0.5650 0.9014 7.6500 1.1568 22.2151 1.8034 0.6504
Pedestrian -1 -1 1.4200 861.2977 158.8213 886.5945 216.3385 1.7751 0.6148 0.8905 8.4496 1.1076 22.3150 1.7789 0.6125
Pedestrian -1 -1 2.3486 969.5843 152.3498 1017.8965 222.5111 1.8637 0.6507 0.9826 10.5350 1.1175 19.2312 2.8445 0.3880
Car -1 -1 1.8777 333.0827 184.3641 433.3166 243.0121 1.4580 1.5777 3.7553 -6.0866 1.5776 19.7083 1.5843 0.8567
Car -1 -1 -0.1933 652.1826 174.9023 750.5939 210.4610 1.4345 1.6050 3.8193 3.9433 1.2102 29.4346 -0.0599 0.7338
Car -1 -1 -1.3671 445.0921 178.4668 496.8800 214.0512 1.4953 1.5778 3.5081 -5.9229 1.4113 31.4762 -1.5496 0.7040
Car -1 -1 -0.0629 631.2734 173.0537 716.0263 200.8787 1.4271 1.6651 4.3347 3.5424 1.0466 37.1627 0.0330 0.4759
Car -1 -1 1.7373 488.2455 177.1562 521.7379 201.7710 1.5464 1.5908 3.5769 -6.4978 1.3377 46.2266 1.6003 0.2784
Car -1 -1 -0.0597 668.3068 175.5493 764.2648 207.8617 1.4078 1.6100 4.1635 4.9213 1.1935 31.7960 0.0941 0.1871
Car -1 -1 1.7625 465.6269 178.5152 509.4717 207.5015 1.4307 1.5352 3.8698 -6.0757 1.3342 36.8515 1.6022 0.1541
