Pedestrian -1 -1 2.1011 671.5574 170.6872 704.4221 232.9360 1.7224 0.5839 0.8416 2.1698 1.6628 20.4743 2.2044 0.6866
Pedestrian -1 -1 1.7638 699.9219 172.0380 725.5518 233.7374 1.6564 0.5637 0.7692 2.7800 1.6348 19.8229 1.9003 0.5694
Pedestrian -1 -1 1.5510 1058.1141 139.6403 1107.8864 260.2023 1.7953 0.6182 0.9095 7.3314 1.3010 11.2905 2.1146 0.3375
Pedestrian -1 -1 2.2102 793.6937 168.6090 832.6948 243.1958 1.7206 0.5860 0.7053 4.7639 1.6231 17.0905 2.4768 0.1657
Pedestrian -1 -1 1.5246 1037.1617 140.0167 1080.5762 254.5612 1.8573 0.5686 0.9407 7.5510 1.3252 12.2459 2.0660 0.1496
Pedestrian -1 -1 -0.5423 631.4983 170.4826 653.5914 208.2496 1.7141 0.6074 0.8197 1.4573 1.6068 33.2084 -0.4994 0.1179
Cyclist -1 -1 -1.7947 632.7844 171.3198 653.5086 209.7570 1.7240 0.5452 1.8901 1.4795 1.6556 33.3389 -1.7513 0.4529
Cyclist -1 -1 -2.6358 1021.7897 147.1561 1158.1589 264.9502 1.7040 0.5254 1.7378 7.4215 1.3326 11.3241 -2.0680 0.1190
Car -1 -1 -1.2886 334.4347 176.0295 452.0674 252.5821 1.6238 1.6582 3.9619 -5.1299 1.7097 17.4482 -1.5710 0.8670
Car -1 -1 2.1541 0.0000 196.0081 256.3333 375.0000 1.4296 1.6378 4.2101 -5.2237 1.7210 6.9274 1.5260 0.7695
Car -1 -1 1.8338 412.7179 178.4960 493.9264 231.7824 1.5061 1.5800 3.6812 -4.8679 1.6984 22.6687 1.6241 0.7143
