Pedestrian -1 -1 2.1094 292.7100 165.8874 340.0091 242.1587 1.8580 0.6779 1.0093 -7.4118 1.6887 18.1256 1.7259 0.6108
Car -1 -1 -3.5614 948.1550 168.3950 1183.8243 239.4846 1.5155 1.6954 4.2317 10.1894 1.4208 16.4850 -3.0162 0.8943
Car -1 -1 -3.2014 707.1607 172.2866 913.9410 242.6793 1.5394 1.7359 4.4898 4.5642 1.5273 17.0656 -2.9451 0.8758
Car -1 -1 -1.0644 675.2002 170.1245 769.3389 216.0892 1.5361 1.6157 4.0645 4.1075 1.4452 26.2115 -0.9113 0.6841
Car -1 -1 -0.9774 598.6017 173.6851 690.8638 216.9168 1.4671 1.5991 3.6899 1.2968 1.5002 26.5148 -0.9297 0.6466
Car -1 -1 -0.7077 1179.4430 167.8573 1242.0000 236.6555 1.3940 1.5809 4.1030 14.9015 1.2931 15.5054 0.0482 0.4356
Car -1 -1 -2.6335 265.5434 180.6646 389.1316 227.0081 1.5196 1.6724 3.6529 -9.8288 1.8033 25.0991 -3.0036 0.3727
Car -1 -1 -1.2004 950.7665 164.2232 1041.2374 208.0648 1.4373 1.5586 3.8172 13.6357 1.1547 25.4913 -0.7143 0.3290
Car -1 -1 -1.5995 1120.3197 159.6346 1181.8641 206.9833 1.5143 1.5673 3.7960 18.6797 1.0919 25.0798 -0.9652 0.3273
Car -1 -1 -1.2658 847.6566 163.8157 939.2022 214.4270 1.5878 1.7141 4.3859 9.8043 1.3046 24.8805 -0.8948 0.2457
