Pedestrian -1 -1 -1.1304 524.4199 175.6825 586.3855 292.3817 1.7271 0.6356 0.9152 -0.8903 1.7736 11.2421 -1.2090 0.8437
Car -1 -1 1.8936 711.0000 197.5682 834.7399 279.3442 1.3777 1.5131 3.5193 3.4764 1.9637 15.1979 2.1131 0.8543
Car -1 -1 -0.7849 245.6986 186.9802 397.1559 255.0077 1.4107 1.5007 3.3199 -6.9366 1.7901 17.5380 -1.1569 0.7713
Car -1 -1 1.7169 797.6694 195.9365 880.1521 261.1772 1.4510 1.6089 3.8417 6.2487 2.1448 19.5956 2.0202 0.6721
Car -1 -1 2.4281 166.9937 186.8476 345.2361 250.4769 1.3874 1.6168 4.1323 -9.1363 1.7978 18.9219 1.9834 0.5806
Car -1 -1 2.4560 105.2118 189.9318 262.6026 247.7750 1.3540 1.4960 3.6184 -11.7040 1.8741 19.9998 1.9320 0.3043
Car -1 -1 -0.3717 1135.2454 187.1949 1242.0000 237.2425 1.5326 1.6097 4.0347 20.3193 2.0435 24.2890 0.3184 0.2629
Car -1 -1 1.6995 865.8461 185.7664 915.9251 223.6304 1.5763 1.6841 4.1095 13.1489 2.2202 33.7495 2.0674 0.2491
Car -1 -1 1.3989 1069.9423 189.7573 1127.4744 225.3825 1.5034 1.6388 3.6788 23.1628 2.3562 34.3712 1.9873 0.1930
Car -1 -1 1.4717 1225.7219 196.5065 1242.0000 292.0850 1.5157 1.6873 4.3336 13.8589 2.0743 14.7878 2.2140 0.1926
Car -1 -1 -3.4579 1193.8099 189.6401 1242.0000 254.5945 1.5389 1.6205 3.9172 18.3937 2.0281 19.4539 -2.7087 0.1637
Car -1 -1 0.6671 321.7313 174.6348 400.6544 201.7668 1.5055 1.6471 4.1934 -14.4087 1.6124 41.6964 0.3361 0.1299
Car -1 -1 2.3572 325.5880 186.1451 412.4687 221.5561 1.4042 1.5166 3.6562 -10.6722 2.0316 32.0649 2.0380 0.1185
Car -1 -1 -0.7466 1033.7373 187.1014 1106.3051 214.6678 1.5611 1.5882 3.5172 27.4227 2.4343 43.0982 -0.1836 0.1168
