Pedestrian -1 -1 1.1527 562.2416 153.2977 629.8886 289.9426 1.8421 0.6261 0.9628 -0.1896 1.4771 10.0953 1.1363 0.8949
Pedestrian -1 -1 0.9559 648.3320 152.2481 738.5452 314.4006 1.8193 0.6263 0.9721 0.9974 1.5040 8.5047 1.0701 0.8198
Pedestrian -1 -1 -2.8162 749.9437 151.3807 833.8187 290.8626 1.8661 0.5930 1.0109 2.5896 1.4782 9.9778 -2.5682 0.7984
Pedestrian -1 -1 0.8484 605.9130 150.8819 701.9417 324.1988 1.8332 0.6469 0.9090 0.4952 1.5216 8.0308 0.9094 0.7920
Pedestrian -1 -1 0.5937 509.9754 155.9925 597.1353 300.9699 1.8014 0.6057 0.9691 -0.7229 1.4986 9.2842 0.5204 0.7667
Pedestrian -1 -1 -2.6440 736.8182 152.5053 823.7717 298.9828 1.8348 0.5836 0.9596 2.2745 1.4858 9.3891 -2.4122 0.7137
Pedestrian -1 -1 0.9273 667.7382 145.5032 747.6906 292.1272 1.8835 0.6014 0.9925 1.3395 1.4356 9.6575 1.0625 0.3625
Pedestrian -1 -1 1.5600 338.4890 161.7009 352.1388 200.9149 1.8412 0.6038 0.9028 -12.4066 0.9600 33.7220 1.2124 0.2943
Car -1 -1 -2.2416 1026.1742 182.4103 1156.6135 228.1328 1.4183 1.5476 3.9036 16.3804 1.4904 24.1016 -1.6492 0.8156
Car -1 -1 1.6651 474.0447 174.5204 523.7015 214.2184 1.4586 1.5848 3.6529 -4.1378 1.2404 27.8367 1.5209 0.8078
Car -1 -1 -2.1000 960.4156 180.7501 1067.0927 226.7378 1.4550 1.5692 3.5200 13.8057 1.4656 24.1541 -1.5848 0.7751
Car -1 -1 0.9527 1103.9011 182.5426 1224.0000 229.0501 1.4670 1.6099 3.8832 19.3370 1.5449 24.4477 1.6170 0.6787
Car -1 -1 -1.5287 601.6717 174.5129 634.0419 203.0415 1.4244 1.5473 3.5824 0.7029 1.1269 37.1342 -1.5083 0.5036
