Pedestrian -1 -1 -0.0107 1078.1561 167.1070 1141.4983 269.6551 1.7488 0.6008 0.8972 8.9017 1.5221 12.5531 0.5958 0.8996
Pedestrian -1 -1 1.0087 477.1969 170.6409 506.1310 224.2029 1.6739 0.5545 0.8339 -3.6554 1.3674 22.5884 0.8522 0.5555
Cyclist -1 -1 -1.1643 210.7490 145.3592 395.9922 370.0000 1.7785 0.5599 1.8469 -2.2165 1.5607 5.3455 -1.5352 0.6053
Cyclist -1 -1 -1.3775 388.2031 164.2447 409.5616 205.7781 1.8095 0.5693 1.8596 -9.2620 1.1028 31.7501 -1.6569 0.1397
Cyclist -1 -1 -3.1728 896.0253 175.2823 947.5989 219.9126 1.7097 0.5617 1.8230 12.3604 1.5113 27.6843 -2.7556 0.1186
Car -1 -1 -2.2596 1120.2417 184.3285 1224.0000 218.0142 1.4270 1.6416 4.1189 26.0109 1.6156 32.4909 -1.5878 0.6323
Car -1 -1 -2.1354 926.6097 182.1519 1010.6490 215.5496 1.4181 1.5577 3.8720 16.4422 1.4995 32.2160 -1.6660 0.5731
Car -1 -1 1.1337 992.2300 182.1865 1074.0083 217.0431 1.4897 1.6379 4.0412 19.5476 1.5737 32.5084 1.6722 0.5339
Car -1 -1 -1.5600 607.4025 176.0783 632.1890 199.3670 1.4348 1.5278 3.4628 0.9661 1.1638 45.3133 -1.5371 0.3624
Car -1 -1 2.3975 0.0000 185.8818 409.2591 370.0000 1.5490 1.6401 3.9972 -3.0184 1.5999 4.3120 1.8221 0.3391
