Pedestrian -1 -1 -0.2856 694.6769 168.8408 733.4550 236.7466 1.6875 0.6578 0.8195 2.5859 1.5881 18.3133 -0.1484 0.4995
Car -1 -1 -1.8674 768.6198 181.2385 901.5098 266.3044 1.4386 1.5302 3.3593 4.2326 1.6240 14.2233 -1.5848 0.8964
Car -1 -1 -1.1440 129.1301 182.4588 466.7631 375.0000 1.5477 1.6656 4.1041 -2.9887 1.6807 7.8546 -1.4975 0.8579
Car -1 -1 -1.3193 392.5214 171.8469 520.0435 266.2356 1.7451 1.6795 4.0224 -3.1560 1.7269 15.3896 -1.5190 0.8479
Car -1 -1 2.1156 132.7083 180.8136 238.3785 227.6912 1.4993 1.5484 3.6377 -14.9328 1.8016 25.5308 1.5906 0.7506
Car -1 -1 2.0766 224.3055 178.0531 315.8867 214.5920 1.4794 1.7131 4.5027 -15.0590 1.7282 32.1730 1.6418 0.6277
Car -1 -1 -1.8235 734.1316 178.3411 832.4992 243.4711 1.4815 1.5613 3.6231 4.2868 1.6369 18.5530 -1.6007 0.5841
Car -1 -1 1.4607 688.3168 175.9487 742.0637 214.5584 1.4422 1.6812 4.3261 4.1758 1.5784 29.4861 1.5995 0.5060
Car -1 -1 -1.4897 668.1696 173.5520 698.1556 198.6565 1.5141 1.6037 3.5698 4.6174 1.5603 45.5200 -1.3897 0.4682
Car -1 -1 -1.4057 510.9815 178.7670 565.1650 218.9251 1.4439 1.5484 3.5720 -2.8003 1.6913 28.3134 -1.5040 0.4538
Car -1 -1 -1.7206 708.2175 176.8049 773.9185 225.8481 1.4863 1.5850 3.7386 4.2388 1.6287 24.0535 -1.5489 0.4502
Car -1 -1 1.9862 297.3958 178.5570 359.2883 209.8784 1.5239 1.5565 3.9472 -14.7265 1.8392 37.8413 1.6171 0.4311
Car -1 -1 1.7716 373.8890 175.4978 410.7562 199.6986 1.5425 1.6157 3.9310 -14.5993 1.7279 48.4615 1.4802 0.4230
Car -1 -1 2.7953 794.0075 174.3116 877.9703 201.8284 1.4657 1.6169 4.0702 12.2729 1.5475 39.4286 3.0945 0.4084
Car -1 -1 1.9524 339.1151 179.4743 387.4947 205.2307 1.4441 1.5310 3.5331 -14.7421 1.8573 43.1862 1.6250 0.4077
