Pedestrian -1 -1 0.6970 690.2194 170.6402 731.6425 244.8393 1.6558 0.5554 0.7621 2.3920 1.4374 16.2425 0.8421 0.7190
Pedestrian -1 -1 1.3116 318.0966 166.8790 339.6562 213.5120 1.7779 0.6449 0.6111 -10.7235 1.2601 27.3878 0.9441 0.1817
Pedestrian -1 -1 -0.8892 283.7409 165.9688 310.0124 212.8203 1.7748 0.6600 0.6566 -11.8699 1.2258 27.1847 -1.2948 0.1717
Pedestrian -1 -1 2.5319 943.6125 173.6302 966.1632 210.4807 1.6894 0.5350 0.7672 16.1791 1.3759 32.7324 2.9887 0.1055
Cyclist -1 -1 1.8128 403.9841 164.1545 447.2178 242.1021 1.7615 0.5656 1.8606 -4.3004 1.3938 16.9041 1.5700 0.7781
Cyclist -1 -1 1.4370 481.7598 169.4778 501.9988 214.9755 1.6992 0.5420 1.7789 -4.4095 1.2891 27.3310 1.2806 0.3708
Car -1 -1 -2.2423 1120.5427 184.5154 1224.0000 218.0812 1.4240 1.6503 4.0933 26.0226 1.6218 32.5271 -1.5708 0.6405
Car -1 -1 -2.1312 927.0961 182.2273 1010.2111 215.6193 1.4175 1.5497 3.8292 16.4321 1.5024 32.1898 -1.6617 0.6007
Car -1 -1 1.1268 988.7412 182.6243 1071.7747 217.4711 1.4919 1.6601 4.1072 19.4950 1.5978 32.6451 1.6624 0.4794
Car -1 -1 -1.9888 876.7667 180.5523 946.9745 215.1300 1.4908 1.6083 3.5839 13.9079 1.4948 32.2861 -1.5841 0.4415
Car -1 -1 -1.5792 608.2498 176.1267 632.8972 199.2969 1.4298 1.5210 3.3883 0.9824 1.1613 45.3316 -1.5560 0.3590
