Pedestrian -1 -1 1.3615 588.9010 157.8939 636.1255 266.6490 1.8234 0.6469 0.9112 0.1120 1.4021 12.3597 1.3716 0.8838
Pedestrian -1 -1 1.1434 651.4915 164.0250 717.9329 294.1560 1.6971 0.5986 0.8626 1.0634 1.4497 9.7192 1.2499 0.8750
Pedestrian -1 -1 2.5047 314.5428 169.4092 367.0552 251.8405 1.6266 0.5297 0.8605 -5.3917 1.3577 14.4518 2.1562 0.8545
Pedestrian -1 -1 -0.0133 518.2296 165.9501 577.8987 278.1819 1.6813 0.5906 0.8949 -0.8958 1.4257 10.9217 -0.0916 0.8352
Pedestrian -1 -1 1.8066 917.0956 148.5694 1023.2435 370.0000 1.7890 0.6472 0.9392 3.1942 1.5140 6.2213 2.2615 0.8135
Pedestrian -1 -1 0.8880 398.6753 170.1707 445.9571 257.2233 1.6375 0.5016 0.7958 -3.5516 1.3955 13.7336 0.6419 0.8110
Pedestrian -1 -1 1.6066 375.7149 170.6463 401.4724 247.0943 1.6218 0.5069 0.8259 -4.7173 1.3588 15.4577 1.3176 0.7983
Pedestrian -1 -1 1.6822 832.6151 159.2483 906.2166 347.3806 1.7433 0.6094 0.9085 2.6372 1.5236 7.0876 2.0249 0.7812
Pedestrian -1 -1 0.9842 425.7809 170.1150 470.8077 252.8770 1.6360 0.5345 0.8222 -3.2041 1.3806 14.4495 0.7720 0.6550
Pedestrian -1 -1 2.6734 518.5926 168.9724 575.2382 274.7930 1.6752 0.6001 0.7380 -0.9687 1.4528 11.6359 2.5937 0.4315
Cyclist -1 -1 0.5708 871.2060 159.3200 1035.6119 309.8926 1.7269 0.5388 1.8769 4.3610 1.4555 9.0407 1.0077 0.4791
Car -1 -1 -0.2273 835.7281 163.9655 1044.6969 241.3131 1.8833 1.8345 4.6486 8.6285 1.4186 18.5766 0.2024 0.7104
Car -1 -1 1.6568 505.6414 175.6779 547.3432 208.3750 1.4565 1.6158 4.0321 -3.5762 1.1269 33.5221 1.5532 0.5029
Car -1 -1 1.0364 1074.9724 187.4785 1215.4646 236.3806 1.4185 1.6586 4.2806 17.4873 1.5765 23.1179 1.6789 0.4582
Car -1 -1 1.6171 616.6080 175.5768 644.5123 200.8869 1.4769 1.5313 3.6379 1.7227 1.0387 43.1322 1.6584 0.3311
