Pedestrian -1 -1 2.0532 294.2549 163.0919 338.0736 239.2135 1.8623 0.6733 0.9114 -7.4230 1.6239 18.1365 1.6694 0.4608
Pedestrian -1 -1 2.3441 274.1275 165.4732 319.5971 238.4908 1.8141 0.6362 0.8747 -8.0457 1.6311 18.4456 1.9377 0.1464
Cyclist -1 -1 -1.0465 481.1914 165.2913 518.0936 214.5982 1.7949 0.5407 1.8144 -4.1857 1.5199 27.2061 -1.1982 0.4587
Car -1 -1 -3.5798 932.8099 167.8198 1164.3625 238.2797 1.5341 1.7063 4.2786 9.9659 1.4248 16.7495 -3.0513 0.8645
Car -1 -1 -3.2154 696.6401 171.7994 897.7733 239.3906 1.5089 1.7122 4.4624 4.3148 1.4857 17.3173 -2.9759 0.8563
Car -1 -1 -0.9348 586.7976 172.4961 685.1735 215.4807 1.4783 1.6325 3.9547 0.9951 1.4663 26.8670 -0.8988 0.6904
Car -1 -1 -1.0276 665.1441 168.5423 756.2161 212.9059 1.5013 1.5843 3.7646 3.6980 1.3558 26.3765 -0.8903 0.6612
Car -1 -1 -0.5634 1156.8363 164.7511 1242.0000 234.5776 1.4138 1.6304 4.2527 14.7596 1.2501 15.7874 0.1788 0.3365
Car -1 -1 -1.1891 933.9413 160.4717 1025.0081 205.2572 1.4943 1.5868 3.9180 13.2953 1.0815 25.9614 -0.7206 0.2728
Car -1 -1 1.9136 738.7156 168.4333 816.7359 214.7735 1.4817 1.5366 3.5468 5.8203 1.3407 24.9761 2.1394 0.1325
