Pedestrian -1 -1 2.4461 945.0071 146.2732 1061.3048 311.5539 1.8486 0.6397 1.0242 4.6209 1.4675 8.3196 2.9387 0.8085
Pedestrian -1 -1 0.8538 452.1601 161.1780 504.0543 254.0022 1.7534 0.5676 0.8725 -2.5301 1.3900 13.8453 0.6789 0.7821
Pedestrian -1 -1 0.5068 888.5607 144.9367 1013.7310 337.6293 1.8448 0.6285 0.9900 3.5304 1.5060 7.3491 0.9397 0.7299
Pedestrian -1 -1 0.4069 857.1966 139.0296 986.9212 351.4617 1.8707 0.6266 0.9732 2.9828 1.5072 6.7892 0.8057 0.7222
Pedestrian -1 -1 1.5046 739.5483 165.7375 763.8867 227.3780 1.7618 0.6421 0.7789 4.2416 1.3415 20.6334 1.7060 0.6576
Pedestrian -1 -1 -2.1609 485.8286 159.3811 535.0817 249.0448 1.7972 0.5896 0.9468 -2.0155 1.3755 14.7169 -2.2923 0.6159
Pedestrian -1 -1 1.5507 713.6471 165.6272 736.4593 227.4095 1.7801 0.6424 0.8635 3.4985 1.3532 20.8408 1.7162 0.5677
Pedestrian -1 -1 -1.3845 843.2838 167.7564 871.4929 231.3183 1.7468 0.5978 0.9026 7.0993 1.3982 19.9666 -1.0463 0.5279
Car -1 -1 -2.2427 1028.7056 182.9600 1154.8302 228.3506 1.4064 1.5279 3.7128 16.3507 1.4981 24.0195 -1.6496 0.8208
Car -1 -1 -2.1108 956.8427 181.2831 1064.4181 226.7382 1.4357 1.5866 3.5112 13.7052 1.4659 24.1647 -1.5990 0.8197
Car -1 -1 0.9442 1098.9940 183.2280 1224.0000 229.0786 1.4388 1.6083 4.0315 19.2322 1.5426 24.4667 1.6056 0.7073
Car -1 -1 -1.5929 603.5900 175.7565 634.5399 203.1863 1.3697 1.5401 3.7698 0.6865 1.1342 37.1870 -1.5729 0.6865
