Car -1 -1 -1.7157 199.2696 182.8839 284.7397 244.1403 1.6268 1.7275 4.3732 -11.4415 1.9674 22.1908 -2.1872 0.8350
Car -1 -1 1.1257 1017.6107 158.7512 1237.1021 246.0852 1.5087 1.8105 4.5013 10.2197 1.2654 14.8217 1.7198 0.7987
Car -1 -1 -1.2745 0.0000 193.2728 167.3630 335.1086 1.4569 1.6890 4.5118 -8.0153 1.8230 10.5108 -1.9140 0.7876
Car -1 -1 2.1185 596.7134 175.4856 728.7744 235.6344 1.4244 1.6516 4.0973 1.4800 1.5034 19.4184 2.1926 0.7425
Car -1 -1 0.9186 1114.8954 155.4785 1242.0000 238.9555 1.5482 1.7339 4.4167 13.2288 1.2263 15.6216 1.6118 0.5602
Car -1 -1 2.0041 559.4693 178.0199 654.2837 228.9243 1.3876 1.5267 3.5857 -0.0555 1.5595 22.0091 2.0009 0.5092
Car -1 -1 2.1480 869.1654 174.6702 973.0515 217.2958 1.5169 1.6673 4.1715 11.9300 1.5916 27.6869 2.5504 0.4790
Car -1 -1 2.2444 513.6411 179.6154 617.8313 225.5929 1.3889 1.5176 3.7173 -1.4593 1.6356 24.3254 2.1845 0.4628
Car -1 -1 1.6773 764.1624 174.4121 855.6910 247.4577 1.4037 1.5729 3.8271 4.4844 1.4432 16.0201 1.9448 0.4476
Car -1 -1 2.0977 442.9722 179.6636 530.1586 218.0643 1.3974 1.6077 4.1585 -4.9498 1.6951 29.2731 1.9312 0.4030
Car -1 -1 1.9921 475.2382 181.4509 555.7217 223.1707 1.3737 1.5245 3.7887 -3.4432 1.7156 26.6274 1.8642 0.3798
Car -1 -1 2.0328 988.0139 170.6485 1106.4065 221.2287 1.5408 1.6566 4.2134 14.4210 1.4740 23.8118 2.5715 0.3411
Car -1 -1 2.2350 818.7751 180.4077 913.4083 217.8022 1.4255 1.5965 3.9824 10.6174 1.7578 29.9545 2.5720 0.2381
