Pedestrian -1 -1 -0.7763 617.5345 161.1502 690.9193 282.6135 1.7242 0.6181 0.9290 0.6930 1.4512 10.5688 -0.7109 0.8571
Pedestrian -1 -1 -1.8632 384.7202 158.4015 427.0943 249.6816 1.8025 0.6002 0.9192 -4.1344 1.3677 14.5056 -2.1332 0.7678
Pedestrian -1 -1 1.0791 417.7964 159.6800 463.6852 246.6760 1.7870 0.5971 0.9051 -3.5445 1.3610 15.0561 0.8545 0.7102
Pedestrian -1 -1 1.5912 304.4804 157.5111 330.8143 230.1613 1.8441 0.6138 0.9954 -7.5530 1.2622 18.5163 1.2117 0.5364
Pedestrian -1 -1 1.3134 372.3450 158.5227 404.4517 229.0460 1.8625 0.6081 0.9849 -5.9389 1.2836 19.2463 1.0206 0.4550
Pedestrian -1 -1 1.3044 334.7705 158.8719 367.2338 231.2836 1.8563 0.5634 1.0195 -6.7615 1.3034 18.6998 0.9647 0.4312
Pedestrian -1 -1 -0.5055 148.2141 158.0319 194.7388 225.1816 1.7885 0.6077 0.9075 -11.9083 1.1917 19.3721 -1.0474 0.4241
Pedestrian -1 -1 1.5346 360.7719 162.6348 379.6729 215.4732 1.8791 0.6213 0.9474 -8.5643 1.2453 25.6919 1.2184 0.2735
Pedestrian -1 -1 -1.7672 334.8455 163.4483 357.5664 214.8448 1.8071 0.6143 0.8531 -9.3219 1.2091 25.3792 -2.1133 0.2071
Cyclist -1 -1 -1.8549 583.0542 165.4454 613.4930 217.0340 1.8010 0.5599 2.0275 -0.2910 1.2770 25.7299 -1.8643 0.5218
Car -1 -1 -2.2498 1025.5614 182.5383 1157.1064 228.3490 1.4194 1.5533 3.9193 16.3769 1.4963 24.1017 -1.6575 0.8133
Car -1 -1 -2.0881 960.4783 180.4268 1067.0149 227.3366 1.4855 1.5929 3.5217 13.8008 1.4847 24.1473 -1.5730 0.6941
Car -1 -1 0.9541 1103.1879 182.2813 1224.0000 229.0528 1.4762 1.6143 3.9239 19.3336 1.5444 24.4606 1.6181 0.6812
Car -1 -1 -1.6562 600.5258 175.1811 636.2706 204.0846 1.4425 1.5647 3.7057 0.6471 1.1785 37.1822 -1.6372 0.6004
