Pedestrian -1 -1 1.3991 834.8683 156.0720 870.6909 232.9332 1.7403 0.6406 0.8957 5.6000 1.3607 16.8237 1.7146 0.6443
Car -1 -1 -1.7516 665.5769 171.7942 735.6478 221.1119 1.4865 1.6057 3.7425 2.8385 1.4549 23.6640 -1.6343 0.8614
Car -1 -1 3.5181 195.1211 169.7128 407.4868 247.3042 1.6093 1.6697 3.9478 -6.6969 1.5445 15.8325 3.1235 0.8531
Car -1 -1 0.1800 361.8784 177.0982 481.4898 216.8866 1.3978 1.5891 4.0274 -6.8786 1.5595 26.4834 -0.0721 0.5908
Car -1 -1 0.3943 294.6739 174.1563 465.2882 234.2443 1.4718 1.6067 3.8935 -5.9335 1.5077 18.6893 0.0904 0.5562
Car -1 -1 -1.6668 640.7136 171.1877 682.5719 205.1480 1.4941 1.5786 3.7499 2.3148 1.4212 33.6388 -1.5992 0.5158
Car -1 -1 0.7869 0.0000 185.8488 156.6637 375.0000 1.5006 1.6752 3.9223 -6.5875 1.6325 6.4420 0.0110 0.3818
Car -1 -1 0.6769 0.0000 180.4088 216.0201 314.7521 1.4804 1.6639 3.8762 -7.2967 1.5826 8.8820 0.0037 0.3800
Car -1 -1 3.2875 416.0988 166.4881 512.9008 206.8000 1.8309 1.7435 4.2290 -6.7792 1.5421 33.7467 3.0904 0.3296
Car -1 -1 -2.8271 456.0200 169.1967 528.9517 197.8427 1.6720 1.7103 3.9829 -7.0523 1.4589 43.2607 -2.9881 0.1758
