Car -1 -1 1.7143 417.7043 185.8463 497.6130 250.5064 1.4887 1.5639 3.6569 -4.0060 1.8692 19.2341 1.5109 0.8463
Car -1 -1 -2.2269 834.9076 207.3096 1242.0000 375.0000 1.4475 1.6438 4.1047 2.4995 1.7030 3.2536 -1.6159 0.6446
Car -1 -1 -0.7469 923.9370 196.8386 1242.0000 352.5731 1.4416 1.5544 3.4972 5.5121 1.7448 8.0542 -0.1647 0.6224
Car -1 -1 -0.3672 704.6697 188.7385 854.9448 242.1832 1.4528 1.6365 4.0100 4.9270 1.9477 21.3622 -0.1444 0.5744
Car -1 -1 2.7324 726.4416 189.1578 901.2802 251.3613 1.4416 1.6181 3.9702 5.0816 1.8818 18.3758 2.9971 0.5116
Car -1 -1 2.5663 781.6616 185.0243 1124.1780 305.9812 1.5537 1.7084 4.3846 4.9088 1.7544 10.6890 2.9853 0.4558
Car -1 -1 1.7377 476.3250 186.5085 524.8954 222.9495 1.4146 1.4912 3.6447 -4.7131 2.0405 31.2178 1.5885 0.4257
Car -1 -1 -0.5517 781.0637 185.8264 1030.4945 275.0921 1.5040 1.6577 4.1342 5.4809 1.7716 13.6817 -0.1791 0.3940
Car -1 -1 1.5274 635.3718 180.7115 668.7003 211.9294 1.5783 1.6347 4.0124 2.2195 2.0308 39.5059 1.5825 0.3870
Car -1 -1 2.8143 659.0898 184.8296 773.2888 223.6402 1.4282 1.6152 4.1559 4.1131 1.9204 28.4541 2.9556 0.3657
Car -1 -1 -0.3175 654.4555 184.3048 759.6744 221.7387 1.5144 1.6566 4.1899 4.1163 2.0279 31.1287 -0.1879 0.3606
Car -1 -1 1.4936 618.7875 183.2699 649.4737 209.9937 1.5179 1.5780 4.0515 1.4184 2.1925 44.6461 1.5246 0.3432
Car -1 -1 1.4864 580.9528 184.9678 604.2366 204.6679 1.4634 1.5452 3.8746 -1.4552 2.4727 58.0795 1.4609 0.2508
Car -1 -1 2.5205 675.2911 186.3874 812.7726 234.8668 1.4320 1.6335 4.3456 4.4146 1.9121 23.9085 2.7001 0.1994
