Pedestrian -1 -1 1.2224 682.1010 153.8032 734.0912 257.7255 1.8615 0.6623 0.9777 1.8681 1.3849 13.2071 1.3614 0.8660
Pedestrian -1 -1 1.1488 614.2112 154.3176 671.6420 265.1315 1.8547 0.6702 0.9551 0.6077 1.4181 12.3957 1.1984 0.8608
Pedestrian -1 -1 1.0098 739.7745 154.1034 805.9386 270.3327 1.8265 0.6353 0.9772 2.7102 1.4133 11.6719 1.2337 0.8112
Pedestrian -1 -1 0.9739 705.3344 151.6528 775.7426 275.8312 1.8564 0.6529 0.9706 2.0751 1.4268 11.1409 1.1548 0.8075
Pedestrian -1 -1 1.0675 646.0331 153.2255 703.5294 259.3269 1.8610 0.6405 1.0091 1.2250 1.3843 12.9870 1.1611 0.6690
Pedestrian -1 -1 -1.9528 387.5998 165.3130 411.4324 214.8232 1.7786 0.5888 0.7872 -7.5535 1.2345 25.8861 -2.2316 0.3123
Pedestrian -1 -1 0.9063 410.0403 167.2203 436.1223 215.0131 1.7691 0.6216 0.7515 -6.8817 1.2790 26.6422 0.6582 0.3036
Car -1 -1 -2.2341 1030.4094 182.9712 1153.8754 228.1748 1.4025 1.5237 3.6185 16.3519 1.4944 23.9930 -1.6405 0.8071
Car -1 -1 -2.0991 959.3473 180.6498 1066.4033 227.0745 1.4685 1.5752 3.5381 13.7726 1.4755 24.1509 -1.5849 0.7348
Car -1 -1 0.9399 1098.6068 183.0298 1224.0000 228.6465 1.4337 1.6095 4.0415 19.2434 1.5302 24.4880 1.6011 0.7296
Car -1 -1 -1.5775 603.1689 174.5324 634.3755 203.4138 1.4435 1.5599 3.6244 0.6984 1.1466 37.1555 -1.5572 0.5374
