Cyclist -1 -1 -1.7734 680.2379 167.0323 703.6523 213.4432 1.7542 0.5343 1.8855 3.1494 1.5345 28.2334 -1.6641 0.5884
Car -1 -1 1.9564 212.4361 182.8257 306.5914 232.0405 1.5159 1.6325 3.7038 -12.0114 1.8864 24.8878 1.5106 0.8195
Car -1 -1 -1.3728 496.7498 175.9120 561.1965 222.4935 1.6012 1.6415 4.0517 -3.0071 1.7255 27.1638 -1.4826 0.7707
Car -1 -1 2.0959 119.4215 184.5199 232.8202 229.8276 1.4658 1.6631 4.2266 -15.8455 1.9298 26.5528 1.5620 0.7001
Car -1 -1 2.2262 1072.7214 147.3554 1242.0000 300.6290 1.5900 1.6378 3.9173 7.8566 1.3258 8.6670 2.9455 0.5744
Car -1 -1 -1.7186 683.4363 174.0693 728.7753 206.8374 1.4464 1.5744 3.6104 4.4072 1.5068 33.8020 -1.5905 0.5359
Car -1 -1 1.9502 345.8938 181.1835 393.6865 206.4676 1.4618 1.5478 3.7233 -14.9120 2.0022 44.8723 1.6308 0.3950
Car -1 -1 -0.2417 733.4526 169.1620 790.0866 188.2955 1.5335 1.6628 4.2345 12.3013 1.2379 58.7340 -0.0365 0.3647
Car -1 -1 -1.3649 520.2555 170.8624 570.6417 211.1929 1.8279 1.6507 3.9115 -3.0823 1.7380 34.7383 -1.4532 0.3159
Car -1 -1 -1.5828 667.8903 171.3759 695.0825 197.4187 1.4928 1.5536 3.7630 4.2266 1.4084 43.2958 -1.4865 0.1566
