Car -1 -1 -0.1747 116.6030 180.0868 445.9154 309.9480 1.4429 1.6078 3.9142 -4.4894 1.5608 9.9652 -0.5887 0.8619
Car -1 -1 -1.8078 742.8351 182.3000 948.5844 318.8225 1.4584 1.6431 4.2795 2.9617 1.6204 10.1741 -1.5335 0.8241
Car -1 -1 -1.7091 633.0684 175.3370 672.3516 204.0303 1.4766 1.6059 3.9397 2.2514 1.6199 39.5083 -1.6531 0.7533
Car -1 -1 2.9150 263.6087 175.9015 491.7926 255.6165 1.4966 1.6698 4.4158 -4.9859 1.5703 15.5252 2.6086 0.7272
Car -1 -1 -1.7167 686.7348 157.2206 792.2377 245.7620 1.8882 1.8293 4.6014 2.9586 1.5552 17.6999 -1.5546 0.5563
Car -1 -1 2.8380 390.6779 175.4790 526.1694 225.1130 1.5224 1.6301 4.1175 -5.0656 1.6165 24.0267 2.6319 0.5140
Car -1 -1 -1.7644 665.8702 176.8096 723.9285 215.3770 1.4511 1.6079 3.9843 3.3662 1.6251 29.6167 -1.6529 0.5134
Car -1 -1 2.7936 364.8604 176.6939 510.3788 233.2495 1.5010 1.6004 3.8233 -5.0498 1.6228 21.0979 2.5609 0.4792
Car -1 -1 -0.1941 186.7937 174.7944 457.3714 279.7568 1.5220 1.6510 4.0530 -4.8920 1.5602 12.3085 -0.5657 0.4482
Car -1 -1 -1.6792 619.0775 173.5660 651.6687 198.8257 1.4733 1.5744 3.8660 1.4787 1.5192 44.1805 -1.6464 0.2059
