Pedestrian -1 -1 2.1111 295.4727 163.4886 341.1682 239.7950 1.8672 0.6803 0.9385 -7.3821 1.6384 18.1700 1.7299 0.3177
Car -1 -1 -3.5799 934.7318 168.1413 1160.5929 237.7835 1.5137 1.6794 4.1547 9.9231 1.4116 16.7022 -3.0520 0.8622
Car -1 -1 0.1364 243.1457 184.0610 963.7511 375.0000 1.4313 1.6787 4.3689 -0.1245 1.5288 5.1750 0.1109 0.7953
Car -1 -1 2.9555 525.1772 171.7393 828.8367 289.6574 1.5378 1.6829 4.1292 0.7955 1.5236 10.4775 3.0279 0.7623
Car -1 -1 -0.9159 584.6519 172.5956 690.6794 216.6418 1.5180 1.6787 4.3414 1.0779 1.5094 27.0698 -0.8772 0.5707
Car -1 -1 -3.2891 707.8964 165.5883 903.2127 238.3864 1.6397 1.7385 4.3030 4.5025 1.4764 17.3329 -3.0398 0.5618
Car -1 -1 -1.1282 933.3564 162.9262 1029.0426 207.0664 1.4769 1.5736 3.8585 13.3407 1.1451 25.9425 -0.6581 0.3180
Car -1 -1 -1.2305 838.9584 160.6231 931.0861 210.4120 1.6024 1.6984 4.3302 9.7172 1.2092 25.4219 -0.8696 0.2509
Car -1 -1 -0.6478 1160.2894 165.5219 1242.0000 234.6075 1.4201 1.6175 4.2077 14.8120 1.2698 15.8336 0.0948 0.2412
Car -1 -1 -1.6580 1099.9464 159.6750 1165.7207 205.0962 1.4828 1.5391 3.6359 18.3535 1.0529 25.5102 -1.0400 0.2173
Car -1 -1 -2.6302 255.3224 179.1154 381.3712 226.1225 1.5448 1.6864 3.7132 -10.1290 1.7721 25.0742 -3.0108 0.1659
