Pedestrian -1 -1 1.5475 782.4110 151.0076 840.9904 311.7796 1.7598 0.6198 0.9062 2.2755 1.5211 8.4073 1.8018 0.8312
Pedestrian -1 -1 1.8641 835.2087 153.0686 916.3546 321.7106 1.7137 0.5974 0.9490 2.8636 1.5130 7.8890 2.1992 0.8185
Pedestrian -1 -1 0.6642 746.7369 161.7157 817.9962 282.1227 1.7047 0.5422 0.8823 2.5012 1.5473 10.7256 0.8861 0.7875
Pedestrian -1 -1 1.1641 1085.9689 136.9558 1155.4419 260.6448 1.8237 0.6022 0.7815 7.7680 1.2948 11.0770 1.7628 0.4074
Pedestrian -1 -1 1.5307 907.7408 153.7986 946.6554 260.6115 1.7459 0.5665 0.6863 5.3062 1.4348 12.2124 1.9311 0.3583
Pedestrian -1 -1 2.0063 965.1835 138.2754 1019.0913 240.6791 1.8730 0.5747 0.9276 7.2109 1.2409 13.7057 2.4814 0.2273
Pedestrian -1 -1 0.4352 1004.0186 142.7744 1060.9635 247.8153 1.7484 0.5604 0.6778 7.2326 1.2481 12.4460 0.9510 0.2199
Pedestrian -1 -1 1.4380 863.7521 155.0593 904.4034 263.6914 1.7759 0.5394 0.7532 4.5779 1.4853 12.2186 1.7878 0.1487
Pedestrian -1 -1 1.7082 1172.8118 128.3082 1237.0249 264.2288 1.9001 0.6474 0.6837 8.6510 1.2777 10.5542 2.3809 0.1258
Pedestrian -1 -1 0.4345 1187.5245 126.0995 1242.0000 296.6061 1.9152 0.6584 0.7163 7.4014 1.3904 8.5661 1.1298 0.1059
Cyclist -1 -1 -1.2098 652.5488 162.4354 680.7509 207.1284 1.7716 0.5535 1.8040 2.2908 1.3590 29.5326 -1.1337 0.1846
Car -1 -1 1.9853 166.7711 179.0200 388.8211 303.6934 1.5153 1.5910 3.7252 -4.7514 1.6241 10.8215 1.5800 0.8122
Car -1 -1 -0.8429 0.0000 164.5372 231.2252 375.0000 1.6540 1.6569 4.0890 -4.9957 1.6125 5.6941 -1.5402 0.6109
Car -1 -1 0.6361 998.8908 152.5094 1242.0000 375.0000 1.4868 1.6744 4.0872 3.8104 1.4551 3.2587 1.4553 0.1445
Car -1 -1 3.3353 366.7446 183.6892 413.9319 199.7354 1.4970 1.6392 4.1240 -21.2091 2.5597 69.7175 3.0407 0.1035
