Car -1 -1 1.2199 703.3733 176.3763 815.8774 232.9000 1.4831 1.8090 4.5130 4.2698 1.6005 21.5964 1.4118 0.7961
Car -1 -1 2.1522 382.9993 188.2029 495.9443 238.8867 1.3878 1.5867 4.0054 -5.4069 1.9279 23.2126 1.9253 0.7777
Car -1 -1 -1.8660 3.5956 188.1529 157.1359 270.1462 1.6425 1.7664 4.3852 -12.7642 2.0511 17.2303 -2.4964 0.7613
Car -1 -1 1.0022 763.7484 174.5580 889.0359 224.0677 1.4380 1.7306 4.4891 6.8431 1.4996 23.5178 1.2815 0.7065
Car -1 -1 1.7795 519.8016 186.1741 595.8154 241.5810 1.4020 1.5040 3.5279 -1.4793 1.8241 20.9953 1.7092 0.5985
Car -1 -1 2.0351 341.7288 189.1900 437.1465 235.3788 1.3981 1.5975 3.9574 -7.6899 2.0209 25.4004 1.7435 0.5844
Car -1 -1 2.1773 257.0718 187.2682 360.5442 229.5821 1.4725 1.6700 4.2885 -11.9822 2.0963 28.9296 1.7875 0.4498
Car -1 -1 1.0373 835.8015 168.6837 944.3521 216.7682 1.5096 1.6291 4.0130 9.4319 1.3790 24.7666 1.3968 0.4087
Car -1 -1 2.2262 296.5623 188.4067 392.1317 231.0323 1.3943 1.5040 3.5175 -9.8492 2.0154 26.8913 1.8778 0.3085
Car -1 -1 1.9261 659.9939 185.7822 726.2222 221.1702 1.4268 1.6231 4.3010 3.8379 2.0603 33.0440 2.0400 0.2790
Car -1 -1 2.1526 614.3590 187.4976 684.5807 220.7992 1.4118 1.5252 3.7483 1.8874 2.1476 34.2726 2.2064 0.2369
