Car -1 -1 -1.9156 752.5225 191.0811 1125.8495 375.0000 1.3992 1.5656 4.0929 2.4658 1.6202 6.6816 -1.5777 0.8751
Car -1 -1 -1.7202 678.6278 179.5334 763.8636 243.0237 1.4370 1.5694 3.9660 2.7239 1.6292 18.7355 -1.5789 0.8689
Car -1 -1 -1.4900 573.0084 171.3553 637.3444 229.5242 1.6707 1.6999 4.3114 -0.1062 1.6280 22.9347 -1.4954 0.8670
Car -1 -1 2.1814 2.3573 188.8314 169.0116 248.5968 1.3944 1.6136 4.1768 -14.3723 1.8849 20.0428 1.5654 0.8641
Car -1 -1 -1.7554 716.5746 186.1940 872.1132 300.9234 1.4125 1.5657 3.9521 2.6316 1.6598 11.3497 -1.5345 0.7937
Car -1 -1 -1.5889 645.2239 174.1570 683.3511 211.0540 1.5680 1.6256 3.8596 2.3812 1.6311 32.7688 -1.5176 0.6692
Car -1 -1 1.8848 361.8997 178.0534 406.5329 204.6535 1.5697 1.5931 3.7189 -14.1127 1.9091 45.1769 1.5834 0.6229
Car -1 -1 2.0421 205.3187 184.9350 298.5475 223.6288 1.3832 1.6467 4.1817 -14.4037 1.9078 29.2077 1.5873 0.6118
Car -1 -1 -1.7003 668.8388 178.9885 731.3076 228.5647 1.4514 1.5379 3.5049 2.7903 1.6650 23.3188 -1.5834 0.4330
Car -1 -1 2.1077 314.6107 181.0425 381.0840 210.5379 1.4749 1.6082 3.9460 -14.2431 1.9453 39.3269 1.7621 0.3793
Car -1 -1 -2.5082 0.0000 0.0000 1242.0000 375.0000 1.4903 1.6092 3.8618 2.6007 1.6124 1.3977 -1.5158 0.2265
Car -1 -1 -1.6416 631.0197 174.2524 659.2676 198.2374 1.5310 1.6037 3.9218 2.2826 1.6287 48.2643 -1.5950 0.2025
