Car -1 -1 -1.7596 692.0363 184.2620 796.8973 256.7422 1.4397 1.6161 4.2795 2.9955 1.7456 17.1637 -1.5907 0.9223
Car -1 -1 -1.9532 748.5813 181.0612 969.1192 309.0652 1.5390 1.6664 4.1033 3.4614 1.6893 11.0607 -1.6586 0.9048
Car -1 -1 2.1332 34.0304 177.7747 258.8603 269.4812 1.4953 1.6481 4.2182 -8.7911 1.6064 14.1100 1.5842 0.7920
Car -1 -1 1.9202 349.7645 176.3596 429.0945 220.3130 1.5547 1.6467 4.0163 -8.4643 1.7006 27.8981 1.6278 0.7734
Car -1 -1 -1.6562 681.4846 181.3282 740.5991 231.9269 1.4290 1.5265 3.4871 3.0671 1.7175 22.7474 -1.5247 0.7535
Car -1 -1 1.8603 408.1190 176.9002 468.3980 213.4006 1.5650 1.6182 4.0766 -7.9256 1.7648 33.4783 1.6292 0.5541
Car -1 -1 2.3543 0.0000 181.6677 115.2834 331.2905 1.4833 1.6757 4.1453 -8.8972 1.6255 9.5068 1.6159 0.3831
Car -1 -1 -1.7264 657.3866 179.8519 713.0012 222.3881 1.4693 1.5467 3.5204 2.7377 1.7520 27.3147 -1.6283 0.3400
Car -1 -1 -1.5678 652.2783 181.1019 689.7028 215.9139 1.4179 1.5702 3.7964 2.6858 1.8096 32.2718 -1.4861 0.2623
Car -1 -1 1.8738 437.2881 178.3316 487.8199 207.8975 1.4849 1.5875 3.8793 -7.9400 1.7966 38.9926 1.6738 0.2570
Car -1 -1 1.8730 460.6291 178.3144 503.8969 203.8612 1.4649 1.5706 3.7177 -7.7966 1.8141 44.1466 1.6988 0.1411
