Pedestrian -1 -1 1.2494 1024.0966 137.3426 1087.9758 254.7790 1.7680 0.6516 0.7060 6.8999 1.2337 11.2744 1.7866 0.3490
Car -1 -1 -2.6484 158.8916 190.9238 404.3900 270.1552 1.5219 1.7536 4.4717 -6.9291 1.9335 15.3759 -3.0658 0.8943
Car -1 -1 -1.7156 702.2968 177.6058 792.7842 243.3303 1.4204 1.5827 4.1255 3.2479 1.5529 17.9783 -1.5406 0.8555
Car -1 -1 -1.8843 775.6413 150.7038 1023.5269 329.2373 1.7663 1.6635 3.7240 3.2418 1.5475 9.0140 -1.5505 0.7773
Car -1 -1 -1.7134 682.7350 175.5202 751.9070 224.3985 1.4621 1.6459 4.2642 3.4151 1.5588 23.9480 -1.5741 0.7541
Car -1 -1 -1.5380 609.8267 176.2214 643.1414 207.3897 1.5235 1.6177 3.8225 0.8661 1.7086 37.6399 -1.5158 0.7339
Car -1 -1 -2.6804 360.5239 184.2056 478.4527 227.8835 1.4454 1.5845 3.7369 -6.7800 1.8672 25.6307 -2.9370 0.6598
Car -1 -1 -2.7457 293.4371 185.3671 442.1345 241.5155 1.5076 1.6162 3.7173 -6.9418 1.8841 20.7396 -3.0654 0.6156
Car -1 -1 -2.3615 0.0000 208.0377 191.3439 361.3661 1.4458 1.6333 3.9547 -7.2344 1.8929 8.2001 -3.0685 0.4932
Car -1 -1 0.2272 386.0490 182.6587 497.9702 221.8131 1.4495 1.6364 3.9535 -6.4846 1.8406 27.9378 0.0007 0.4909
Car -1 -1 -2.6956 240.6864 190.2406 422.1147 253.3352 1.4582 1.6212 3.9550 -6.9888 1.9201 18.1807 -3.0583 0.3755
Car -1 -1 3.1750 449.3422 177.8557 531.3525 207.4947 1.5537 1.6878 4.3177 -6.5112 1.8344 39.3151 3.0115 0.3193
Car -1 -1 0.1416 477.5463 177.2260 548.8370 202.8754 1.6204 1.7299 4.3799 -6.2643 1.9095 46.7648 0.0087 0.2254
Car -1 -1 -2.8988 409.5640 181.6982 512.1920 216.0614 1.4542 1.6619 4.1688 -6.5843 1.8570 31.9170 -3.1011 0.2212
