Pedestrian -1 -1 -0.6559 854.3282 160.8776 910.1455 244.6502 1.7865 0.6225 0.9676 5.9162 1.5314 15.8262 -0.3050 0.6571
Pedestrian -1 -1 2.1198 804.3230 165.5771 826.6564 204.1533 1.8425 0.6505 0.9378 9.9365 1.4953 35.0180 2.3936 0.3727
Pedestrian -1 -1 2.2778 920.5477 164.4693 967.1310 245.4816 1.6997 0.5172 0.8011 7.1389 1.5241 15.5401 2.7006 0.2064
Pedestrian -1 -1 2.1215 886.5165 159.3684 932.1652 241.8468 1.8459 0.6057 0.8812 6.8599 1.5444 16.6508 2.5054 0.2035
Pedestrian -1 -1 -2.5474 777.5540 167.9128 800.3048 205.2021 1.7776 0.5985 0.8854 8.6204 1.5424 34.9225 -2.3079 0.1965
Pedestrian -1 -1 -2.7185 693.7595 171.3174 717.8129 218.1132 1.7346 0.5913 0.7200 3.5668 1.6780 27.1827 -2.5900 0.1512
Pedestrian -1 -1 -1.5447 1093.7294 145.9460 1179.1261 370.9692 1.7931 0.5654 0.6528 4.4409 1.5790 6.1769 -0.9446 0.1370
Pedestrian -1 -1 1.2580 1181.0297 138.0601 1242.0000 358.0194 1.7617 0.5503 0.6707 5.3049 1.4834 6.1886 1.9428 0.1300
Pedestrian -1 -1 -1.1590 972.7823 154.5930 1020.0936 238.8515 1.8593 0.6346 0.9404 8.7695 1.4567 16.4614 -0.6774 0.1063
Pedestrian -1 -1 1.2763 845.8287 160.9638 917.2334 317.8918 1.7059 0.5277 0.8545 3.0403 1.5770 8.2794 1.6156 0.1054
Pedestrian -1 -1 3.1707 81.6339 179.7162 111.4992 237.2041 1.7375 0.6347 0.7347 -15.9662 1.9552 22.3835 2.5565 0.1006
Cyclist -1 -1 -1.1156 691.3453 170.7966 726.6043 218.3774 1.7400 0.5605 1.8753 3.7199 1.6651 27.3190 -0.9824 0.1282
Cyclist -1 -1 1.6117 553.0862 175.7253 563.7685 206.4486 1.7442 0.5485 1.8514 -3.0344 1.9157 42.0693 1.5396 0.1105
Car -1 -1 2.3579 0.0000 205.0406 203.2490 375.0000 1.4451 1.6138 4.1365 -4.6860 1.7457 4.6401 1.5960 0.4333
Car -1 -1 0.9135 374.5234 182.8705 449.3616 215.3961 1.4370 1.5721 3.6352 -9.5764 1.9424 34.6560 0.6454 0.1517
