Car -1 -1 2.0009 0.0000 175.6762 386.0842 375.0000 1.6033 1.6327 4.0238 -3.4735 1.6374 6.5963 1.5318 0.8115
Car -1 -1 2.8246 702.3983 165.6683 883.1107 239.1350 1.6836 1.6928 3.9202 4.3068 1.5193 17.5339 3.0608 0.7572
Car -1 -1 1.7645 405.5877 169.6444 507.2153 252.7574 1.7313 1.6057 3.8302 -3.5228 1.6648 16.9494 1.5619 0.6580
Car -1 -1 2.3370 891.6693 118.5979 1242.0000 375.0000 1.7118 1.6932 3.8574 3.9781 1.4496 4.5583 3.0225 0.6138
Car -1 -1 2.9035 650.5439 170.8057 755.6039 208.0693 1.5151 1.6306 4.1155 3.8358 1.4322 30.3787 3.0274 0.5472
Car -1 -1 2.9389 690.3089 172.5961 832.6599 228.7914 1.4958 1.5894 3.6088 4.0759 1.4893 20.0072 3.1364 0.5462
Car -1 -1 1.7497 482.9946 176.5081 544.8668 223.1049 1.5403 1.5646 3.7779 -3.4368 1.6825 26.0754 1.6194 0.5328
Car -1 -1 -0.7049 870.8666 147.5557 1242.0000 338.8241 1.6563 1.6670 3.6414 4.7256 1.4376 7.3448 -0.1519 0.4269
Car -1 -1 2.0441 497.4078 177.3785 564.2407 210.9626 1.5028 1.6100 3.9174 -3.8049 1.7357 34.9714 1.9360 0.4224
Car -1 -1 2.6407 663.9655 170.3680 798.9832 222.4137 1.5308 1.6227 3.8754 3.7531 1.4581 22.6301 2.8023 0.3673
Car -1 -1 1.7729 440.5868 178.0335 519.6269 235.6687 1.5161 1.5690 3.6564 -3.7577 1.6817 21.1597 1.5987 0.2603
Car -1 -1 -0.1802 640.2758 170.2212 739.3159 207.7058 1.6506 1.7160 4.2291 3.5379 1.5350 32.7815 -0.0742 0.2117
