Pedestrian -1 -1 -2.7917 498.0872 170.9850 528.8821 222.1121 1.7380 0.5896 0.9072 -3.3730 1.6748 24.9101 -2.9255 0.2883
Car -1 -1 -1.9274 753.0459 173.8989 1009.6987 331.6862 1.4952 1.6000 3.6146 2.9043 1.5108 8.7008 -1.6164 0.8768
Car -1 -1 -1.7677 685.9096 174.0032 786.0737 245.0446 1.4776 1.5775 3.6946 2.7831 1.5079 16.9410 -1.6085 0.8565
Car -1 -1 2.1351 131.9268 194.2767 230.0286 232.8334 1.4441 1.6465 4.2775 -18.6841 2.4469 31.5936 1.6044 0.7511
Car -1 -1 -1.7221 647.2122 176.3769 708.9919 219.9511 1.4414 1.6018 4.2213 2.3576 1.5811 26.3714 -1.6346 0.7459
Car -1 -1 2.0648 220.5541 190.2570 289.2919 221.0857 1.4349 1.5524 3.9183 -18.5550 2.3953 37.8139 1.6111 0.6106
Car -1 -1 2.3657 0.0000 201.6376 78.6670 283.9964 1.4626 1.6295 4.1730 -14.6222 2.2048 16.4507 1.6470 0.5695
Car -1 -1 -2.3088 997.7416 181.3681 1242.0000 375.0000 1.4615 1.5687 3.6399 2.7449 1.5100 2.1937 -1.4759 0.5045
Car -1 -1 2.1096 281.5101 187.6192 341.0660 213.7049 1.4423 1.5450 3.9984 -18.3177 2.3930 44.3501 1.7197 0.4643
Car -1 -1 -1.5888 621.7570 174.4457 649.7855 201.0782 1.4970 1.5783 3.5993 1.4520 1.5953 42.5816 -1.5554 0.2774
Car -1 -1 2.2382 0.0000 197.7383 121.0538 249.7769 1.4783 1.6047 3.9399 -18.7249 2.3878 24.3747 1.5883 0.1965
Car -1 -1 1.9153 333.3978 186.5824 374.6056 208.6192 1.4801 1.6080 3.9392 -18.7389 2.5245 52.8939 1.5761 0.1931
