Pedestrian -1 -1 -0.1446 1081.9960 152.3906 1145.8601 308.5709 1.8680 0.5744 0.5665 6.2221 1.6236 9.0081 0.4439 0.1150
Pedestrian -1 -1 1.8848 677.5200 146.1625 731.6670 263.8477 2.0220 0.7163 0.9361 1.6590 1.5638 12.9700 2.0081 0.1126
Car -1 -1 -2.0783 571.2448 185.2712 896.6556 368.3369 1.4826 1.6723 4.4540 1.0217 1.6708 8.5404 -1.9650 0.9066
Car -1 -1 -1.8937 497.6364 185.7191 647.2756 287.8237 1.5365 1.6049 3.8358 -0.9043 1.8139 13.4579 -1.9608 0.8250
Car -1 -1 1.6751 207.3307 198.7665 305.6929 274.1027 1.3888 1.6237 4.3035 -8.3104 2.0888 17.1795 1.2301 0.8213
Car -1 -1 -3.5543 895.0948 194.0181 1173.1532 282.9704 1.3911 1.5836 3.9230 7.2366 1.7930 12.7157 -3.0478 0.7871
Car -1 -1 -3.5814 1026.8821 192.7400 1242.0000 316.1163 1.4452 1.6066 3.8537 8.1586 1.7563 10.0568 -2.9149 0.7756
Car -1 -1 -1.7699 473.7033 189.6382 565.7136 261.3965 1.4743 1.5552 3.4232 -2.3351 1.9270 17.5685 -1.9010 0.6458
Car -1 -1 1.7531 262.2846 193.7920 332.5056 241.7149 1.4319 1.5860 3.8057 -10.9341 2.2271 25.3605 1.3493 0.6397
Car -1 -1 1.7185 280.2423 193.1677 336.2924 233.6817 1.4687 1.6017 3.9570 -12.6680 2.3842 30.3880 1.3262 0.2537
Car -1 -1 -3.1782 724.1399 195.8876 864.1489 252.5252 1.4258 1.5250 3.6588 5.0318 2.1063 20.1855 -2.9384 0.1926
Car -1 -1 2.5999 612.0518 180.9130 711.2714 217.1476 1.3853 1.5329 3.8563 2.1083 1.7364 29.8370 2.6691 0.1134
