Car -1 -1 -0.5307 774.7741 179.2737 1082.9470 284.7597 1.4796 1.7031 4.1766 4.8607 1.5914 11.3853 -0.1374 0.8858
Car -1 -1 -0.3434 722.2808 182.3422 953.9023 265.6043 1.4527 1.6336 3.8715 4.1723 1.6456 13.7185 -0.0551 0.7574
Car -1 -1 -0.4598 690.9374 175.5193 883.7473 255.8758 1.6592 1.6745 3.8751 3.8910 1.7241 16.2348 -0.2296 0.7326
Car -1 -1 -0.6987 987.7201 177.9747 1242.0000 375.0000 1.4467 1.6096 3.8793 5.5297 1.4966 6.1529 0.0093 0.7288
Car -1 -1 1.7559 354.9742 190.2458 426.6523 237.6138 1.4276 1.6480 4.3631 -7.7264 2.1007 25.6552 1.4657 0.6924
Car -1 -1 -0.2554 606.3522 181.8474 705.8553 219.8331 1.5335 1.6630 3.9578 1.9034 1.9340 30.8942 -0.1951 0.6829
Car -1 -1 -0.4776 647.0727 183.1956 770.6076 233.3078 1.4950 1.5980 3.6558 3.1575 1.8513 23.4612 -0.3463 0.6808
Car -1 -1 1.9011 251.0248 177.5668 397.3214 272.9915 1.7958 1.6821 4.2063 -6.1401 1.9140 15.9157 1.5379 0.6565
Car -1 -1 -0.3759 660.2042 184.6028 813.9553 239.6377 1.4509 1.6265 4.0401 3.5682 1.8090 20.7527 -0.2089 0.5997
Car -1 -1 -0.0890 578.5070 183.1081 659.5618 211.8743 1.4593 1.6874 4.1672 0.4055 2.0186 38.3231 -0.0792 0.4423
Car -1 -1 1.7422 402.1340 189.1118 449.4489 222.1098 1.4483 1.5971 4.0953 -9.1200 2.3037 35.8413 1.4943 0.4120
Car -1 -1 2.6247 625.2968 181.5121 752.2258 227.4018 1.5281 1.6845 4.3321 2.8335 1.8635 26.2800 2.7302 0.3513
