Car -1 -1 -1.5303 571.4014 173.0486 605.7840 204.4856 1.5957 1.6800 4.1887 -1.1363 1.6070 38.7499 -1.5599 0.7820
Car -1 -1 3.3020 392.9162 176.3369 480.9770 209.0190 1.5846 1.6963 4.0757 -8.6568 1.7644 36.1873 3.0685 0.7480
Car -1 -1 0.3361 259.6502 179.8265 416.7242 231.4013 1.4710 1.6667 4.0973 -8.1214 1.6893 21.6838 -0.0187 0.7389
Car -1 -1 0.5638 79.4073 180.2280 341.9378 266.9877 1.5564 1.7132 4.2466 -7.7359 1.7113 14.1146 0.0700 0.6946
Car -1 -1 -2.7650 317.1998 180.9839 438.5428 224.1530 1.4025 1.5606 3.6329 -7.9311 1.6912 24.6818 -3.0732 0.6112
Car -1 -1 1.7504 510.3952 176.9971 556.1253 206.9596 1.4663 1.6908 4.0853 -4.0147 1.6969 37.9884 1.6453 0.6069
Car -1 -1 3.7082 0.0000 189.9739 246.2684 291.5374 1.4801 1.5732 3.5393 -8.0876 1.7765 11.6356 3.1112 0.5321
Car -1 -1 0.3905 181.0236 183.3356 372.0872 241.4395 1.4427 1.6750 4.2918 -8.7798 1.7346 19.1526 -0.0345 0.4981
Car -1 -1 3.5779 154.0931 182.6941 350.1446 251.7263 1.4769 1.6129 3.6839 -8.1248 1.7138 16.5061 3.1264 0.4386
Car -1 -1 -2.7213 250.2945 165.6489 342.4116 196.4214 1.5866 1.6850 4.1308 -16.5336 1.2155 38.0681 -3.1287 0.2995
Car -1 -1 2.2314 0.0000 200.1449 72.3733 375.0000 1.4810 1.6381 4.1313 -6.2353 1.7711 5.4885 1.4066 0.2493
