Pedestrian -1 -1 2.8561 396.4450 183.8291 444.6651 259.6805 1.6904 0.5633 0.9605 -4.4369 1.9524 16.7076 2.5997 0.7808
Car -1 -1 2.0810 31.8306 204.3154 336.5745 351.2354 1.4291 1.6733 4.3175 -5.5741 1.9656 10.1193 1.5879 0.8911
Car -1 -1 -0.2053 747.2086 183.4793 1050.8923 290.3615 1.4760 1.6854 4.1415 4.2439 1.6597 11.3174 0.1439 0.8435
Car -1 -1 1.8946 340.4033 195.7801 441.8270 258.0844 1.4576 1.5864 3.7499 -6.0405 2.1597 20.1801 1.6066 0.8121
Car -1 -1 1.8480 410.8315 193.3614 482.1425 239.2730 1.4373 1.5544 3.7394 -5.8928 2.2369 26.2046 1.6283 0.7005
Car -1 -1 -0.6566 899.5928 180.3096 1242.0000 375.0000 1.5115 1.6740 4.0796 4.9406 1.5887 6.5273 -0.0311 0.6889
Car -1 -1 -0.2648 670.3619 183.7828 782.6818 225.3533 1.4947 1.6390 3.9331 4.3541 1.9275 27.5141 -0.1103 0.6718
Car -1 -1 -0.1299 634.9155 183.4836 697.9367 207.5951 1.4965 1.6192 3.8687 3.5744 2.1954 46.4991 -0.0542 0.6421
Car -1 -1 2.8043 734.9232 166.2965 1000.3500 265.8964 1.7828 1.7902 4.4500 4.7335 1.6658 13.8414 3.1264 0.6065
Car -1 -1 1.7429 461.0171 189.7745 506.4971 223.2941 1.4839 1.5840 3.8634 -6.2451 2.3697 35.8219 1.5709 0.5638
Car -1 -1 -0.3544 696.1085 184.9951 823.6736 231.4280 1.4877 1.6367 3.9738 5.0673 1.9245 24.8174 -0.1561 0.5146
Car -1 -1 0.7419 1067.9530 184.0546 1242.0000 375.0000 1.5141 1.6382 3.9416 3.5661 1.5860 2.5887 1.6314 0.3954
Car -1 -1 1.7582 638.8156 184.4662 686.2756 217.6992 1.4753 1.6067 4.1561 2.6280 2.0874 35.7915 1.8302 0.3477
