Car -1 -1 -1.8444 666.8061 177.0148 764.4678 238.8863 1.5188 1.6193 4.0457 2.7690 1.6473 20.1092 -1.7103 0.8441
Car -1 -1 1.3558 716.0746 166.1501 897.5190 295.8307 1.7262 1.8197 4.5493 2.9037 1.6373 11.8919 1.5885 0.8347
Car -1 -1 1.7099 465.5622 181.1628 526.0300 225.4356 1.4444 1.6325 3.9947 -4.1229 1.7708 26.3009 1.5554 0.8171
Car -1 -1 -1.7739 640.3020 175.5288 703.3636 219.2934 1.5329 1.6151 3.9489 2.2395 1.6431 27.5806 -1.6944 0.8101
Car -1 -1 -2.0604 836.7996 193.6029 1242.0000 375.0000 1.4200 1.6243 4.3223 2.8968 1.6212 4.8002 -1.5454 0.7055
Car -1 -1 2.4951 0.0000 211.8730 209.3227 375.0000 1.4590 1.6593 4.0391 -3.3789 1.6995 2.4001 1.5944 0.4568
Car -1 -1 -1.6275 604.0447 175.1387 627.0347 194.9469 1.4861 1.5833 3.7302 0.3792 1.6713 56.4725 -1.6212 0.3255
Car -1 -1 2.3933 0.0000 208.6509 92.9291 375.0000 1.3869 1.5474 4.1172 -6.6723 1.7910 6.0688 1.5825 0.2384
Car -1 -1 -1.6307 628.8297 176.4654 666.5756 210.1212 1.5057 1.5713 3.6872 1.7175 1.6881 34.5270 -1.5820 0.2255
Car -1 -1 -1.5469 527.6723 176.8599 550.7401 197.7525 1.4189 1.5565 3.8344 -5.0718 1.7173 51.7226 -1.6446 0.2035
