Car -1 -1 -1.9840 806.2302 183.2420 1148.8523 369.6778 1.4817 1.6403 4.2486 3.5726 1.6295 8.1038 -1.5833 0.9035
Car -1 -1 -1.7614 744.1805 184.8868 870.7000 274.8649 1.4192 1.5562 3.9688 3.5874 1.6859 13.9436 -1.5157 0.8926
Car -1 -1 -1.7195 719.2662 181.8699 803.1723 243.8925 1.4376 1.5805 3.9963 3.8886 1.7051 19.3446 -1.5249 0.8736
Car -1 -1 0.5063 0.0000 180.0307 410.8974 347.7296 1.4596 1.6698 4.1624 -4.3564 1.5407 7.2298 -0.0204 0.7995
Car -1 -1 -1.7290 687.4053 180.1585 750.4514 224.1803 1.4377 1.6094 4.1760 3.8455 1.7262 26.3597 -1.5864 0.7247
Car -1 -1 3.2587 449.2353 178.4666 569.4441 218.4231 1.4650 1.6829 4.3843 -3.8180 1.6868 27.5846 3.1219 0.6531
Car -1 -1 0.4262 128.8514 168.7098 470.5275 300.4162 1.6167 1.6646 3.9139 -4.0753 1.5662 9.7632 0.0396 0.6297
Car -1 -1 0.3608 244.8265 181.1044 515.9415 272.5858 1.4436 1.6504 4.1667 -3.9048 1.5980 12.5116 0.0635 0.5976
Car -1 -1 -2.1748 982.1094 191.3517 1242.0000 375.0000 1.4698 1.5662 3.6908 2.9172 1.5927 2.8366 -1.4267 0.5464
Car -1 -1 0.2766 303.8529 182.8857 516.0234 254.4264 1.3821 1.5634 3.9650 -4.0919 1.6019 14.9723 0.0136 0.4846
Car -1 -1 0.1558 490.4201 175.5467 586.5370 211.6935 1.6142 1.7021 4.2064 -3.2955 1.7426 33.3345 0.0575 0.4607
Car -1 -1 -1.6504 675.6214 181.1088 711.0973 210.4500 1.4411 1.5681 3.7303 4.3523 1.9022 38.3867 -1.5390 0.2378
