Pedestrian -1 -1 2.6811 476.4017 178.1917 509.1196 231.3744 1.7158 0.6196 0.8862 -3.9271 1.8967 23.8884 2.5193 0.6567
Car -1 -1 1.9178 287.5628 189.0739 430.2419 265.9283 1.4664 1.7152 4.4387 -5.7319 1.8982 16.9502 1.5958 0.8651
Car -1 -1 1.7482 414.0579 187.1210 476.4195 229.6688 1.4058 1.6040 4.0149 -6.1772 1.9853 27.2459 1.5267 0.8118
Car -1 -1 2.1714 0.0000 199.9374 236.3672 375.0000 1.4888 1.6521 4.2482 -5.2726 1.8165 6.5499 1.5131 0.7626
Car -1 -1 -0.1146 689.6249 178.5687 870.7058 241.4463 1.4860 1.7162 4.2898 4.1376 1.6400 18.3196 0.1033 0.7596
Car -1 -1 -0.4877 784.1132 175.1990 1099.2521 291.2922 1.5688 1.6997 3.9626 4.7637 1.6075 10.8000 -0.0832 0.7322
Car -1 -1 2.3831 940.0982 180.9747 1242.0000 375.0000 1.5172 1.6824 4.1678 5.1287 1.5959 5.9659 3.0683 0.7123
Car -1 -1 2.5571 880.7980 182.2977 1242.0000 328.2777 1.4889 1.5733 3.6338 5.1894 1.6097 8.3346 3.0973 0.6827
Car -1 -1 -0.5856 753.5027 184.0191 977.6874 269.4589 1.4362 1.5688 3.7856 4.7576 1.6677 13.6934 -0.2588 0.6326
Car -1 -1 -0.1166 656.4109 177.7562 741.3894 210.5367 1.5097 1.6325 3.8392 4.1383 1.7486 34.2926 0.0019 0.6027
Car -1 -1 2.9375 682.5053 171.0385 838.0650 233.3652 1.7191 1.7268 4.1126 4.1904 1.6694 20.7797 3.1330 0.3421
Car -1 -1 -0.4758 671.5701 179.3528 766.3900 214.6958 1.4701 1.6041 3.8374 4.7685 1.7702 31.8958 -0.3293 0.2785
