Pedestrian -1 -1 0.7593 439.8262 186.3187 473.3940 246.9820 1.5791 0.5859 0.6607 -4.1687 1.9492 19.3894 0.5495 0.1319
Car -1 -1 -1.7546 660.8026 187.4318 741.0038 243.8053 1.4164 1.5775 4.1986 2.5345 1.8923 21.3860 -1.6392 0.9016
Car -1 -1 2.8474 318.5042 193.6628 472.5857 257.4901 1.4444 1.5581 3.6010 -5.6701 2.0410 19.0330 2.5610 0.7965
Car -1 -1 2.8965 347.3856 189.9473 497.9756 245.9835 1.4893 1.6516 4.1574 -5.7153 2.0502 21.9402 2.6440 0.5586
Car -1 -1 -1.6614 648.4543 185.5835 691.8994 221.2261 1.4491 1.5962 3.9046 2.6286 2.0609 32.6942 -1.5826 0.5221
Car -1 -1 -0.4320 478.2994 188.9389 553.4504 217.3165 1.4541 1.6184 3.8759 -5.3180 2.3987 40.6343 -0.5619 0.4601
Car -1 -1 2.8172 391.6165 189.1551 518.0256 238.2837 1.4875 1.6122 3.9149 -5.3219 2.0833 24.6588 2.6061 0.2437
Car -1 -1 2.6526 511.5957 185.2031 570.0674 207.5865 1.5019 1.5670 3.9246 -5.0019 2.4231 52.0642 2.5568 0.2161
Car -1 -1 -0.4907 512.8693 188.0666 574.3094 212.6714 1.4651 1.6124 3.6289 -4.3159 2.4853 46.6995 -0.5829 0.1343
Car -1 -1 -1.7405 655.2922 186.6306 712.8898 231.4221 1.4907 1.5388 3.5813 2.6590 2.0416 26.9863 -1.6442 0.1264
