Car -1 -1 -2.0233 773.8214 184.2408 1214.1652 375.0000 1.4839 1.6590 4.3359 2.9441 1.6273 6.8446 -1.6339 0.8963
Car -1 -1 0.2216 217.3474 186.7238 427.8988 254.4773 1.3991 1.6381 4.2030 -6.4480 1.7376 16.4710 -0.1466 0.8822
Car -1 -1 -1.7982 693.5969 183.7050 843.6250 289.7131 1.4470 1.5664 3.8206 2.4301 1.6597 12.1800 -1.6071 0.8744
Car -1 -1 -1.6803 644.3423 182.0746 709.6296 232.6046 1.4172 1.5970 4.2575 2.0099 1.7411 23.1661 -1.5957 0.8089
Car -1 -1 3.3484 301.8996 183.3186 446.7467 233.5348 1.4579 1.6454 4.0199 -7.2604 1.7981 22.3995 3.0379 0.7093
Car -1 -1 3.8035 0.0000 194.2530 211.3632 372.6328 1.4075 1.6156 4.1081 -6.3631 1.6394 6.8599 3.0749 0.5961
Car -1 -1 -1.6130 629.1818 180.8906 673.7340 220.8091 1.4398 1.5900 3.8525 1.5492 1.7817 28.7346 -1.5604 0.5622
Car -1 -1 -1.7145 609.5497 179.5544 655.9343 214.2130 1.4933 1.6140 3.9619 0.9706 1.8280 33.9429 -1.6868 0.4935
Car -1 -1 3.2223 381.4974 182.8207 473.9952 215.1458 1.4141 1.6251 4.0309 -8.4018 1.8914 33.3907 2.9772 0.4159
Car -1 -1 -1.4568 471.1247 179.1558 502.4741 203.8111 1.4879 1.5823 3.6267 -7.9046 1.9092 46.3426 -1.6252 0.2621
Car -1 -1 1.7439 519.3279 179.3162 549.9545 200.9337 1.4856 1.5904 3.8358 -5.4957 1.9759 52.7295 1.6401 0.2554
