Car -1 -1 -1.7602 769.0632 182.2476 897.5886 276.6006 1.4082 1.5080 3.4152 3.7797 1.5993 12.8855 -1.4820 0.8853
Car -1 -1 -1.7819 738.8641 175.1948 847.0734 245.6616 1.4952 1.6501 4.1930 4.2463 1.5594 17.5613 -1.5493 0.8823
Car -1 -1 2.8894 397.3341 181.4277 460.4329 202.4202 1.4605 1.6732 4.2446 -13.4130 2.1159 53.3724 2.6440 0.7613
Car -1 -1 -2.5640 562.5800 177.0098 619.2697 198.4056 1.5069 1.6348 3.9212 -1.4469 1.8236 53.2048 -2.5915 0.5871
Car -1 -1 2.3922 0.0000 200.3362 74.8957 276.0291 1.4108 1.5386 3.7054 -14.7543 2.1232 16.7676 1.6784 0.5697
Car -1 -1 2.4541 136.9003 187.7224 228.1937 217.9847 1.4010 1.5838 4.0006 -22.2508 2.2219 37.6655 1.9233 0.5088
Car -1 -1 2.4123 237.4139 179.9764 318.1946 208.6212 1.5935 1.7014 4.4337 -20.0536 2.0485 43.6875 1.9840 0.5066
Car -1 -1 -1.6681 688.7217 176.2866 733.5812 210.9061 1.4948 1.6557 4.1658 4.6175 1.6655 33.6835 -1.5336 0.4825
Car -1 -1 -2.1764 1010.1119 190.3140 1242.0000 375.0000 1.4618 1.5863 3.8567 3.7426 1.6042 3.8553 -1.4441 0.4423
Car -1 -1 2.4798 311.9467 182.7720 377.9020 205.4779 1.4107 1.5970 4.0683 -17.9182 2.1121 48.8508 2.1296 0.4164
Car -1 -1 2.6324 0.8737 186.4333 88.0657 213.9728 1.4495 1.5350 3.7142 -32.8435 2.2776 41.9661 1.9713 0.2894
Car -1 -1 2.3733 68.3513 188.1015 155.0276 217.4855 1.4049 1.5021 3.8548 -26.6264 2.2651 38.6500 1.7731 0.1945
