Pedestrian -1 -1 1.2068 1204.4042 164.0219 1242.0000 243.8247 1.7551 0.6124 0.7820 13.9585 1.5612 16.3360 1.9046 0.3783
Pedestrian -1 -1 2.2765 1122.8127 167.1383 1161.1503 233.3631 1.6499 0.4824 0.6422 13.4296 1.5079 18.2838 2.9019 0.3147
Pedestrian -1 -1 -1.3039 1036.6892 168.3871 1064.0907 222.4210 1.6278 0.5487 0.7373 13.4980 1.4935 22.1865 -0.7637 0.1653
Pedestrian -1 -1 2.4177 1070.9199 162.0900 1109.6548 226.4629 1.7429 0.5503 0.6984 13.1654 1.4519 19.8563 2.9959 0.1626
Pedestrian -1 -1 2.2515 1103.4194 165.6179 1141.0485 232.3678 1.7220 0.5023 0.6628 13.3990 1.5357 18.9447 2.8593 0.1491
Car -1 -1 -1.8435 792.2307 175.8298 866.7618 217.4669 1.4381 1.6058 4.1573 8.1568 1.5597 27.3072 -1.5567 0.8693
Car -1 -1 -1.7292 741.8826 173.4716 779.8623 200.5431 1.5002 1.5956 3.6067 8.6799 1.5380 41.9031 -1.5268 0.4740
Car -1 -1 -1.5114 616.7774 173.2147 638.6133 191.7412 1.5288 1.6343 4.0238 1.5201 1.5610 61.6904 -1.4873 0.1280
Car -1 -1 -3.0301 795.5944 174.2715 846.8950 189.6753 1.4095 1.6742 4.4804 19.8740 1.5465 67.9533 -2.7470 0.1059
Car -1 -1 -0.2022 1176.2673 161.8603 1242.0000 203.6953 1.4697 1.6425 4.2163 24.0340 1.0838 27.1019 0.5177 0.1018
