Pedestrian -1 -1 1.9102 276.3486 163.1624 315.7131 238.8377 1.8969 0.6364 0.9872 -8.1280 1.6543 18.5971 1.5030 0.6482
Pedestrian -1 -1 2.0385 249.2913 164.5508 293.0105 238.5006 1.8603 0.6631 0.9511 -8.7867 1.6518 18.6342 1.6030 0.3488
Cyclist -1 -1 -1.1946 406.4388 168.3954 446.9307 228.7858 1.7514 0.5330 1.8896 -5.5844 1.6225 21.8944 -1.4420 0.5426
Car -1 -1 -3.1731 662.1932 167.4480 852.8389 235.7932 1.6104 1.7443 4.4971 3.5908 1.4834 18.2167 -2.9823 0.8495
Car -1 -1 -3.5518 885.8895 163.5334 1096.2448 231.6309 1.5901 1.7146 4.2689 9.2252 1.3728 17.8292 -3.0815 0.8492
Car -1 -1 -3.7549 1092.1625 159.0024 1242.0000 227.4067 1.5314 1.7191 4.4033 14.2343 1.2216 17.1629 -3.0711 0.7075
Car -1 -1 -1.0389 633.9042 165.4509 722.2188 210.2549 1.5618 1.5895 3.8332 2.5864 1.3041 27.1687 -0.9455 0.6576
Car -1 -1 -0.9362 559.9584 170.8941 648.9189 212.7843 1.4778 1.5821 3.5410 -0.1942 1.4090 27.3497 -0.9439 0.4862
Car -1 -1 -1.4881 1051.4510 155.5195 1111.3131 199.3058 1.5012 1.5656 3.8361 17.4661 0.9073 26.7328 -0.9146 0.2912
Car -1 -1 -1.2746 893.2948 157.6417 971.2180 202.1534 1.5571 1.5953 4.0418 12.2002 1.0253 27.2884 -0.8585 0.2269
Car -1 -1 -1.2682 795.5326 161.9738 871.0087 207.2274 1.5171 1.5890 3.7228 8.1123 1.1527 26.1715 -0.9711 0.1791
