Pedestrian -1 -1 1.3387 516.9436 138.4232 558.5956 238.1779 1.9002 0.6198 0.9491 -1.3854 1.1003 14.0119 1.2444 0.8208
Pedestrian -1 -1 1.2303 557.0477 135.8370 600.1269 233.1772 1.9185 0.6051 0.9281 -0.5922 1.0398 14.4731 1.1924 0.7278
Pedestrian -1 -1 1.4627 451.4684 144.6186 478.0018 218.8504 1.9001 0.5913 0.9217 -3.7379 0.9832 18.6211 1.2699 0.5501
Pedestrian -1 -1 1.3886 487.0109 141.9109 514.9329 215.3851 1.8977 0.5773 0.9240 -2.8078 0.9026 18.7872 1.2448 0.4056
Pedestrian -1 -1 1.6388 748.4452 140.3114 797.4216 269.8404 1.7888 0.6485 0.6450 2.3749 1.2355 10.1617 1.8636 0.3511
Pedestrian -1 -1 1.6135 433.4060 147.2490 455.0410 209.8297 1.8631 0.6055 0.8114 -4.9151 0.8748 21.4978 1.3940 0.1972
Pedestrian -1 -1 1.3781 453.8216 147.3099 477.7491 208.6761 1.8425 0.5867 0.7613 -4.3075 0.8476 21.6871 1.1868 0.1474
Pedestrian -1 -1 2.9782 667.7469 140.4803 724.9819 277.9088 1.7539 0.6444 0.6500 1.1486 1.2448 9.3543 3.0984 0.1449
Cyclist -1 -1 1.3435 666.1016 142.8661 738.0370 285.5865 1.7078 0.5348 1.7888 1.1953 1.2592 9.3727 1.4682 0.5458
Cyclist -1 -1 1.0773 738.9522 138.5340 833.4263 270.1963 1.7141 0.5300 1.7354 2.4923 1.1694 10.1066 1.3140 0.2242
