Pedestrian -1 -1 0.8881 143.9571 167.2596 241.9398 333.0552 1.7619 0.5798 0.7984 -4.6628 1.6229 7.9247 0.3752 0.7701
Pedestrian -1 -1 1.0169 1128.5354 115.9006 1224.0000 335.2136 1.7808 0.6673 0.9125 5.2061 1.2580 6.2291 1.6901 0.7036
Pedestrian -1 -1 1.4825 865.7448 159.6917 890.3053 219.0665 1.8088 0.6301 0.9327 8.4828 1.1765 22.0691 1.8463 0.5737
Pedestrian -1 -1 1.4115 853.9591 159.3961 882.4225 222.5437 1.7706 0.6322 0.8636 7.5160 1.1804 20.3041 1.7627 0.5620
Pedestrian -1 -1 1.3771 841.2045 160.9306 867.3248 219.7570 1.8076 0.5992 0.9455 7.7983 1.2079 22.2315 1.7117 0.5536
Pedestrian -1 -1 1.4416 829.8150 159.9444 858.3832 223.7108 1.8025 0.6641 0.9404 6.8918 1.2230 20.5063 1.7629 0.5459
Pedestrian -1 -1 3.0049 577.3754 171.7882 591.5388 203.1251 1.6971 0.5723 0.7022 -1.1349 1.2267 38.6258 2.9774 0.1365
Cyclist -1 -1 2.2975 199.1981 174.2403 287.5622 263.6935 1.6821 0.5146 1.7900 -7.2685 1.5660 14.2218 1.8358 0.5369
Cyclist -1 -1 1.2130 1201.0894 149.7264 1224.0000 221.6923 1.7412 0.5286 1.7211 15.8484 0.9982 18.0004 1.9278 0.1458
Car -1 -1 2.4024 599.0024 172.9536 672.4116 203.9612 1.6696 1.6940 4.0718 1.7635 1.2647 40.0186 2.4477 0.4545
Car -1 -1 -1.3609 465.5981 177.1372 499.6864 199.2207 1.4614 1.5736 3.6722 -8.3743 1.2402 48.6532 -1.5286 0.4391
Car -1 -1 -1.5551 507.0053 176.8891 532.2518 199.0911 1.4588 1.6501 4.2638 -5.8335 1.2229 48.6574 -1.6720 0.3243
