Car -1 -1 1.6949 496.4489 180.1606 550.7874 226.6835 1.6155 1.6037 3.7497 -3.2680 1.9137 27.5235 1.5772 0.8327
Car -1 -1 2.7274 698.4518 174.9881 919.8046 258.5863 1.5771 1.6671 4.0540 3.9604 1.6246 14.8112 2.9828 0.7977
Car -1 -1 -3.3310 687.6551 179.7548 825.6791 226.7739 1.4243 1.5985 4.0566 4.5318 1.6514 22.8959 -3.1388 0.7268
Car -1 -1 1.9238 144.6509 176.8187 444.1753 362.8413 1.6713 1.7478 4.4746 -3.4480 1.7325 8.8220 1.5604 0.6789
Car -1 -1 2.3881 0.0000 208.1023 287.9640 375.0000 1.4729 1.5621 3.6763 -3.1497 1.7179 3.1183 1.6395 0.5135
Car -1 -1 2.8944 665.6697 170.9870 795.9054 221.0287 1.7041 1.7053 4.2665 4.1828 1.6409 25.6048 3.0538 0.4627
Car -1 -1 1.6148 532.5553 177.8235 565.1099 209.4164 1.5581 1.5538 3.5282 -3.2128 1.8322 37.9411 1.5304 0.4198
Car -1 -1 1.9072 561.3813 178.6868 594.7606 198.4900 1.4991 1.5496 3.6615 -2.5451 1.9823 57.7571 1.8630 0.2916
Car -1 -1 1.7424 548.5119 178.0029 581.5280 202.4268 1.5050 1.5387 3.7676 -2.9351 1.8564 47.2391 1.6802 0.2477
Car -1 -1 -1.5433 683.9255 175.0243 726.8387 216.9045 1.5766 1.6215 3.7331 3.8796 1.6711 29.3348 -1.4138 0.1173
