Car -1 -1 -1.5200 576.3403 176.7849 634.0848 230.8349 1.6192 1.7120 4.4233 -0.1187 1.7636 24.1879 -1.5257 0.8816
Car -1 -1 -1.7694 703.2172 191.0336 858.1551 304.3587 1.3967 1.5477 4.0032 2.4622 1.7384 11.5392 -1.5656 0.8663
Car -1 -1 -1.9351 793.5676 198.7983 1162.2794 375.0000 1.4070 1.5261 3.6183 2.7766 1.7057 6.4672 -1.5475 0.8418
Car -1 -1 -1.7021 666.0659 182.4537 731.0165 231.9923 1.4327 1.5752 3.9598 2.7660 1.7739 23.6295 -1.5878 0.7827
Car -1 -1 1.9585 268.4492 187.6866 336.1983 221.4419 1.4133 1.5789 3.8406 -14.3767 2.1489 33.8328 1.5591 0.6941
Car -1 -1 -1.5974 640.6080 179.3575 674.0361 210.3350 1.4944 1.6208 3.9817 2.3872 1.8525 37.6701 -1.5352 0.6451
Car -1 -1 -1.7198 685.3264 189.1921 782.1533 263.4890 1.3835 1.5393 3.8006 2.5968 1.7933 16.1761 -1.5645 0.6087
Car -1 -1 -2.4605 0.0000 0.0000 1242.0000 375.0000 1.4914 1.5864 3.5815 2.6237 1.6127 1.7641 -1.5569 0.5269
Car -1 -1 2.2365 0.0000 189.6637 115.7747 265.6160 1.5275 1.6294 4.1845 -14.2947 1.9855 17.5396 1.5600 0.2806
Car -1 -1 1.8415 385.6922 182.5312 422.9769 205.2025 1.4577 1.5488 3.6660 -14.1767 2.1506 49.7967 1.5652 0.2699
Car -1 -1 1.7774 424.0438 178.9555 452.9547 197.8806 1.4895 1.5877 3.8164 -14.2367 2.0132 59.9585 1.5449 0.1982
