Pedestrian -1 -1 1.1113 908.5849 152.7198 976.1795 267.8830 1.8688 0.6508 0.9954 5.6481 1.4196 11.9748 1.5435 0.6779
Pedestrian -1 -1 0.9859 926.0430 153.7613 1008.1585 288.3763 1.8110 0.6261 0.9139 5.0526 1.4530 10.0005 1.4427 0.6753
Pedestrian -1 -1 1.6086 968.5333 150.8338 1013.4436 265.0936 1.8245 0.6372 0.9983 6.4501 1.3525 11.8769 2.0967 0.5141
Pedestrian -1 -1 0.8767 971.7891 152.1523 1056.5031 283.7636 1.7681 0.6000 0.8897 5.7113 1.3889 9.9863 1.3843 0.2261
Pedestrian -1 -1 2.1012 433.7083 180.5154 457.8697 224.5522 1.6182 0.5546 0.7958 -5.9760 1.6203 26.4404 1.8831 0.1451
Cyclist -1 -1 1.7357 460.6007 178.0346 482.3646 225.4090 1.6331 0.4904 1.6810 -4.7767 1.5496 25.2127 1.5524 0.3722
Cyclist -1 -1 1.9556 0.0000 174.5048 69.9843 327.0026 1.7333 0.5280 1.8312 -7.5566 1.6669 8.9844 1.2753 0.1581
Car -1 -1 2.2360 513.3070 182.3889 602.3113 218.9684 1.4656 1.6225 4.1759 -1.9925 1.5550 30.7285 2.1735 0.7119
Car -1 -1 -1.6433 401.9084 184.0148 439.1859 213.0149 1.4854 1.6906 4.3242 -10.2559 1.6927 39.0913 -1.8963 0.5085
Car -1 -1 -1.2919 349.0707 185.5844 398.3004 214.6893 1.4926 1.6089 3.6581 -12.6263 1.7860 38.7556 -1.6029 0.4786
Car -1 -1 1.8330 633.7247 178.3604 666.5344 196.8730 1.4474 1.6118 4.2629 3.7289 1.2813 57.5521 1.8990 0.1655
