Pedestrian -1 -1 2.9960 334.7124 166.8590 389.5523 261.5318 1.7482 0.6027 0.9176 -4.6938 1.4980 13.5281 2.6711 0.7929
Pedestrian -1 -1 1.1037 928.5530 136.5033 991.6387 245.5748 1.8585 0.6520 0.9052 6.2158 1.1105 12.4995 1.5569 0.6499
Pedestrian -1 -1 1.4580 845.5071 157.1033 865.8099 204.5089 1.8637 0.6629 0.9264 10.0096 0.9454 28.3178 1.7960 0.3015
Pedestrian -1 -1 1.6123 813.6780 161.5031 832.5199 209.0678 1.7855 0.6612 0.6813 8.2975 1.0739 26.9676 1.9092 0.2524
Pedestrian -1 -1 1.4039 826.4454 159.2787 845.9401 205.4987 1.8384 0.6024 0.9198 9.3287 0.9958 28.6170 1.7175 0.1782
Pedestrian -1 -1 -2.1068 316.7609 170.4002 352.7767 239.3738 1.7014 0.5763 0.6997 -6.8726 1.4539 17.8800 -2.4661 0.1581
Pedestrian -1 -1 1.4228 832.6771 158.4813 854.6020 207.7423 1.8306 0.6843 0.7077 8.9739 1.0139 26.6783 1.7454 0.1425
Car -1 -1 -0.7619 0.0000 200.8817 253.8972 370.0000 1.3843 1.5844 4.2884 -5.5150 1.6460 6.7773 -1.4206 0.7108
Car -1 -1 -1.4820 516.9554 174.6538 541.6354 194.0149 1.4362 1.5514 3.7760 -5.7759 1.0038 54.3435 -1.5856 0.3218
Car -1 -1 1.6964 549.1620 173.1480 578.1862 193.8676 1.5271 1.6976 4.2659 -3.1212 0.9865 54.2943 1.6410 0.2921
Car -1 -1 1.7330 639.6667 172.9592 673.0157 196.6963 1.4802 1.5758 3.7856 3.3870 1.0113 46.1097 1.8075 0.1149
