Car -1 -1 -1.7747 712.4611 187.5751 842.6954 276.9588 1.4406 1.6246 4.3092 3.1213 1.7808 14.4941 -1.5679 0.8825
Car -1 -1 -1.7007 689.6919 185.9773 773.2733 248.9110 1.4628 1.6665 4.4164 3.1786 1.8662 19.9262 -1.5458 0.8677
Car -1 -1 -1.7163 668.7229 186.3358 723.6451 228.3088 1.4100 1.5332 3.5696 3.1398 1.9525 27.2059 -1.6034 0.7988
Car -1 -1 2.0658 74.9752 191.9489 182.7602 239.9341 1.4352 1.5367 3.6516 -16.5517 2.1462 24.9635 1.4850 0.7800
Car -1 -1 2.0330 161.4080 188.9253 255.2205 231.3359 1.5395 1.6684 4.2555 -16.5957 2.2559 29.9852 1.5309 0.6850
Car -1 -1 2.0642 232.8570 190.6693 301.9763 223.2199 1.4160 1.5311 3.5715 -16.6721 2.3308 35.2066 1.6245 0.6488
Car -1 -1 2.3293 0.0000 197.4088 97.8651 259.6163 1.3687 1.5919 4.2258 -16.4607 2.1147 19.7438 1.6408 0.6372
Car -1 -1 1.9274 277.8693 187.7518 333.0491 216.8629 1.4640 1.5636 3.9198 -16.9738 2.3378 40.3094 1.5309 0.4795
Car -1 -1 1.9423 325.7325 187.6537 376.7167 212.2906 1.3962 1.5972 4.2421 -16.3153 2.3760 45.6063 1.6003 0.3214
Car -1 -1 -1.8258 654.5323 185.9201 709.4302 222.7126 1.4752 1.5546 3.6369 3.1097 2.0936 32.2090 -1.7311 0.1693
