Car -1 -1 1.8858 314.6807 186.2181 448.3777 263.5865 1.4574 1.6454 4.1996 -5.0619 1.8014 16.4356 1.5909 0.8745
Car -1 -1 1.9861 63.0735 195.5809 329.0876 333.3152 1.4215 1.6365 4.1847 -5.5664 1.8138 10.2963 1.5006 0.8676
Car -1 -1 1.8159 385.5630 181.3405 475.9407 241.1982 1.5488 1.6277 4.0890 -5.2110 1.8238 21.2987 1.5782 0.7579
Car -1 -1 2.3249 0.0000 207.3871 193.7282 375.0000 1.4323 1.5701 3.8295 -5.0444 1.7798 5.3193 1.5908 0.7173
Car -1 -1 1.2292 0.0000 178.9729 169.6774 268.1492 1.4695 1.6074 4.0160 -10.3806 1.6032 13.9275 0.5977 0.6227
Car -1 -1 1.1232 223.3135 178.1501 331.0393 230.6056 1.4833 1.5832 3.7809 -10.5085 1.6628 22.5826 0.6919 0.2957
Car -1 -1 -0.7511 285.5324 181.0754 395.6244 224.6173 1.4492 1.5564 3.7855 -9.9578 1.7784 26.8226 -1.1037 0.2728
Car -1 -1 1.1507 74.5677 177.8654 238.2103 250.5962 1.4926 1.6590 4.2819 -10.7624 1.6237 16.9465 0.5917 0.2429
Car -1 -1 1.0631 0.0000 184.1367 84.0066 298.1455 1.5145 1.5811 3.7105 -10.3365 1.7110 11.1971 0.3294 0.1921
Car -1 -1 3.5404 240.9683 171.7365 328.5402 200.0182 1.4612 1.6073 3.9015 -17.1707 1.4038 38.1222 3.1196 0.1445
