Cyclist -1 -1 -1.3950 517.1197 173.1814 538.2430 216.8306 1.7616 0.5560 1.8868 -3.4612 1.7760 30.0903 -1.5091 0.1159
Car -1 -1 2.1513 100.7304 196.1408 226.9370 247.0730 1.4197 1.6249 3.9967 -14.7078 2.2597 23.9879 1.6059 0.8734
Car -1 -1 -1.7455 665.5121 174.6453 739.1271 227.9113 1.4909 1.5902 3.7654 2.7069 1.5513 22.2468 -1.6267 0.8201
Car -1 -1 2.2666 0.0000 198.6310 116.8264 250.1921 1.4913 1.5669 3.5349 -18.8151 2.4302 24.4681 1.6161 0.8178
Car -1 -1 -1.8948 785.0068 181.5281 1060.5509 361.5927 1.4429 1.5236 3.4349 2.9454 1.5565 7.6847 -1.5427 0.8111
Car -1 -1 -1.7855 703.2537 175.5250 829.4938 265.1017 1.4944 1.5803 3.6906 2.8250 1.5536 14.0073 -1.5915 0.7973
Car -1 -1 -1.7444 633.0707 178.2298 684.7564 213.8364 1.4236 1.5665 4.0117 2.0304 1.6746 31.5543 -1.6814 0.5035
Car -1 -1 2.0464 202.0799 193.2756 276.9137 225.0759 1.4061 1.6171 4.2451 -18.8043 2.5071 36.7589 1.5762 0.4796
Car -1 -1 -1.5119 617.0051 176.0222 644.0774 199.1686 1.4523 1.5717 3.8941 1.3662 1.6715 47.8284 -1.4840 0.1621
Car -1 -1 2.3532 0.0000 191.6792 337.4558 375.0000 1.4769 1.5719 3.7904 -2.5610 1.5927 2.4986 1.6072 0.1328
Car -1 -1 -1.4333 596.5533 173.6952 620.3419 191.3745 1.4788 1.5573 3.8096 -0.1268 1.5544 62.5343 -1.4357 0.1171
