Car -1 -1 -1.8627 731.0908 182.8924 953.4173 318.8692 1.4644 1.6676 4.4105 2.9327 1.6393 10.3204 -1.5945 0.8663
Car -1 -1 2.0464 22.1321 190.7000 433.3129 375.0000 1.4213 1.6973 4.5289 -3.4327 1.6658 7.5596 1.6323 0.8632
Car -1 -1 1.3908 680.3621 169.4737 788.8268 249.1036 1.6804 1.7491 4.4944 2.8045 1.6094 17.4916 1.5463 0.8172
Car -1 -1 -1.6745 633.7779 174.0276 677.5085 210.5671 1.5781 1.6068 3.8179 2.0058 1.6356 33.2267 -1.6153 0.7350
Car -1 -1 1.6800 486.0029 178.3218 534.3676 213.9964 1.4450 1.6773 4.1409 -4.3915 1.7035 31.9575 1.5441 0.7324
Car -1 -1 -1.8648 648.7313 175.2535 725.6357 221.7677 1.5120 1.6216 3.9835 2.6181 1.6051 25.7802 -1.7654 0.7249
Car -1 -1 -2.2754 883.9021 184.1386 1242.0000 375.0000 1.4875 1.6252 3.8881 3.1489 1.5822 4.0344 -1.6483 0.6785
Car -1 -1 -2.4549 21.0556 174.9669 287.1275 268.1535 1.5210 1.6367 3.8761 -8.0996 1.5623 12.8943 -3.0068 0.5616
Car -1 -1 -1.5466 621.5610 175.1610 651.8229 203.0791 1.4650 1.5953 3.9379 1.4924 1.6004 40.2071 -1.5103 0.2166
Car -1 -1 -1.5157 601.4818 173.4210 622.1441 191.2041 1.4819 1.5782 3.7855 0.1608 1.5327 62.1828 -1.5135 0.1995
Car -1 -1 -1.4616 529.8318 175.1648 555.1982 194.8593 1.4983 1.5939 3.8813 -5.3506 1.6884 57.3015 -1.5547 0.1908
