Car -1 -1 1.9839 111.8077 198.4415 348.2463 335.8817 1.4845 1.5798 3.6997 -5.2094 1.9196 10.3734 1.5281 0.8808
Car -1 -1 -0.5219 708.4754 185.5517 877.9413 247.6534 1.3584 1.5241 3.7365 4.3812 1.6895 17.5433 -0.2820 0.8167
Car -1 -1 -0.7957 915.2079 190.9140 1242.0000 368.6815 1.4742 1.6183 3.7965 5.2667 1.6884 7.3797 -0.1956 0.8150
Car -1 -1 -0.3980 639.6797 181.6672 788.2287 231.4689 1.4294 1.6896 4.2772 3.1771 1.7221 22.5585 -0.2607 0.7929
Car -1 -1 -0.5783 767.6208 187.3276 1006.7735 280.1643 1.4248 1.5620 3.6543 4.7358 1.7018 12.6105 -0.2277 0.7875
Car -1 -1 2.5490 792.5692 181.4054 1145.7268 311.1186 1.5423 1.6744 4.1232 4.7415 1.6734 9.8785 2.9839 0.7222
Car -1 -1 2.2900 0.0000 220.0384 193.2442 375.0000 1.4444 1.5906 3.8173 -4.8588 1.9026 5.0747 1.5523 0.7182
Car -1 -1 2.6225 731.5435 183.2945 944.7423 261.8663 1.4702 1.6066 3.9751 4.6594 1.7062 15.0518 2.9163 0.6836
Car -1 -1 -0.3249 601.7888 179.3887 719.5074 222.8502 1.5336 1.6584 4.1088 1.8426 1.7922 27.1834 -0.2587 0.6460
Car -1 -1 1.7771 344.2860 176.3074 419.3317 229.7431 1.7332 1.7063 4.3157 -8.1257 1.8683 25.9181 1.4757 0.6275
Car -1 -1 -0.3182 543.3513 180.2458 615.6638 207.9717 1.5146 1.6389 3.8489 -1.7982 1.9563 41.6320 -0.3617 0.4865
Car -1 -1 0.6657 1086.1829 205.1063 1242.0000 375.0000 1.4795 1.5767 3.7256 4.5665 1.7359 3.8130 1.5024 0.4704
Car -1 -1 2.6235 580.6040 179.8002 676.6052 216.3120 1.5014 1.6054 3.9775 0.7992 1.8252 31.9457 2.6477 0.3111
Car -1 -1 -0.1109 519.3667 179.9452 583.7805 202.3090 1.4536 1.6822 4.1893 -4.0088 1.9466 48.8999 -0.1927 0.2974
