Pedestrian -1 -1 1.2958 477.1541 154.6069 531.1945 270.8590 1.8343 0.6538 0.9487 -1.7284 1.4274 11.7172 1.1551 0.9154
Pedestrian -1 -1 1.3382 379.0718 155.4580 432.0163 273.6133 1.8215 0.6368 0.9034 -3.2844 1.4371 11.4440 1.0678 0.8683
Pedestrian -1 -1 0.7507 799.0721 144.9281 900.3484 307.4049 1.8814 0.6253 1.0379 2.9723 1.4711 8.7875 1.0678 0.8559
Pedestrian -1 -1 -0.1393 938.4995 141.8706 1051.7445 322.9193 1.8320 0.6272 0.9777 4.1136 1.4428 7.6086 0.3408 0.8468
Pedestrian -1 -1 -0.0891 831.6045 145.3142 918.2789 287.7114 1.8618 0.6192 1.0485 3.6206 1.4034 9.6735 0.2601 0.8435
Pedestrian -1 -1 0.0643 927.5604 145.9617 1012.2256 307.7346 1.8159 0.6005 0.8680 4.2950 1.4299 8.4085 0.5232 0.7655
Pedestrian -1 -1 0.5914 742.3220 147.5163 843.5189 313.6507 1.8195 0.5948 0.9836 2.1466 1.4600 8.3032 0.8371 0.7520
Pedestrian -1 -1 -0.1228 308.6996 161.2784 335.4980 207.9229 1.8499 0.6305 0.9366 -11.4447 1.0891 28.5377 -0.4985 0.2287
Car -1 -1 -2.2348 1029.3486 183.0005 1154.4210 228.4716 1.4093 1.5296 3.6850 16.3493 1.5025 24.0089 -1.6416 0.8179
Car -1 -1 0.9558 1099.4214 182.8325 1224.0000 229.3841 1.4629 1.6216 4.0430 19.2476 1.5519 24.4766 1.6173 0.6991
Car -1 -1 -1.6679 600.2732 175.7809 636.3043 203.4607 1.3803 1.5412 3.6494 0.6410 1.1464 37.1323 -1.6491 0.6908
Car -1 -1 -2.1064 959.7758 181.1315 1066.5961 227.5538 1.4666 1.5871 3.4677 13.7745 1.4912 24.1299 -1.5918 0.6705
Car -1 -1 -0.7325 0.0000 196.2075 311.6551 370.0000 1.4746 1.5933 3.7099 -2.7514 1.5740 2.4870 -1.5053 0.4462
