Car -1 -1 -1.8023 699.5139 173.1958 828.8051 260.3168 1.4961 1.6055 3.8689 2.8492 1.5042 14.3689 -1.6113 0.8607
Car -1 -1 -2.0146 806.4822 178.7983 1242.0000 375.0000 1.4830 1.5641 3.6324 2.8884 1.5480 6.0215 -1.5874 0.8398
Car -1 -1 2.1880 86.1965 194.3750 202.6859 236.3864 1.4268 1.6582 4.4543 -18.6383 2.3625 29.0912 1.6221 0.8139
Car -1 -1 -1.7652 651.1397 175.2212 725.6298 226.7002 1.5230 1.6302 4.1299 2.4245 1.6080 23.6728 -1.6651 0.6614
Car -1 -1 2.0648 195.4478 191.6669 271.2558 224.3315 1.4030 1.5558 4.0370 -18.3921 2.3783 35.3591 1.5879 0.5785
Car -1 -1 -1.7156 636.0506 177.7189 690.6058 216.3025 1.4441 1.6362 4.1194 2.0747 1.6586 29.6518 -1.6471 0.4442
Car -1 -1 2.2197 0.0000 199.2225 70.6253 258.9240 1.5172 1.6023 3.8072 -18.6425 2.3922 21.9882 1.5223 0.3946
Car -1 -1 -1.5145 624.7502 176.7710 656.9179 204.4833 1.4445 1.5787 3.8924 1.7238 1.6740 40.1919 -1.4725 0.3166
Car -1 -1 -1.5070 602.1172 175.8534 625.6641 195.9210 1.4496 1.5560 3.6075 0.2960 1.6843 54.5247 -1.5020 0.2452
Car -1 -1 2.0582 263.3143 187.6750 327.0830 216.9117 1.5218 1.6150 4.1836 -18.2193 2.4267 41.8829 1.6499 0.1868
