Pedestrian -1 -1 -1.8985 414.7873 179.6880 428.7146 209.0097 1.6899 0.5548 0.8230 -11.0748 2.0957 42.3085 -2.1534 0.1952
Car -1 -1 -2.0017 880.3856 176.6544 1113.5685 290.9269 1.4248 1.5605 3.9145 5.5825 1.4940 11.1002 -1.5470 0.9153
Car -1 -1 -2.5485 478.8766 179.0184 569.1984 213.9274 1.5316 1.6642 3.9555 -4.0855 1.8354 33.8764 -2.6681 0.8951
Car -1 -1 2.9966 288.4795 187.1277 398.2928 223.7811 1.4457 1.6664 4.3170 -11.6920 2.1059 31.5909 2.6445 0.7873
Car -1 -1 1.8541 432.7037 183.0764 479.8469 208.4010 1.4150 1.6738 4.3850 -9.4187 2.0760 44.3777 1.6457 0.7418
Car -1 -1 2.6600 118.5954 191.5285 257.0052 234.7245 1.4006 1.6265 4.3028 -16.0573 2.1734 27.5919 2.1369 0.6300
Car -1 -1 -0.5542 944.2033 157.4771 1063.0012 198.8088 1.5660 1.6110 3.8112 15.3169 0.9837 28.2572 -0.0620 0.5754
Car -1 -1 2.6876 0.0000 186.6784 107.5225 250.1585 1.6730 1.7489 4.4371 -18.5392 2.1488 22.4313 2.0026 0.5316
Car -1 -1 -1.6412 643.9283 174.5750 673.2014 199.1964 1.4895 1.5833 3.7391 3.0121 1.6036 45.7848 -1.5764 0.4260
Car -1 -1 -0.5009 1032.6736 157.2171 1176.9434 200.3462 1.4529 1.5771 3.8910 17.1873 0.9265 25.2651 0.0909 0.3762
Car -1 -1 2.8896 195.8875 188.4739 305.5846 226.3455 1.5006 1.6936 4.0916 -16.0189 2.2408 32.1943 2.4308 0.2131
Car -1 -1 1.7579 489.0535 180.0586 514.9368 197.6954 1.4435 1.5387 3.8090 -9.3535 2.0879 62.5643 1.6098 0.1513
