Car -1 -1 -2.0075 3.5740 184.4957 223.8431 291.6901 1.6797 1.7669 4.3110 -9.4370 1.9290 13.5670 -2.6063 0.8269
Car -1 -1 1.2292 323.2818 182.2981 403.2738 222.5945 1.4759 1.7562 4.3584 -10.2735 1.8949 29.7322 0.8988 0.5207
Car -1 -1 -0.9088 927.2333 163.6930 1003.3584 193.5815 1.4904 1.5781 3.7646 18.4425 1.0339 37.5128 -0.4551 0.4767
Car -1 -1 -1.0010 898.8577 166.2307 966.0939 194.0819 1.4657 1.5719 3.8195 17.7169 1.1175 39.6769 -0.5840 0.3891
Car -1 -1 1.2940 390.4867 181.9030 449.4569 216.8583 1.4315 1.5734 3.9018 -8.7055 1.8681 32.7025 1.0354 0.3420
Car -1 -1 1.7526 689.8251 172.3509 718.4053 191.9895 1.4928 1.5867 3.7507 7.4239 1.4549 56.8707 1.8814 0.2280
Car -1 -1 2.1604 273.1194 189.8659 345.3105 219.8434 1.4371 1.5662 4.1722 -16.3181 2.4156 39.2828 1.7687 0.2106
Car -1 -1 -0.9889 850.2974 168.3524 897.2676 187.1196 1.4920 1.6262 4.1290 21.6549 1.1345 59.2440 -0.6403 0.1681
Car -1 -1 -1.4195 872.9479 166.0533 909.2838 190.6829 1.5277 1.6203 4.0430 18.2797 1.1062 46.9084 -1.0502 0.1530
Car -1 -1 1.7823 199.3526 188.8958 273.4483 234.7482 1.4311 1.5873 3.8225 -13.4041 2.0552 26.0032 1.3102 0.1298
