Car -1 -1 1.7535 379.5996 180.9971 502.5488 270.4444 1.4861 1.6505 3.9933 -3.2455 1.6716 14.3789 1.5346 0.8415
Car -1 -1 -0.3570 695.0166 178.7213 824.7296 225.4333 1.5788 1.7326 4.2128 5.2832 1.7992 25.8707 -0.1585 0.7260
Car -1 -1 -0.4002 777.0509 186.7686 972.7664 258.3426 1.4488 1.5900 3.7142 5.6844 1.7727 15.8665 -0.0630 0.7093
Car -1 -1 1.6620 483.2849 182.0416 535.2758 225.8808 1.4383 1.5475 3.6715 -3.6513 1.7977 26.3235 1.5249 0.7059
Car -1 -1 2.6953 812.2245 193.3285 1052.2040 278.7545 1.3762 1.5430 3.6040 5.5887 1.7664 12.8843 3.0953 0.7028
Car -1 -1 2.8518 710.1910 185.0638 842.0075 231.3757 1.3852 1.5750 3.7970 5.1868 1.7902 22.9858 3.0702 0.4647
Car -1 -1 -1.5742 611.1657 180.2484 633.6484 201.3207 1.4505 1.5926 4.0892 0.8758 2.0168 53.1617 -1.5583 0.4628
Car -1 -1 -0.3530 670.2350 180.4730 761.6388 213.8048 1.4517 1.5875 3.8409 4.8027 1.8145 33.1394 -0.2109 0.4518
Car -1 -1 2.5761 738.9733 187.3221 915.8721 248.8585 1.3990 1.5940 4.1041 5.4624 1.7945 18.3655 2.8599 0.4248
Car -1 -1 -0.7136 936.4459 191.1047 1242.0000 346.8597 1.5041 1.6024 3.7189 5.8615 1.7374 8.2022 -0.1110 0.4172
Car -1 -1 -3.5190 1047.8619 188.3643 1242.0000 375.0000 1.5580 1.6595 3.9903 5.1663 1.6915 4.6027 -2.7081 0.1540
