Car -1 -1 -1.8464 761.0504 185.6825 1000.8836 344.3844 1.4104 1.5518 3.8257 2.8768 1.5992 8.6607 -1.5370 0.8625
Car -1 -1 3.5999 0.0000 184.5330 416.2961 346.0874 1.5022 1.7086 4.3331 -4.5311 1.6448 7.8145 3.0885 0.8333
Car -1 -1 -1.8207 713.3130 182.2518 839.1579 270.1392 1.4497 1.5148 3.4885 3.0379 1.6562 14.0532 -1.6132 0.8144
Car -1 -1 -1.6992 681.7761 182.0503 759.3576 244.3148 1.4342 1.5318 3.5680 2.7581 1.6988 18.9407 -1.5577 0.7839
Car -1 -1 3.4427 213.6266 182.9469 456.2204 273.6218 1.4768 1.6043 3.7232 -4.7988 1.6693 12.8428 3.0912 0.6931
Car -1 -1 -2.2359 930.4335 182.5273 1242.0000 375.0000 1.5040 1.5774 3.7637 3.1846 1.5790 3.6710 -1.5611 0.6888
Car -1 -1 -2.7049 309.7141 173.0606 509.9066 258.8515 1.6980 1.6853 3.7690 -4.2627 1.7031 15.4344 -2.9707 0.5769
Car -1 -1 -1.7105 663.1929 175.3116 715.3649 218.5324 1.6237 1.5959 3.5365 3.0932 1.7294 29.1040 -1.6063 0.4528
Car -1 -1 2.5814 0.0000 212.8686 218.7332 375.0000 1.4439 1.5975 3.9952 -3.3504 1.6882 2.3274 1.6714 0.4220
Car -1 -1 0.3348 102.4610 185.0543 435.3549 300.5303 1.4627 1.6248 3.9909 -4.7083 1.6542 10.3207 -0.0842 0.4049
Car -1 -1 3.1638 491.0247 175.1887 565.2433 206.3039 1.7530 1.7319 4.1915 -4.7551 1.8922 41.8573 3.0509 0.3438
Car -1 -1 -1.6452 649.2195 175.6276 687.3967 206.8818 1.5619 1.6973 4.4189 3.0296 1.7194 38.6595 -1.5681 0.3322
