Car -1 -1 -2.2517 872.5361 173.8574 1025.7245 236.0214 1.5056 1.6371 3.9243 9.0083 1.5362 19.6468 -1.8281 0.8763
Car -1 -1 -1.7619 381.4137 176.3828 445.3510 224.3555 1.6746 1.6540 3.8261 -7.6168 1.8200 27.5719 -2.0295 0.7833
Car -1 -1 3.1630 123.3483 182.0370 212.7012 213.3864 1.5035 1.6487 3.8625 -22.7821 1.9995 37.2659 2.6172 0.7405
Car -1 -1 -2.3832 938.8092 176.3782 1102.0637 231.1304 1.4242 1.5867 4.2331 11.8781 1.5397 21.3137 -1.8811 0.6698
Car -1 -1 -1.5069 273.2398 178.1449 307.6502 207.0223 1.6771 1.6921 4.1537 -19.8934 2.0236 44.9629 -1.9215 0.6215
Car -1 -1 1.0904 630.1990 179.5840 709.6568 215.9585 1.4309 1.6612 4.2560 2.4868 1.7465 31.5095 1.1678 0.5201
Car -1 -1 2.7494 498.0485 178.2696 581.6462 208.6336 1.4192 1.5532 3.8351 -3.5137 1.7008 35.8750 2.6520 0.2080
Car -1 -1 -2.6525 1085.3003 174.6039 1231.9078 219.6988 1.4152 1.5697 3.7050 18.6834 1.4806 24.8078 -2.0130 0.1608
Car -1 -1 3.0873 145.9948 182.4335 224.6744 210.4707 1.5012 1.5979 3.8256 -24.4570 2.0758 41.5289 2.5577 0.1215
Car -1 -1 -1.7225 364.7556 176.5368 420.1612 216.8365 1.6511 1.7291 4.3822 -9.8526 1.8285 32.3387 -2.0164 0.1003
