Pedestrian -1 -1 1.3062 832.6313 154.5911 863.0835 223.0415 1.7274 0.5678 0.7273 6.2144 1.0752 18.2185 1.6314 0.6870
Pedestrian -1 -1 1.2368 774.3961 155.0127 807.6040 224.1767 1.8129 0.6234 0.8207 4.9449 1.1464 18.9625 1.4896 0.4542
Pedestrian -1 -1 1.5418 804.0962 153.1063 829.0887 221.4617 1.7879 0.6141 0.8028 5.6299 1.0730 18.9548 1.8278 0.4059
Car -1 -1 -1.1579 73.1872 182.9030 180.4992 229.1112 1.4108 1.5619 3.8262 -15.9818 1.5002 23.8100 -1.7412 0.8121
Car -1 -1 2.3085 310.8635 171.5166 493.9018 253.0243 1.6471 1.7024 4.2126 -4.5896 1.4672 16.5460 2.0446 0.8023
Car -1 -1 1.9750 556.2507 169.8311 605.8119 193.8825 1.4178 1.5838 4.0978 -1.4341 0.7903 43.8720 1.9444 0.4652
Car -1 -1 -1.3259 165.4203 177.7611 256.0047 227.6902 1.5484 1.6989 4.2193 -13.3696 1.4650 24.1768 -1.8238 0.4446
Car -1 -1 -3.2370 709.7886 162.9046 766.4037 184.4113 1.5545 1.6361 3.9594 9.7747 0.2840 52.0943 -3.0508 0.3591
Car -1 -1 -1.4939 594.1443 171.6220 617.9990 191.4908 1.5066 1.5879 3.7255 0.1261 0.8347 55.5295 -1.4899 0.2903
Car -1 -1 2.0499 0.0000 185.6572 92.8575 236.8855 1.4539 1.6495 3.9750 -18.3516 1.6357 22.5952 1.3763 0.1328
Car -1 -1 3.1418 58.5373 181.6291 177.1120 215.8813 1.4105 1.5400 4.2027 -21.3096 1.4645 31.0465 2.5467 0.1265
Car -1 -1 -1.4156 698.6287 164.9044 724.7625 182.9464 1.5070 1.6219 4.0991 9.2946 0.2055 61.2521 -1.2639 0.1025
