Pedestrian -1 -1 0.7784 198.0204 168.1322 286.5512 309.5392 1.7340 0.5993 0.8338 -4.6995 1.5840 9.0799 0.3167 0.8065
Pedestrian -1 -1 1.0633 1050.0148 124.2084 1169.0862 308.4453 1.8393 0.6354 0.9618 5.3055 1.2791 7.5605 1.6575 0.8012
Pedestrian -1 -1 1.0412 1126.0269 119.4350 1224.0000 306.1100 1.8029 0.6541 0.9177 5.9791 1.2149 7.3227 1.7067 0.7684
Pedestrian -1 -1 1.4406 859.3563 159.2820 883.6511 214.6964 1.7892 0.6275 0.9567 8.7678 1.1057 23.3609 1.7969 0.6664
Pedestrian -1 -1 0.6278 240.8132 172.1758 296.0348 254.3590 1.7016 0.5916 0.8799 -7.1798 1.5309 15.0087 0.1915 0.6568
Pedestrian -1 -1 1.3846 838.9227 160.2154 863.6914 215.5811 1.7981 0.6052 0.9592 8.1410 1.1409 23.4766 1.7159 0.6258
Pedestrian -1 -1 1.4007 823.8436 160.1366 851.4529 219.3987 1.7835 0.6673 0.8554 7.1150 1.1722 21.7442 1.7143 0.4647
Pedestrian -1 -1 1.3548 845.3658 157.6513 874.5464 218.0439 1.8145 0.6658 0.8798 7.7905 1.1296 21.7165 1.6963 0.4529
Pedestrian -1 -1 -0.6694 1190.9303 149.4961 1224.0000 218.6360 1.8012 0.6246 0.7178 16.1141 0.9951 18.7388 0.0341 0.1494
Cyclist -1 -1 -0.8085 234.0269 173.1951 318.4294 258.3027 1.7178 0.5444 1.8038 -7.0686 1.5719 15.2068 -1.2340 0.1250
Car -1 -1 2.4064 608.1077 174.8175 673.3932 202.6600 1.5465 1.6009 3.6548 2.0929 1.2323 41.0425 2.4586 0.5245
Car -1 -1 -1.3776 475.9985 177.8093 509.2295 199.1875 1.4495 1.6059 3.8107 -7.8792 1.2683 49.8692 -1.5317 0.3771
Car -1 -1 1.6251 517.4446 176.2554 545.4308 198.7370 1.5157 1.7209 4.3809 -5.1427 1.2308 49.8903 1.5247 0.3729
