Pedestrian -1 -1 1.1652 962.9575 150.8878 1006.8405 224.5964 1.7798 0.6472 0.9106 9.3782 1.0664 17.5470 1.6503 0.5387
Pedestrian -1 -1 1.1616 1180.2268 134.7160 1224.0000 268.7154 1.7253 0.5841 0.9013 8.3484 1.1375 9.6143 1.8621 0.4986
Pedestrian -1 -1 1.7711 1004.8172 137.9393 1071.4283 273.8178 1.8021 0.6313 0.9726 6.0544 1.2393 9.9446 2.3057 0.4706
Pedestrian -1 -1 1.0370 1097.3384 132.3295 1194.1733 270.1590 1.8502 0.6515 1.0208 7.5881 1.2053 10.0270 1.6714 0.4677
Pedestrian -1 -1 1.2479 686.5723 164.4205 706.5021 205.1788 1.8105 0.6798 0.7714 4.1000 1.0977 31.8458 1.3764 0.3123
Pedestrian -1 -1 1.3544 938.8143 152.1568 995.2419 275.5635 1.7027 0.5831 0.6633 5.1326 1.3133 10.1420 1.8121 0.2165
Pedestrian -1 -1 1.2520 715.2242 162.7544 734.7354 203.4823 1.8226 0.6557 0.7945 5.4206 1.0299 32.0779 1.4195 0.1931
Cyclist -1 -1 1.6959 472.6248 171.5115 496.0948 224.5372 1.6689 0.5325 1.8137 -3.9686 1.3876 23.1654 1.5303 0.5532
Car -1 -1 -1.0914 171.1111 191.8795 355.4650 282.1764 1.3417 1.4621 3.5865 -5.9993 1.5787 12.7904 -1.5188 0.8823
Car -1 -1 1.8033 356.9784 178.1381 442.1258 235.6191 1.5452 1.5807 3.6987 -5.9893 1.4833 20.8823 1.5297 0.7198
Car -1 -1 1.8884 424.7803 180.0009 490.3110 217.5062 1.4356 1.5393 3.6989 -5.9878 1.4180 28.9856 1.6885 0.1597
