Pedestrian -1 -1 1.5273 370.3029 173.0653 388.7192 218.7349 1.7169 0.6404 0.7109 -8.8538 1.7254 27.5703 1.2189 0.1595
Pedestrian -1 -1 2.8673 357.0034 175.6163 376.4839 225.4397 1.7064 0.5533 0.5124 -8.5167 1.8044 25.1237 2.5432 0.1385
Pedestrian -1 -1 1.7003 111.4581 178.6152 140.3528 240.5456 1.6895 0.5947 0.6110 -13.5686 1.8541 20.1623 1.1138 0.1016
Cyclist -1 -1 0.2169 72.5384 176.5566 153.7509 240.6629 1.7165 0.5596 1.7727 -13.7708 1.8224 19.9743 -0.3807 0.5514
Car -1 -1 2.6932 719.3334 173.9149 797.3367 197.3770 1.3681 1.6285 4.3310 8.8990 1.4344 43.5134 2.8932 0.6998
Car -1 -1 -0.1105 428.7191 171.7709 523.5462 209.4605 1.7812 1.7724 4.4296 -6.6547 1.7304 35.5877 -0.2945 0.6756
Car -1 -1 0.2503 178.9976 185.5087 272.8296 214.2464 1.3612 1.5764 3.9183 -19.3755 2.0228 36.4745 -0.2353 0.6575
Car -1 -1 -0.9173 0.0000 179.0546 279.2241 375.0000 1.6078 1.6622 4.0463 -3.6615 1.6616 4.1613 -1.6079 0.5285
Car -1 -1 2.1507 0.0000 188.7173 68.5109 224.7625 1.4324 1.5325 3.6473 -26.2247 2.1828 32.2242 1.4715 0.1840
Car -1 -1 2.3308 747.4755 171.1673 830.1274 205.8728 1.5503 1.6340 3.7656 8.3895 1.4753 33.9340 2.5707 0.1095
