Pedestrian -1 -1 3.7378 0.0000 164.8365 65.7821 369.0499 1.7647 0.6044 0.7430 -5.6059 1.6958 6.5671 3.0509 0.1337
Pedestrian -1 -1 0.3586 355.3154 174.3828 387.1105 237.5836 1.6769 0.6563 0.6250 -6.4948 1.7193 19.4985 0.0407 0.1242
Cyclist -1 -1 1.7697 354.7813 176.2854 388.6359 241.1302 1.6712 0.5312 1.7718 -6.5006 1.7691 19.6007 1.4529 0.2887
Car -1 -1 2.0665 189.6561 186.2109 379.8835 288.8890 1.5199 1.5724 3.5854 -5.6944 1.7956 13.0168 1.6610 0.9024
Car -1 -1 -1.5572 583.4854 178.7006 655.2167 248.4933 1.5567 1.6333 3.7402 0.2064 1.7206 18.2962 -1.5471 0.8337
Car -1 -1 1.8271 449.6143 181.0721 517.2136 224.3942 1.5144 1.6289 3.9661 -4.8735 1.8575 28.0418 1.6561 0.8118
Car -1 -1 -0.7671 695.0768 173.4138 751.1936 199.1917 1.6909 1.6704 3.6372 7.6884 1.7307 49.1315 -0.6132 0.1309
Car -1 -1 1.7675 558.7345 181.6030 592.4688 205.1676 1.4477 1.5451 3.6483 -2.2638 2.0493 47.6672 1.7198 0.1145
Car -1 -1 2.3480 0.0000 201.7817 127.9114 310.6819 1.3791 1.5932 4.1467 -10.6315 1.9619 12.3959 1.6496 0.1082
Car -1 -1 2.0336 264.0675 185.7344 393.8711 251.3613 1.4347 1.5665 3.7470 -7.0855 1.7996 18.4765 1.6717 0.1047
