Pedestrian -1 -1 -1.8506 1098.1475 140.0787 1151.7738 236.1566 1.7744 0.6139 0.8595 9.8010 1.1694 13.8282 -1.2442 0.4830
Car -1 -1 2.1180 20.2953 202.2857 318.3969 349.1294 1.4026 1.5626 3.7509 -5.5088 1.8703 9.5536 1.6064 0.9063
Car -1 -1 -0.3642 757.9661 173.4467 1017.3355 252.9451 1.4457 1.7046 4.3846 5.1985 1.4583 14.0210 -0.0167 0.8912
Car -1 -1 -0.2854 705.9036 175.5028 867.5186 230.2281 1.5068 1.7087 4.2389 4.9963 1.5876 20.9272 -0.0549 0.8330
Car -1 -1 1.8655 348.5005 189.9543 458.7694 252.8695 1.4048 1.6341 4.3997 -5.4691 1.9208 19.5340 1.5954 0.8119
Car -1 -1 -0.4502 693.7796 176.5775 826.7186 224.5997 1.4652 1.6186 3.9238 4.8173 1.5934 23.4811 -0.2510 0.6001
Car -1 -1 -0.4517 680.4808 176.1464 795.7751 219.8916 1.4887 1.5858 3.7841 4.5602 1.6137 26.0317 -0.2809 0.5421
Car -1 -1 -0.1467 662.3687 176.5590 746.9263 206.2966 1.4702 1.6270 4.0703 4.7367 1.6636 36.7371 -0.0200 0.4925
Car -1 -1 2.7688 666.0443 176.2288 783.7037 217.5422 1.5542 1.7083 4.2867 4.4902 1.6947 28.6546 2.9221 0.4752
Car -1 -1 2.2511 0.0000 220.6977 69.9730 375.0000 1.4571 1.5560 3.8258 -5.0753 1.8643 4.1119 1.3931 0.2120
Car -1 -1 -0.1175 647.4771 172.3544 717.6010 199.5619 1.6380 1.7054 4.1113 4.3848 1.6083 44.3310 -0.0200 0.1912
