Car -1 -1 -1.8192 738.4662 188.0325 1005.4614 371.7644 1.4515 1.6293 4.3098 2.5347 1.6712 8.2429 -1.5323 0.9080
Car -1 -1 -1.5161 579.4815 185.7216 653.0729 256.0619 1.4296 1.5548 3.3842 0.1824 1.7648 17.0364 -1.5067 0.8121
Car -1 -1 1.7919 504.1512 184.3725 574.4823 234.1587 1.4654 1.5659 3.6437 -2.3154 1.8797 24.0219 1.6961 0.8060
Car -1 -1 0.1184 250.1029 190.7300 344.4749 224.7660 1.4228 1.5982 3.7747 -14.1830 2.2688 32.8270 -0.2869 0.8053
Car -1 -1 -1.6167 699.6984 186.1460 778.1533 260.0462 1.4055 1.5289 3.4412 2.7412 1.7368 16.1654 -1.4528 0.6858
Car -1 -1 -1.4407 610.1437 180.1349 670.1743 230.4595 1.5972 1.6454 3.7692 1.0920 1.8748 25.4731 -1.3991 0.5844
Car -1 -1 -2.2959 941.1672 201.7886 1242.0000 375.0000 1.4483 1.6194 3.9605 2.7344 1.6299 2.5026 -1.5241 0.5404
Car -1 -1 2.5066 0.0000 222.6511 157.5636 375.0000 1.4783 1.6075 3.9328 -4.0979 1.8297 3.0788 1.6219 0.5318
Car -1 -1 -1.5582 683.8801 182.8835 747.4763 241.5033 1.4416 1.6210 4.0113 2.9750 1.7572 20.5683 -1.4174 0.3668
Car -1 -1 3.3904 117.6699 194.7509 218.6755 232.1480 1.5069 1.5634 3.5196 -19.4319 2.5109 31.8091 2.8455 0.3337
Car -1 -1 3.3675 42.5377 196.5029 135.3216 223.8201 1.4311 1.5671 4.1262 -30.2305 2.8562 41.9458 2.7458 0.3297
Car -1 -1 1.7300 575.6426 182.0557 611.5410 209.5274 1.5019 1.5721 3.5902 -0.9609 2.0695 42.5917 1.7070 0.3126
Car -1 -1 1.5521 759.6202 174.8387 785.8809 198.0664 1.4585 1.6077 3.9135 10.6992 1.5958 47.7348 1.7709 0.2812
Car -1 -1 3.1858 262.5705 188.5847 347.8644 221.1829 1.5196 1.5610 3.8884 -15.3310 2.3440 36.3904 2.7893 0.2352
