Cyclist -1 -1 1.0856 1079.2758 6.4440 1242.0000 375.0000 1.8309 0.5275 1.8964 2.2476 1.4918 2.4505 1.7696 0.3244
Car -1 -1 -1.6974 694.2026 183.7150 767.3513 240.5537 1.3858 1.5302 3.6372 3.2297 1.7170 20.1331 -1.5415 0.8882
Car -1 -1 -1.4236 527.1362 183.4663 573.6456 216.1053 1.4286 1.6354 4.4315 -2.8865 1.9817 35.3155 -1.5051 0.8532
Car -1 -1 -1.9936 841.8983 188.8523 1242.0000 375.0000 1.4731 1.5024 3.3592 3.0517 1.6404 5.8212 -1.5326 0.8382
Car -1 -1 1.5095 664.7740 182.5037 704.4299 215.4025 1.4025 1.5906 4.2419 3.4349 1.8886 34.1673 1.6082 0.6470
Car -1 -1 2.4525 0.0000 208.4133 187.7796 375.0000 1.5379 1.6572 3.9811 -3.7304 1.7772 2.8477 1.5789 0.4956
Car -1 -1 1.6226 567.9722 181.3729 589.7319 200.0705 1.4480 1.5966 4.0205 -2.5717 2.1774 59.7287 1.5793 0.3330
Car -1 -1 -1.4103 656.9744 182.0557 695.3490 208.7703 1.4216 1.6118 3.9980 3.8635 1.9849 42.0012 -1.3197 0.1902
Car -1 -1 2.7587 733.5980 184.3285 998.9396 271.2445 1.4559 1.6704 4.2996 4.5453 1.6832 13.3035 3.0802 0.1891
Car -1 -1 -2.3449 1026.2810 0.0000 1242.0000 375.0000 1.5486 1.5803 3.3673 2.5942 1.4417 1.8051 -1.4557 0.1875
