Car -1 -1 2.0562 155.6425 199.4822 376.6550 318.1057 1.4402 1.5535 3.7812 -5.2837 1.9389 11.5639 1.6356 0.8912
Car -1 -1 -0.7249 867.2054 184.7224 1193.2125 305.1126 1.4163 1.6041 3.7980 5.6431 1.5996 9.9212 -0.2213 0.8745
Car -1 -1 -0.4332 787.4100 177.3119 1047.1766 274.0855 1.5362 1.6469 3.7877 5.1238 1.6192 12.4567 -0.0521 0.8526
Car -1 -1 1.8609 374.4846 191.5742 467.8912 247.2924 1.3822 1.5746 3.9804 -5.4877 1.9869 21.2734 1.6108 0.8469
Car -1 -1 -0.1493 673.2815 177.5299 775.3165 214.2750 1.5518 1.7018 4.1931 4.8960 1.7621 31.5428 0.0027 0.7774
Car -1 -1 2.2850 0.0000 212.1769 209.0404 375.0000 1.4660 1.6504 4.1010 -5.4120 1.9099 6.0785 1.5791 0.7586
Car -1 -1 2.9237 690.3475 183.3637 860.1491 240.4070 1.4597 1.6581 4.2313 4.3463 1.7578 19.6060 3.1379 0.6518
Car -1 -1 2.7712 729.8770 177.7765 929.5952 249.1189 1.5635 1.7064 4.1613 5.0317 1.6868 16.9854 3.0537 0.6276
Car -1 -1 1.8242 426.8492 188.1048 492.2978 230.0340 1.3712 1.4928 3.7298 -5.5644 1.9798 26.8760 1.6214 0.4845
Car -1 -1 2.8907 655.7766 177.6985 737.3255 207.5251 1.5304 1.6558 4.0292 4.5469 1.7964 38.4649 3.0069 0.4296
Car -1 -1 1.7450 475.6695 184.5376 520.5554 215.9979 1.4495 1.5849 4.0307 -5.6795 2.0784 36.7827 1.5923 0.3103
