Pedestrian -1 -1 1.2783 538.7254 165.1545 577.8754 249.1303 1.7015 0.5943 0.8658 -0.9840 1.3392 14.8304 1.2149 0.8802
Pedestrian -1 -1 1.5951 818.7017 151.6702 875.0339 299.4961 1.7766 0.6479 0.9491 3.0759 1.4002 9.0475 1.9134 0.8799
Pedestrian -1 -1 1.1768 711.8047 164.1310 765.1036 269.3977 1.6760 0.5750 0.8662 2.1931 1.3752 11.7357 1.3580 0.8525
Pedestrian -1 -1 0.8863 717.2682 163.3366 797.4886 306.4920 1.6873 0.5640 0.8518 1.8694 1.4557 8.8362 1.0886 0.8520
Pedestrian -1 -1 1.1088 436.1642 167.4022 475.4453 241.6297 1.6441 0.5746 0.8202 -3.4041 1.2976 16.1557 0.9065 0.7669
Pedestrian -1 -1 3.2341 369.5266 168.7826 405.8242 232.6563 1.6468 0.5015 0.8678 -5.6757 1.2788 18.5553 2.9436 0.7518
Pedestrian -1 -1 0.0333 746.7294 163.5361 808.3727 291.1445 1.7001 0.5465 0.8062 2.3725 1.4408 9.7836 0.2649 0.6804
Pedestrian -1 -1 1.6668 347.3013 165.7724 369.7159 223.3431 1.7201 0.5716 0.7807 -7.4789 1.2035 21.5655 1.3392 0.4227
Pedestrian -1 -1 2.2322 535.7045 162.7961 578.0693 239.4601 1.7086 0.5684 0.8541 -1.0908 1.2573 16.2654 2.1680 0.4115
Pedestrian -1 -1 2.2882 309.1173 166.9157 341.3017 222.6031 1.6687 0.5710 0.7392 -8.5203 1.1849 21.6272 1.9196 0.4113
Pedestrian -1 -1 0.9585 383.8324 168.7360 414.0135 230.1254 1.6719 0.5162 0.6704 -5.7072 1.2819 19.6632 0.6820 0.3138
Cyclist -1 -1 0.9539 602.9971 163.4143 665.8955 238.3138 1.7325 0.5463 1.8763 0.7068 1.2783 17.2850 0.9954 0.5534
Car -1 -1 -2.1734 1099.7057 183.3472 1226.0000 224.2070 1.3838 1.5783 4.3162 20.5754 1.3947 26.1674 -1.5114 0.7766
Car -1 -1 1.1304 1034.8033 183.2012 1149.6382 225.3181 1.4002 1.6520 4.5104 17.6895 1.4052 25.8670 1.7261 0.6175
Car -1 -1 -2.0775 960.4177 179.4179 1060.9722 223.6782 1.5326 1.6210 3.7189 15.0413 1.4062 26.3450 -1.5623 0.2132
