Cyclist -1 -1 -1.7784 698.3409 166.3056 735.3954 240.1771 1.7522 0.5416 1.8130 2.5999 1.5972 18.0341 -1.6383 0.5440
Car -1 -1 -1.8765 781.8089 180.0324 928.6418 274.1606 1.4549 1.5314 3.2985 4.2169 1.6015 13.0511 -1.5715 0.9047
Car -1 -1 -1.3036 372.2618 171.6484 513.7869 275.5895 1.7562 1.6766 4.0355 -3.1554 1.7361 14.2469 -1.5186 0.8171
Car -1 -1 -1.1098 15.1315 183.8438 449.2502 375.0000 1.5260 1.6507 4.1219 -2.9259 1.6595 6.6325 -1.5117 0.7438
Car -1 -1 2.1076 109.0632 180.8930 220.8251 228.8795 1.4562 1.5477 3.6422 -14.9137 1.7480 24.3323 1.5624 0.7266
Car -1 -1 2.0952 206.3188 177.1611 303.8503 215.0968 1.4817 1.7224 4.5049 -15.1498 1.6810 31.0134 1.6440 0.6873
Car -1 -1 -1.6952 689.7048 175.7978 744.4526 215.0617 1.4263 1.6166 4.1703 4.1260 1.5520 28.6217 -1.5541 0.5682
Car -1 -1 -1.7769 742.7278 178.6184 842.8101 246.5683 1.4410 1.5764 3.7181 4.2536 1.5962 17.4984 -1.5431 0.5296
Car -1 -1 1.9805 282.3864 176.8675 347.9342 209.2144 1.5324 1.6273 3.9783 -14.9405 1.7480 36.6872 1.5960 0.4749
Car -1 -1 -1.5934 669.5031 170.6049 698.2605 197.7083 1.5993 1.6667 3.9787 4.4959 1.4670 44.6216 -1.4941 0.4583
Car -1 -1 -0.3116 796.7064 170.1801 886.7972 197.9592 1.4413 1.6401 4.2490 12.2047 1.3030 38.2662 -0.0055 0.4544
Car -1 -1 1.7339 501.0743 177.6500 559.5569 220.6394 1.4754 1.5955 3.7279 -2.9617 1.6685 27.0900 1.6254 0.4187
Car -1 -1 1.9853 328.4406 176.7661 380.6878 203.3023 1.4519 1.5222 3.6310 -14.8028 1.6895 41.8935 1.6474 0.3663
Car -1 -1 -1.6796 717.8840 177.2912 782.1480 228.4781 1.4585 1.5706 3.6642 4.2889 1.6105 22.7684 -1.4965 0.3414
Car -1 -1 -1.4335 525.7098 173.4726 572.3744 210.5795 1.6226 1.6406 3.9607 -2.8187 1.6535 33.6366 -1.5170 0.3355
