Car -1 -1 -1.7650 745.2501 186.9313 899.4086 303.6345 1.4124 1.5044 3.5364 2.9850 1.6624 10.9792 -1.5075 0.8534
Car -1 -1 -1.9830 792.4486 190.0683 1242.0000 375.0000 1.4397 1.6095 4.2235 2.6269 1.6204 5.4313 -1.5548 0.8389
Car -1 -1 -0.3812 390.8738 179.8929 521.7385 226.8492 1.4554 1.6535 4.0631 -5.2714 1.7147 24.7230 -0.5896 0.8348
Car -1 -1 -1.7287 691.8775 181.1019 789.9001 254.2960 1.4507 1.5807 3.9383 2.8494 1.6648 16.7178 -1.5637 0.8058
Car -1 -1 -1.6658 665.7712 180.1327 713.4269 220.4425 1.4688 1.5386 3.4951 3.0636 1.7762 28.6768 -1.5612 0.7914
Car -1 -1 3.3957 0.0000 184.7852 232.6698 375.0000 1.5257 1.6379 3.8023 -5.5418 1.6564 6.3241 2.6968 0.7467
Car -1 -1 3.2437 0.0000 184.1381 346.0730 330.8853 1.4623 1.6206 3.9612 -5.5215 1.6280 8.9990 2.7060 0.7285
Car -1 -1 2.7284 437.6219 180.6104 538.7778 217.5051 1.4262 1.5819 3.8871 -5.1353 1.7713 30.3413 2.5617 0.5754
Car -1 -1 2.6701 466.1467 176.2276 557.1790 212.4635 1.7075 1.7393 4.2030 -4.9502 1.8864 36.2663 2.5349 0.4840
Car -1 -1 -1.6465 658.3342 178.7282 699.0464 212.6772 1.4620 1.5908 3.7758 3.1087 1.7516 33.6276 -1.5557 0.2039
