Pedestrian -1 -1 1.2832 883.2995 161.4973 930.8033 253.7697 1.8227 0.6349 0.9792 6.1297 1.4489 14.4821 1.6774 0.7750
Pedestrian -1 -1 0.9417 876.4058 166.1035 938.3643 268.3453 1.7472 0.6035 0.8856 5.3220 1.5029 12.5791 1.3346 0.7745
Pedestrian -1 -1 1.3143 926.1874 163.4913 973.2565 254.2538 1.7692 0.6185 0.9830 6.9231 1.4393 14.3176 1.7577 0.7258
Pedestrian -1 -1 0.8711 908.3663 162.7995 974.5040 267.5998 1.7971 0.6095 0.9284 5.9593 1.4952 12.6477 1.3034 0.3886
Pedestrian -1 -1 2.2599 496.4693 179.7503 516.6666 221.4960 1.6701 0.6454 0.4923 -4.0134 1.6416 28.6610 2.1239 0.1684
Pedestrian -1 -1 2.1345 470.4744 181.8963 492.2297 221.6666 1.6200 0.5517 0.7889 -5.1431 1.6803 29.2995 1.9641 0.1311
Pedestrian -1 -1 2.5487 34.6888 178.1875 110.1082 302.4301 1.6960 0.6174 0.6197 -7.6065 1.6661 10.0433 1.9173 0.1161
Cyclist -1 -1 2.3925 0.0000 180.2839 137.6627 316.5407 1.7416 0.5184 1.7749 -7.5920 1.7405 9.9522 1.7577 0.6544
Cyclist -1 -1 1.4735 500.1634 178.5027 516.6463 220.8909 1.6588 0.4960 1.7236 -3.9349 1.5821 28.5599 1.3397 0.1661
Car -1 -1 2.2418 535.9052 183.8998 619.7196 218.0878 1.4741 1.6593 4.2089 -1.2193 1.6452 33.1005 2.2069 0.6974
Car -1 -1 -1.5208 432.6837 185.2928 465.3995 211.9520 1.4474 1.6468 4.3614 -9.1063 1.7455 41.4893 -1.7337 0.6337
Car -1 -1 1.8207 374.7430 186.7941 421.7095 214.2057 1.4795 1.6394 4.1536 -11.9936 1.8666 41.2212 1.5412 0.2945
Car -1 -1 2.5843 0.0000 202.3008 130.0078 369.1640 1.4774 1.6753 4.0409 -8.5953 1.8234 8.9928 1.8405 0.1161
