Car -1 -1 1.9283 258.9785 183.1585 408.7204 263.7104 1.4140 1.6032 3.9960 -5.6537 1.6597 15.1778 1.5768 0.8517
Car -1 -1 2.7547 712.8206 171.7649 963.8935 255.1176 1.4674 1.6524 4.2471 4.1873 1.4485 13.7286 3.0439 0.7836
Car -1 -1 2.5977 787.0642 163.3375 1103.1125 274.4347 1.5256 1.6571 4.1264 4.9364 1.3953 10.9997 3.0089 0.7782
Car -1 -1 -0.1591 678.8469 165.2573 814.7374 212.6740 1.6210 1.7316 4.5072 4.7192 1.3616 25.5760 0.0208 0.7514
Car -1 -1 1.8349 359.7978 178.2337 450.7555 234.1217 1.4363 1.5693 3.8008 -5.8331 1.6061 20.8129 1.5644 0.7347
Car -1 -1 2.4766 924.8218 147.9744 1242.0000 367.6236 1.6696 1.7222 3.9548 5.0790 1.4808 6.3725 3.1266 0.6932
Car -1 -1 2.3509 0.0000 199.6079 177.7144 375.0000 1.4718 1.5510 3.8072 -5.3687 1.7508 5.5798 1.6085 0.6718
Car -1 -1 1.8045 438.3220 174.8591 497.7932 211.1379 1.4272 1.5950 3.9676 -5.9853 1.5183 30.6213 1.6127 0.5575
Car -1 -1 -0.2030 658.9924 166.1266 756.2723 203.2757 1.6254 1.6821 4.0903 4.3188 1.3314 32.5540 -0.0728 0.3423
Car -1 -1 -0.4567 647.2634 167.4461 727.5289 196.5524 1.4570 1.6108 3.8350 3.9842 1.1867 37.5341 -0.3522 0.1398
