Car -1 -1 -1.9398 733.1987 183.1826 1008.7659 344.4576 1.4851 1.6511 4.3215 2.8546 1.6481 9.1433 -1.6476 0.9212
Car -1 -1 -1.7628 678.1804 183.9880 796.1270 269.4864 1.4130 1.5446 3.8445 2.3284 1.6653 14.3778 -1.6066 0.8362
Car -1 -1 0.1927 243.0042 186.5847 437.3292 244.1969 1.3496 1.6652 4.4569 -6.8573 1.7267 18.6250 -0.1559 0.8319
Car -1 -1 3.6321 0.0000 187.7586 278.8525 322.7527 1.4308 1.6395 4.1917 -6.6435 1.6392 8.9758 3.0088 0.8094
Car -1 -1 -1.6695 635.9783 182.7287 694.0283 227.9617 1.4017 1.6006 4.2562 1.8110 1.7797 25.4454 -1.6000 0.7358
Car -1 -1 3.3319 321.1284 181.7471 458.5159 228.2409 1.4849 1.6829 4.2166 -7.4202 1.8002 24.4945 3.0402 0.6440
Car -1 -1 -1.6358 625.0759 181.5462 668.4384 217.6622 1.3992 1.5798 4.0451 1.4765 1.7972 30.9686 -1.5893 0.5902
Car -1 -1 3.9104 0.0000 198.7429 177.5965 375.0000 1.4334 1.6143 3.9922 -6.1333 1.6784 5.9973 3.1360 0.4863
Car -1 -1 3.2917 394.4429 180.4156 480.3863 211.2560 1.4664 1.6187 3.9436 -8.5324 1.8517 35.7517 3.0586 0.4755
Car -1 -1 -1.6785 607.7750 181.1919 647.4318 212.4219 1.4305 1.5647 3.8475 0.7920 1.8709 36.0906 -1.6573 0.4349
Car -1 -1 1.6127 519.1667 180.0261 540.9838 199.9683 1.4763 1.5533 3.5963 -6.2658 2.0575 56.5866 1.5025 0.3499
