Pedestrian -1 -1 2.7552 466.9911 159.5465 546.0254 286.2391 1.8224 0.6618 1.0111 -1.5403 1.5227 10.7050 2.6182 0.8149
Pedestrian -1 -1 0.4475 44.5583 157.6689 119.7382 258.3224 1.7862 0.5536 0.9578 -9.5671 1.3827 12.8991 -0.1771 0.7346
Pedestrian -1 -1 3.5310 66.2126 155.8786 134.2097 252.7911 1.8157 0.5901 0.9098 -9.7576 1.3560 13.6286 2.9225 0.7198
Pedestrian -1 -1 -0.5263 459.9942 164.1164 494.6095 216.8535 1.7977 0.6385 1.0040 -4.4820 1.2408 24.6650 -0.7020 0.4648
Pedestrian -1 -1 2.3899 0.0000 152.3807 43.4605 250.0850 1.8699 0.6534 0.8733 -11.8569 1.3334 14.0021 1.7004 0.4596
Pedestrian -1 -1 2.2885 474.0831 165.0777 505.9941 218.5131 1.7675 0.6053 0.9280 -3.9168 1.2589 23.9362 2.1302 0.4571
Pedestrian -1 -1 2.1526 520.0535 164.3312 550.2357 216.6904 1.8024 0.6356 0.9591 -2.4835 1.2474 24.9070 2.0562 0.4426
Pedestrian -1 -1 -1.0820 581.4412 164.6460 609.9805 212.6241 1.7227 0.6826 0.9484 -0.3625 1.1549 25.9596 -1.0940 0.4112
Pedestrian -1 -1 1.8988 504.8910 163.8609 529.8133 215.9037 1.8330 0.5985 1.0028 -3.1753 1.2485 25.4500 1.7780 0.2055
Pedestrian -1 -1 0.2052 578.2971 165.2136 599.7830 212.3605 1.8074 0.6187 0.7239 -0.6413 1.2229 27.4705 0.1839 0.1214
Pedestrian -1 -1 2.8117 469.7973 164.5282 529.1987 271.8163 1.7174 0.5313 0.8503 -1.8000 1.4634 11.7439 2.6654 0.1062
Car -1 -1 -1.3642 614.6332 162.2164 680.5317 211.9550 1.7759 1.7476 4.0734 1.7084 1.1246 27.4354 -1.3009 0.1270
