Car -1 -1 -1.8930 756.3530 186.4557 1068.6001 375.0000 1.4437 1.5640 3.9029 2.6096 1.6198 7.3635 -1.5662 0.9000
Car -1 -1 3.5824 46.2673 188.9823 348.0292 279.8112 1.4201 1.6601 4.2747 -7.0504 1.7231 12.5788 3.0801 0.8780
Car -1 -1 -1.7835 695.1699 180.3369 834.8358 281.7203 1.4613 1.5587 3.6415 2.4610 1.6105 12.5077 -1.5947 0.8670
Car -1 -1 1.7896 414.7576 183.1031 517.4601 259.1538 1.4717 1.5160 3.5377 -3.1632 1.7280 16.2319 1.5993 0.8480
Car -1 -1 -1.7066 672.4283 179.4630 759.0548 248.5661 1.4131 1.5035 3.4409 2.3102 1.5832 16.8036 -1.5733 0.6921
Car -1 -1 -1.6443 655.1089 178.8326 714.3298 228.3988 1.4150 1.5690 3.8853 2.2588 1.6225 23.0286 -1.5485 0.6858
Car -1 -1 3.4899 154.3940 176.5019 391.6597 257.8523 1.6221 1.7077 4.2908 -7.1194 1.7060 15.4910 3.0652 0.6817
Car -1 -1 -1.6465 637.7309 176.7656 684.4729 216.7379 1.4682 1.5650 3.6128 1.9300 1.6338 28.6688 -1.5806 0.5760
Car -1 -1 3.3743 273.8500 175.0047 441.5703 233.2898 1.6335 1.7377 4.4060 -7.3969 1.7008 21.3766 3.0446 0.3235
Car -1 -1 -2.2762 0.0000 208.7370 104.4554 375.0000 1.3934 1.5479 3.8875 -7.0666 1.7619 6.5121 -3.0819 0.3176
Car -1 -1 -2.2544 0.0000 0.0000 1242.0000 375.0000 1.4618 1.5807 3.7371 2.5731 1.6838 1.7541 -1.3582 0.2841
Car -1 -1 3.3051 324.8087 177.2954 460.8457 225.3950 1.5409 1.6651 4.1871 -7.2872 1.6982 24.3989 3.0173 0.2407
