Car -1 -1 -3.4025 703.1446 173.8540 1044.1349 286.1576 1.4925 1.7111 4.3895 3.5829 1.5089 10.5814 -3.0854 0.9199
Car -1 -1 -1.0324 663.7634 171.5940 758.3245 216.4322 1.5157 1.6190 3.9935 3.7298 1.4734 26.4515 -0.8944 0.7642
Car -1 -1 -3.2540 698.0045 168.7006 897.9848 239.5486 1.5898 1.7388 4.4542 4.3130 1.4970 17.3324 -3.0148 0.7617
Car -1 -1 0.5202 71.5619 180.0361 484.8070 328.6063 1.4716 1.6345 4.0488 -3.6964 1.5647 8.2816 0.1114 0.7574
Car -1 -1 -0.9117 586.7484 173.1629 688.1318 217.3591 1.5189 1.6544 4.0350 1.0511 1.5317 26.9021 -0.8737 0.6556
Car -1 -1 -3.5999 940.4327 165.3210 1166.5850 235.6029 1.5443 1.7055 4.1852 10.1577 1.3791 16.8604 -3.0658 0.6234
Car -1 -1 0.7357 0.0000 197.5320 332.2032 375.0000 1.3962 1.5700 3.8412 -4.3901 1.6167 5.4912 0.0844 0.6077
Car -1 -1 2.3140 1156.5997 164.9375 1242.0000 232.9935 1.4315 1.5876 4.0423 14.7337 1.2654 16.1616 3.0439 0.2877
Car -1 -1 -1.6850 1097.4132 159.4066 1166.4888 204.9576 1.4881 1.5404 3.6671 18.3428 1.0491 25.5462 -1.0679 0.1923
Car -1 -1 -1.1788 932.1222 162.8431 1023.9861 206.3130 1.4468 1.5832 3.8951 13.2037 1.1140 25.8843 -0.7119 0.1318
