Pedestrian -1 -1 2.9973 352.9152 153.0126 445.9171 313.2972 1.8000 0.6491 0.9856 -2.4835 1.4635 8.4317 2.7220 0.8692
Pedestrian -1 -1 0.5395 405.0695 155.7191 476.4309 275.0227 1.8224 0.5835 0.9379 -2.6125 1.4054 11.2187 0.3182 0.7171
Pedestrian -1 -1 1.5966 742.5817 148.6364 781.0866 258.1818 1.8046 0.6227 0.8049 2.6841 1.2381 12.1069 1.8106 0.5876
Pedestrian -1 -1 3.2562 421.2117 157.5233 479.2545 268.0861 1.8148 0.6049 0.8943 -2.6098 1.3963 11.9433 3.0478 0.5460
Pedestrian -1 -1 2.2472 503.3111 157.8881 547.4171 237.9115 1.7964 0.6454 0.8198 -1.8297 1.2316 16.3862 2.1396 0.4476
Pedestrian -1 -1 2.1819 482.3493 159.0792 524.1157 230.9395 1.7652 0.6304 0.9270 -2.5540 1.1763 17.9189 2.0443 0.4196
Pedestrian -1 -1 1.6732 528.5228 162.1889 549.8758 214.2187 1.8327 0.6741 0.8977 -2.3026 1.0972 25.3536 1.5854 0.2081
Pedestrian -1 -1 2.6079 267.7556 126.8394 390.3127 370.0000 1.9182 0.6842 0.6510 -2.2195 1.5110 5.5960 2.2498 0.1570
Pedestrian -1 -1 0.7976 22.6133 174.3742 59.5034 235.2765 1.8478 0.6438 0.6169 -17.3557 1.5842 21.8080 0.1342 0.1548
Car -1 -1 2.2020 115.3216 188.6619 240.2900 239.7471 1.3964 1.4927 3.4475 -12.8159 1.5808 21.5021 1.6726 0.8806
Car -1 -1 -1.5774 575.1468 176.2492 665.7049 259.1586 1.3996 1.5297 3.4633 0.2767 1.2852 13.6730 -1.5563 0.8062
Car -1 -1 -1.5873 576.9536 166.6092 630.7798 215.5286 1.5253 1.6796 4.2870 -0.0335 1.0122 24.1972 -1.5870 0.6370
Car -1 -1 1.9929 320.5077 175.1581 389.4388 209.1905 1.5480 1.6243 4.0376 -11.9259 1.1877 34.2417 1.6623 0.5450
Car -1 -1 1.1332 457.4589 167.0432 525.1844 207.8454 1.8143 1.6299 4.0076 -5.3661 1.1013 33.5514 0.9777 0.4701
Car -1 -1 1.4891 546.7678 168.6048 574.5617 191.8522 1.5421 1.6104 3.8712 -2.9492 0.5813 48.9262 1.4311 0.3517
Car -1 -1 -0.4642 876.2178 157.7271 964.9319 190.4986 1.5635 1.6515 3.6049 15.5047 0.3539 34.6340 -0.0450 0.1940
