Pedestrian -1 -1 -2.1751 704.9565 149.8964 775.3289 274.9053 1.8850 0.6446 0.9935 2.0879 1.4252 11.2420 -1.9947 0.8473
Pedestrian -1 -1 0.1723 1020.2313 149.6849 1122.0432 311.5914 1.7616 0.5888 0.9089 5.3605 1.4280 8.2110 0.7349 0.8376
Pedestrian -1 -1 0.6877 592.5471 153.5629 674.4055 289.0810 1.8606 0.6100 1.0362 0.3603 1.4924 10.2739 0.7234 0.8333
Pedestrian -1 -1 -3.1200 979.9406 142.6142 1088.1234 320.6568 1.8273 0.5853 0.9819 4.6390 1.4401 7.7563 -2.5970 0.8261
Pedestrian -1 -1 1.1299 634.8362 154.1107 684.6619 251.3953 1.8644 0.6453 0.9483 1.0388 1.3603 14.1035 1.2036 0.8190
Pedestrian -1 -1 1.0699 670.2698 149.2698 738.6202 279.6631 1.9053 0.6347 1.0054 1.4717 1.4506 10.9098 1.2019 0.8160
Pedestrian -1 -1 -1.8613 428.0832 159.0225 465.9283 244.7337 1.8364 0.5743 0.9487 -3.5563 1.3779 15.6980 -2.0779 0.7546
Pedestrian -1 -1 1.0457 671.8719 153.8902 721.4625 247.6018 1.8591 0.6251 0.9382 1.8380 1.3329 14.5760 1.1702 0.5853
Pedestrian -1 -1 -1.9933 461.1103 158.4181 501.9086 241.5225 1.8479 0.5830 0.9629 -2.8903 1.3585 16.2793 -2.1638 0.5696
Cyclist -1 -1 -2.8368 712.4031 164.7493 777.9568 225.4939 1.7738 0.5615 1.8570 4.1883 1.3154 21.3316 -2.6440 0.3392
Car -1 -1 0.9313 1097.7556 182.8256 1224.0000 229.3324 1.4629 1.6229 4.0586 19.2356 1.5517 24.4856 1.5924 0.7083
Car -1 -1 -2.2490 1033.1121 184.0519 1158.3497 229.8727 1.4082 1.5559 3.5684 16.3765 1.5389 23.8518 -1.6520 0.6201
Car -1 -1 -2.1181 956.9904 179.7854 1065.4337 228.2633 1.5372 1.6109 3.4951 13.7391 1.5161 24.1891 -1.6057 0.5186
Car -1 -1 -1.6677 597.8429 175.9878 633.4439 203.9522 1.3944 1.5264 3.5547 0.5030 1.1708 37.0850 -1.6526 0.4454
