Pedestrian -1 -1 2.5497 784.2313 154.8467 923.9949 375.0000 1.7440 0.5735 0.8970 1.8905 1.6098 5.7932 2.8487 0.3942
Car -1 -1 -1.6997 711.8381 176.8667 793.1590 238.6876 1.4246 1.5563 3.8593 3.5637 1.5407 18.8485 -1.5165 0.8699
Car -1 -1 1.3096 182.6025 191.4344 451.2144 375.0000 1.4501 1.7019 4.3002 -3.5937 1.7181 8.1740 0.9063 0.7584
Car -1 -1 -1.5813 687.3875 173.3889 725.6060 209.9337 1.5255 1.5891 3.4608 4.2087 1.5510 31.9827 -1.4522 0.6639
Car -1 -1 2.1204 188.0850 190.5325 323.6598 251.7028 1.5015 1.6562 4.0399 -10.1809 2.0681 21.0135 1.6737 0.6366
Car -1 -1 -2.3480 477.0254 178.7252 588.0997 220.7446 1.3920 1.5766 4.1408 -2.9262 1.6225 26.3556 -2.4581 0.6097
Car -1 -1 0.9629 344.1438 187.4226 509.3952 267.1664 1.3804 1.4816 3.6351 -3.8995 1.7164 14.8721 0.7100 0.5559
Car -1 -1 -1.9135 771.3155 181.4527 1143.6180 375.0000 1.5085 1.6199 3.7833 2.6111 1.6098 6.5570 -1.5512 0.5237
Car -1 -1 -1.6520 664.5443 168.0353 695.9893 196.0781 1.7015 1.6627 3.8743 4.3789 1.4095 45.7260 -1.5575 0.4012
Car -1 -1 1.0154 431.3042 180.0734 560.9806 236.5820 1.4037 1.6505 4.2507 -3.3956 1.6318 20.6130 0.8535 0.3649
