Pedestrian -1 -1 -2.2196 435.1295 158.5676 493.7755 258.7704 1.8098 0.6179 0.9812 -2.6964 1.4153 13.3228 -2.4128 0.8469
Pedestrian -1 -1 -2.1733 499.8514 157.5838 549.7729 246.0466 1.8289 0.6060 1.0001 -1.7702 1.3568 15.1891 -2.2851 0.7686
Pedestrian -1 -1 1.5959 298.0688 160.6527 324.9408 240.8826 1.7812 0.5411 0.9314 -6.7657 1.3422 16.2236 1.2096 0.7642
Pedestrian -1 -1 1.1470 415.3315 163.6181 454.1103 238.5085 1.7257 0.5713 0.9202 -4.0974 1.3383 16.8265 0.9143 0.7620
Pedestrian -1 -1 0.8949 531.5616 161.4944 577.7534 243.6462 1.7952 0.5733 0.9508 -1.1835 1.3815 15.9891 0.8242 0.7237
Pedestrian -1 -1 1.1774 361.8211 160.1752 404.3877 243.2943 1.7800 0.5765 0.9708 -4.9726 1.3463 15.6937 0.8782 0.7222
Pedestrian -1 -1 1.7537 177.0706 157.8822 210.9736 229.6356 1.8205 0.6158 0.8473 -10.7430 1.2482 18.4352 1.2354 0.6285
Pedestrian -1 -1 1.3468 340.1559 161.9210 372.2661 240.0042 1.7944 0.5430 0.8636 -5.9407 1.3691 16.7539 1.0138 0.4282
Car -1 -1 -2.2541 1027.6189 182.7682 1154.8765 228.1757 1.4083 1.5294 3.7347 16.3494 1.4932 24.0454 -1.6616 0.8323
Car -1 -1 0.9689 1105.8081 182.1983 1224.0000 229.8391 1.5023 1.6145 3.8619 19.3511 1.5672 24.4096 1.6344 0.6935
Car -1 -1 -2.1087 958.8668 181.6624 1066.5747 227.9265 1.4577 1.5706 3.5425 13.7674 1.5019 24.1515 -1.5947 0.6917
Car -1 -1 -1.6430 601.1700 175.6738 635.3860 203.3605 1.3816 1.5361 3.6022 0.6424 1.1422 37.1183 -1.6241 0.6822
