Car -1 -1 -2.0638 516.9365 183.5361 807.0685 345.0575 1.4754 1.6676 4.4696 0.2878 1.6482 9.2732 -2.0355 0.9122
Car -1 -1 -3.5660 932.4582 187.5309 1242.0000 291.3435 1.4156 1.6553 4.1807 7.4381 1.6682 11.2766 -2.9956 0.8947
Car -1 -1 -1.8745 448.6664 181.9590 588.8977 276.9956 1.5204 1.5911 3.8294 -1.9579 1.7237 14.0083 -2.0118 0.8640
Car -1 -1 1.6455 154.0136 196.9545 247.6367 270.5431 1.3777 1.5951 4.0896 -9.6241 2.0236 17.1319 1.1399 0.8277
Car -1 -1 -3.5271 814.6123 188.0114 1059.2162 266.6458 1.3890 1.6071 3.9844 6.1095 1.6994 13.9103 -3.1219 0.8007
Car -1 -1 -1.7466 423.2760 185.2620 509.3350 253.0886 1.4640 1.5338 3.3908 -3.7330 1.8078 18.1096 -1.9477 0.6733
Car -1 -1 1.7131 208.8939 191.7580 274.5030 239.0905 1.4211 1.5316 3.5570 -12.7869 2.1306 25.1326 1.2463 0.6588
Car -1 -1 -3.1828 660.4712 186.7491 787.2145 239.4857 1.4350 1.5599 3.5317 3.2275 1.8604 21.1039 -3.0340 0.3979
Car -1 -1 -2.5038 1069.3699 177.1613 1242.0000 241.9326 1.3774 1.4704 3.3719 13.1232 1.4926 17.4110 -1.8665 0.2579
Car -1 -1 1.6670 222.7003 192.0891 275.7154 231.9782 1.4233 1.5760 4.0691 -14.9782 2.2824 30.0290 1.2075 0.1701
Car -1 -1 2.1441 148.9161 190.0372 216.3314 219.1240 1.5163 1.6076 3.6799 -24.6489 2.5543 41.6963 1.6127 0.1406
