Pedestrian -1 -1 1.3604 365.6208 156.1356 412.5105 264.6785 1.8606 0.6222 0.9554 -3.9279 1.4446 12.6832 1.0689 0.8771
Pedestrian -1 -1 2.2209 686.8963 154.3624 781.8118 315.3225 1.7466 0.6525 0.9442 1.4620 1.4647 8.2277 2.3921 0.8645
Pedestrian -1 -1 1.3221 284.8346 158.8377 330.1299 255.4953 1.7677 0.6073 0.8545 -5.7096 1.3731 13.4494 0.9309 0.7187
Pedestrian -1 -1 1.3298 323.9070 156.1091 374.8555 267.6367 1.8367 0.6309 0.9139 -4.4625 1.4367 12.1942 0.9891 0.6593
Pedestrian -1 -1 1.3046 341.0078 161.2412 380.0510 251.5695 1.7560 0.5256 0.9178 -4.9833 1.3832 14.2677 0.9773 0.6247
Pedestrian -1 -1 2.0857 273.8306 158.7928 301.7335 207.1122 1.8411 0.6814 0.7946 -12.2970 1.0155 27.3644 1.6696 0.1168
Cyclist -1 -1 -1.4570 520.8141 162.3834 551.7573 234.8224 1.7612 0.5663 2.0029 -1.7835 1.3223 18.1920 -1.5512 0.6273
Car -1 -1 -2.2314 1029.9606 183.0139 1153.6884 228.4186 1.4077 1.5273 3.6332 16.3345 1.5011 23.9851 -1.6382 0.8022
Car -1 -1 0.9340 1098.1160 182.8057 1224.0000 228.7683 1.4473 1.6109 4.0205 19.2300 1.5353 24.4908 1.5949 0.7128
Car -1 -1 -1.6035 602.6105 174.9706 634.6068 203.5071 1.4264 1.5593 3.6432 0.6624 1.1515 37.1697 -1.5842 0.6805
Car -1 -1 -2.0960 960.4026 180.6087 1067.3613 227.6841 1.4896 1.5819 3.5298 13.8055 1.4951 24.1480 -1.5808 0.6795
Car -1 -1 -1.5441 501.8726 175.4911 569.3959 240.4680 1.5002 1.5573 3.5212 -1.7607 1.3861 18.1277 -1.6375 0.1323
Car -1 -1 -2.8373 537.1837 179.6006 935.1257 353.8841 1.5691 1.6375 4.1528 1.3815 1.5627 8.0307 -2.6718 0.1229
