Pedestrian -1 -1 0.7692 399.6430 166.8682 444.2756 243.8351 1.8542 0.5867 0.9205 -4.7037 1.7104 17.8617 0.5147 0.4295
Pedestrian -1 -1 2.1508 397.4288 168.5423 443.3206 247.8796 1.7842 0.6193 0.9370 -4.4457 1.6876 16.7666 1.8948 0.4190
Pedestrian -1 -1 2.3173 377.2828 167.4151 422.7693 246.7560 1.8231 0.6045 0.8711 -5.0189 1.6985 17.1014 2.0354 0.2765
Pedestrian -1 -1 1.6942 1084.1588 143.9391 1129.1970 239.3130 1.7652 0.6251 0.8324 9.5020 1.2304 13.8707 2.2846 0.1908
Pedestrian -1 -1 -3.1558 628.2233 173.7185 641.6923 206.4751 1.7085 0.5650 0.6984 1.2729 1.7546 37.9345 -3.1231 0.1854
Pedestrian -1 -1 -2.4680 870.2167 153.7101 932.2154 258.4912 1.7491 0.5753 0.8183 5.0012 1.4299 12.5402 -2.0973 0.1499
Pedestrian -1 -1 2.1200 645.5932 173.1005 661.9460 206.1508 1.7250 0.6007 0.6714 2.2766 1.7385 38.1100 2.1787 0.1403
Pedestrian -1 -1 0.9348 1096.4688 144.0377 1147.6788 234.5768 1.7767 0.5704 0.6349 10.2182 1.2116 14.4825 1.5394 0.1200
Cyclist -1 -1 2.3445 1055.4884 143.2521 1158.1332 234.6074 1.7320 0.5751 1.7991 9.6817 1.1711 14.1427 2.9349 0.2021
Car -1 -1 1.9705 221.0271 181.5473 392.3925 278.7440 1.5628 1.6488 3.7710 -5.6476 1.7529 13.8392 1.5891 0.8426
Car -1 -1 -1.3890 472.1716 177.7453 524.4042 214.7797 1.5357 1.6272 3.9716 -4.9946 1.7697 32.4570 -1.5409 0.8075
Car -1 -1 1.8141 396.7061 184.2202 477.7145 237.7907 1.4302 1.5325 3.7083 -5.1916 1.8051 21.9146 1.5835 0.6829
Car -1 -1 1.7671 500.5548 178.4665 543.6552 209.2858 1.5051 1.5392 3.7739 -4.5970 1.8152 37.8797 1.6467 0.2778
Car -1 -1 -2.4619 801.7964 163.0913 1015.8902 252.4797 1.5649 1.6226 3.8378 5.8503 1.3943 14.6975 -2.0906 0.1428
Car -1 -1 0.0513 435.2677 181.2500 483.0164 198.7612 1.4416 1.5966 3.9093 -12.8513 2.1706 61.5294 -0.1541 0.1004
