Car -1 -1 -1.3263 458.6224 189.0652 559.2910 253.7786 1.4608 1.6722 4.5054 -2.6691 1.9581 19.7847 -1.4595 0.8936
Car -1 -1 2.0882 145.4896 199.0812 276.1909 255.8829 1.4519 1.7210 4.1203 -12.2753 2.3435 22.4374 1.5922 0.8588
Car -1 -1 1.9877 1009.3384 174.3524 1240.7939 274.0920 1.4460 1.6662 4.2827 8.8186 1.4757 12.3349 2.5966 0.7598
Car -1 -1 2.2847 0.0000 205.5621 126.8359 294.1181 1.4189 1.6067 3.7435 -12.1122 2.1795 14.8647 1.6096 0.7483
Car -1 -1 -1.5054 574.1131 181.6516 613.6161 216.5378 1.5720 1.6894 4.1014 -0.7802 2.0324 35.6463 -1.5278 0.6609
Car -1 -1 2.0917 930.7482 174.2602 1115.2859 252.2485 1.4455 1.6188 3.9877 8.6659 1.4788 15.1514 2.6024 0.6498
Car -1 -1 2.7291 811.1128 171.7424 963.8807 223.1326 1.6312 1.7414 4.3924 9.0638 1.5962 23.8885 3.0870 0.5242
Car -1 -1 2.1244 881.7274 177.0020 1025.6458 239.1176 1.3838 1.5267 3.7120 8.5393 1.4969 17.9480 2.5616 0.4831
Car -1 -1 -1.6530 693.4534 180.5246 721.0574 202.1761 1.4775 1.6558 4.1590 7.0562 2.0622 52.8521 -1.5214 0.4713
Car -1 -1 1.9435 287.5218 195.4188 346.0315 226.2789 1.4338 1.6176 3.7078 -15.4476 2.6841 38.1052 1.5604 0.4638
Car -1 -1 2.2579 0.0000 203.8964 155.1053 265.6539 1.4635 1.6133 3.8929 -15.4602 2.4570 21.0895 1.6311 0.4058
Car -1 -1 1.8144 1150.5414 173.6745 1242.0000 315.5672 1.4747 1.6134 4.0324 8.7059 1.4877 9.3111 2.5501 0.4012
Car -1 -1 1.5718 442.4324 190.6669 460.8875 207.9733 1.4475 1.6199 3.9321 -14.6649 3.1476 66.7514 1.3559 0.2330
