Pedestrian -1 -1 -1.5453 726.8381 168.2755 749.3587 228.1758 1.6712 0.6139 0.8451 3.7745 1.3317 20.1983 -1.3616 0.7801
Pedestrian -1 -1 0.8235 435.1746 158.6818 485.5143 241.9513 1.8268 0.5857 1.0161 -3.3246 1.3497 16.0409 0.6249 0.7579
Pedestrian -1 -1 -1.3260 589.5200 160.6111 626.4804 241.1702 1.7534 0.6319 0.9051 0.0371 1.3221 15.9008 -1.3219 0.7458
Pedestrian -1 -1 -1.8729 387.3107 158.6390 428.4332 248.5845 1.8154 0.5717 0.9671 -4.1837 1.3758 14.8269 -2.1405 0.6576
Pedestrian -1 -1 0.9400 414.9472 159.3169 464.1537 246.7494 1.8273 0.5611 0.9936 -3.6280 1.3862 15.3092 0.7137 0.6500
Pedestrian -1 -1 1.5429 371.8843 164.2308 388.1290 209.1878 1.8433 0.6256 0.8035 -9.4038 1.1777 29.4671 1.2389 0.2049
Cyclist -1 -1 -0.9911 66.1274 131.6165 396.6237 370.0000 1.7576 0.5280 1.8533 -1.8132 1.5689 3.7072 -1.4119 0.4430
Car -1 -1 -2.2384 1029.4670 182.8041 1154.8455 228.2085 1.4086 1.5283 3.6906 16.3645 1.4945 24.0182 -1.6449 0.8223
Car -1 -1 -2.1050 958.9719 180.9785 1065.9968 227.3862 1.4664 1.5800 3.5017 13.7543 1.4855 24.1391 -1.5912 0.7616
Car -1 -1 0.9293 1098.8737 183.2661 1224.0000 229.3356 1.4475 1.6030 3.9898 19.2301 1.5526 24.4620 1.5907 0.6913
Car -1 -1 -1.5262 544.2308 172.5106 573.0146 198.1263 1.4922 1.5828 3.5842 -2.7880 1.0282 42.9895 -1.5888 0.5746
Car -1 -1 -1.5377 604.0385 175.9180 635.6934 204.0131 1.4021 1.5404 3.5762 0.8071 1.1748 37.1083 -1.5144 0.3593
Car -1 -1 2.5926 0.0000 185.1682 405.3483 370.0000 1.5282 1.6444 3.7160 -2.6890 1.5627 2.9327 1.9042 0.2319
