Pedestrian -1 -1 -1.8290 933.9102 141.4019 995.2579 261.8503 1.8629 0.6420 1.0005 5.7733 1.2598 11.4839 -1.3725 0.7391
Pedestrian -1 -1 1.3197 849.6547 155.6837 875.7332 211.1272 1.8207 0.6277 0.8389 8.5872 1.0073 23.6603 1.6653 0.1247
Cyclist -1 -1 -0.2149 832.9316 156.2940 891.9546 210.2978 1.7834 0.5948 1.7759 8.6045 0.9856 23.7550 0.1302 0.1278
Car -1 -1 2.9417 657.6608 170.5959 754.7244 204.0206 1.4790 1.6617 4.1300 4.5466 1.0422 32.2319 3.0822 0.8315
Car -1 -1 1.8566 379.3174 179.9205 466.2112 229.9510 1.4587 1.6173 3.9621 -5.7437 1.4433 22.6228 1.6131 0.8175
Car -1 -1 -1.3887 471.3624 176.2007 518.0998 209.2632 1.5242 1.6093 3.6259 -5.3266 1.3274 34.4270 -1.5391 0.7426
Car -1 -1 1.7054 506.9681 173.6022 536.1993 196.1597 1.5114 1.5437 3.6039 -5.7631 1.0506 49.1863 1.5912 0.3169
Car -1 -1 1.7458 486.5368 175.1413 526.1937 203.1376 1.5004 1.5716 3.7627 -5.5096 1.2146 39.7990 1.6110 0.2955
Car -1 -1 -1.6022 637.2450 169.7615 666.3396 196.4946 1.4809 1.5676 3.5505 2.6670 0.8874 40.9638 -1.5359 0.2777
Car -1 -1 -2.1479 765.5914 159.4649 810.0068 182.2014 1.7114 1.6126 3.6704 14.2403 0.1293 55.2114 -1.8951 0.1241
