Car -1 -1 -1.7017 667.7740 181.6673 747.1305 240.2897 1.4447 1.6454 4.3823 2.6202 1.7240 20.6365 -1.5780 0.8878
Car -1 -1 -1.7487 697.0868 182.3990 814.5891 265.9235 1.4518 1.6217 4.2109 2.8361 1.6802 15.1286 -1.5679 0.8651
Car -1 -1 -1.8947 768.3618 176.4208 1101.5916 375.0000 1.6346 1.6725 4.1403 2.8350 1.6823 7.4858 -1.5471 0.8587
Car -1 -1 -1.4961 576.3807 173.4007 640.1762 231.5939 1.6403 1.6790 4.2682 -0.0086 1.6594 22.5663 -1.4972 0.7271
Car -1 -1 2.0303 219.7361 170.5565 310.6259 209.3624 1.4779 1.6701 4.1728 -14.0483 1.3908 29.5788 1.5902 0.7107
Car -1 -1 -1.6843 655.3309 177.5499 704.2665 215.7303 1.4522 1.5737 3.7947 2.7803 1.6592 29.8272 -1.5929 0.6714
Car -1 -1 2.1779 52.4166 169.0052 197.7294 225.5148 1.4839 1.6221 3.7340 -13.8634 1.3832 20.8314 1.5964 0.5802
Car -1 -1 -1.1624 390.7731 174.4536 434.4274 196.1821 1.4625 1.5688 3.8451 -13.8938 1.5801 50.8748 -1.4279 0.3810
Car -1 -1 2.3806 0.0000 170.9593 64.8704 250.4155 1.4356 1.6064 3.5625 -13.5262 1.4018 14.8744 1.6515 0.2931
Car -1 -1 1.7886 447.7248 174.8927 473.7373 191.6516 1.5422 1.6102 3.9773 -14.2330 1.7429 68.8834 1.5854 0.1775
