Car -1 -1 -1.7666 771.0156 187.8068 987.8156 354.0958 1.3935 1.5110 3.4568 2.7264 1.6007 8.1714 -1.4566 0.8902
Car -1 -1 -1.5444 602.2934 177.7450 687.1627 259.2431 1.4699 1.5600 3.3317 0.7029 1.5831 14.9339 -1.4993 0.8609
Car -1 -1 2.0802 0.0000 189.9085 437.2503 375.0000 1.4978 1.5688 3.6478 -2.7058 1.6726 5.5020 1.6408 0.8484
Car -1 -1 0.2274 132.0854 188.2355 265.4114 235.1266 1.4739 1.6006 3.7150 -14.0685 2.0307 24.8108 -0.2842 0.8253
Car -1 -1 -1.4122 643.1340 165.9763 715.1674 226.0650 1.7675 1.6948 4.1805 2.2932 1.5656 23.4577 -1.3167 0.7701
Car -1 -1 1.7598 521.8470 172.9500 591.5131 224.3423 1.5825 1.6375 3.8324 -1.7479 1.5864 24.2215 1.6879 0.7663
Car -1 -1 -1.6025 738.5851 176.4970 853.5249 278.9865 1.4449 1.6200 4.1395 3.0520 1.5195 12.5150 -1.3697 0.6636
Car -1 -1 1.3686 782.3743 165.7591 829.1877 194.2874 1.4868 1.6923 4.0169 10.6584 1.1174 39.6549 1.6290 0.6201
Car -1 -1 0.2409 0.0000 197.0241 93.6282 245.6348 1.3943 1.5896 3.8610 -19.5701 2.2429 23.7738 -0.4425 0.4703
Car -1 -1 -1.6737 738.6650 170.0217 765.7776 190.5370 1.5501 1.6549 4.1989 11.1069 1.3365 56.6806 -1.4815 0.2569
Car -1 -1 1.8220 588.9683 166.7589 640.8544 200.6769 1.8026 1.8736 4.4951 0.3120 1.4790 40.7556 1.8291 0.2423
