Pedestrian -1 -1 1.0896 891.8796 157.0359 947.0720 252.3708 1.8136 0.6250 0.9371 6.1405 1.3688 13.9353 1.4979 0.7248
Pedestrian -1 -1 1.3105 907.6181 157.5884 952.4358 244.1902 1.8451 0.6493 1.0245 7.1234 1.3586 15.6169 1.7324 0.6874
Pedestrian -1 -1 1.2414 873.1390 157.2997 918.7419 242.8735 1.8429 0.6431 0.9989 6.4213 1.3449 15.7377 1.6235 0.5251
Pedestrian -1 -1 1.7356 515.6022 176.7167 530.5956 215.6481 1.6655 0.5568 0.5721 -3.5564 1.5051 30.5431 1.6225 0.1050
Cyclist -1 -1 -0.8805 39.5326 170.9537 165.1806 296.5694 1.7449 0.5427 1.7574 -7.5924 1.6140 10.7159 -1.4813 0.7957
Cyclist -1 -1 0.6926 1159.7552 156.6348 1224.0000 211.1432 1.6465 0.5181 1.7701 18.5121 0.9272 22.2704 1.3807 0.1156
Car -1 -1 2.2765 547.7592 177.5578 629.9165 214.3509 1.6691 1.6683 4.1644 -0.7352 1.5371 34.2089 2.2568 0.6157
Car -1 -1 1.1823 901.0750 162.7158 946.8074 185.2729 1.5187 1.5739 3.8425 22.2931 0.3227 49.5466 1.6044 0.1867
Car -1 -1 -1.1869 393.5261 184.1314 444.2252 210.3021 1.4765 1.6413 3.7650 -11.1063 1.7058 42.4050 -1.4397 0.1607
Car -1 -1 -1.5120 445.3752 183.0627 478.2332 208.8820 1.4598 1.6837 4.2562 -8.5891 1.6238 42.6350 -1.7077 0.1248
