Pedestrian -1 -1 0.3719 1165.9727 169.6074 1224.0000 280.8318 1.6845 0.6083 0.8711 9.5318 1.5212 11.2316 1.0632 0.7057
Pedestrian -1 -1 -0.2731 559.6633 166.5352 597.6190 230.6181 1.7017 0.6100 0.8986 -0.7555 1.3325 19.1984 -0.3100 0.6544
Pedestrian -1 -1 -0.2207 502.9117 163.6048 541.6558 230.3280 1.7936 0.6071 0.9489 -2.3141 1.3410 19.4443 -0.3355 0.5970
Pedestrian -1 -1 -0.8998 92.8799 155.8594 163.7842 260.3641 1.7787 0.6057 0.9053 -8.4581 1.3609 12.5070 -1.4808 0.5591
Pedestrian -1 -1 0.3035 1180.7661 165.9922 1224.0000 275.8950 1.7375 0.6231 0.8513 10.1337 1.5098 11.6991 1.0054 0.5539
Pedestrian -1 -1 -0.9155 58.5631 156.1618 127.6509 258.9849 1.7611 0.5855 0.8635 -9.1119 1.3459 12.5481 -1.5296 0.4291
Pedestrian -1 -1 1.6891 372.0138 162.2837 392.1986 210.2924 1.9016 0.6741 0.8843 -9.0015 1.1816 28.4972 1.3881 0.2919
Pedestrian -1 -1 -2.7529 436.5969 165.0893 498.5459 273.1342 1.7283 0.6090 0.8368 -2.3084 1.4835 11.6869 -2.9410 0.1748
Pedestrian -1 -1 -0.9771 483.8208 164.1587 543.9188 272.1089 1.6995 0.6500 0.7892 -1.5356 1.4439 11.6249 -1.1031 0.1420
Cyclist -1 -1 -1.4604 486.4925 162.2471 535.1361 279.8706 1.7711 0.5815 1.8837 -1.5572 1.4980 11.5885 -1.5886 0.5841
Cyclist -1 -1 -1.3607 465.4012 161.2744 500.8098 229.7725 1.8491 0.5816 2.0070 -3.4752 1.3317 20.0972 -1.5275 0.2878
Cyclist -1 -1 -1.1881 428.9188 169.0400 506.9728 284.6500 1.7544 0.5784 1.9473 -2.2715 1.5821 11.7360 -1.3726 0.2681
Car -1 -1 -2.1425 926.5389 182.6727 1011.0072 216.0809 1.4132 1.5576 3.8624 16.4225 1.5197 32.1649 -1.6729 0.5458
Car -1 -1 1.0177 983.6484 183.2336 1072.9659 217.5688 1.4692 1.6294 4.0530 19.3850 1.6046 32.6160 1.5512 0.4712
Car -1 -1 -1.5996 607.5587 176.6892 632.6592 199.9715 1.4364 1.5091 3.4482 0.9370 1.2026 45.3445 -1.5775 0.4406
Car -1 -1 -2.0148 873.1519 180.7589 947.7925 216.0054 1.5123 1.6381 3.8003 13.8362 1.5262 32.2910 -1.6120 0.1959
Car -1 -1 0.8557 1118.6154 186.4827 1224.0000 221.1206 1.4524 1.6783 4.1798 26.0149 1.7468 32.4986 1.5274 0.1887
Car -1 -1 1.6010 455.7429 185.7005 567.4809 296.7075 1.4660 1.5014 3.4508 -1.4691 1.5639 11.2882 1.4768 0.1712
Car -1 -1 1.7750 438.1424 173.9045 522.2622 236.5607 1.5798 1.5609 3.7524 -3.4078 1.4151 19.7267 1.6084 0.1415
