Pedestrian -1 -1 3.3719 110.0141 167.4204 228.7410 339.0242 1.7498 0.6074 0.9776 -4.7787 1.6948 7.7912 2.8363 0.9035
Pedestrian -1 -1 1.7809 208.8548 169.3572 253.8030 260.4904 1.7965 0.6568 0.7934 -7.7474 1.7279 14.6903 1.3026 0.3329
Car -1 -1 -0.5546 776.6721 183.3688 969.6132 254.6221 1.4153 1.5973 3.7055 5.6827 1.6640 15.8563 -0.2172 0.8742
Car -1 -1 1.9970 150.6342 189.6774 376.7023 305.0096 1.4523 1.6612 4.2169 -5.3945 1.7775 11.8129 1.5765 0.8492
Car -1 -1 1.8641 337.8478 186.6654 447.7601 257.9889 1.4719 1.5229 3.6850 -5.1638 1.8418 17.4528 1.5798 0.8348
Car -1 -1 -0.3706 733.9541 178.9972 905.3027 242.4860 1.5164 1.6445 3.8699 5.2337 1.6823 18.4351 -0.0990 0.8163
Car -1 -1 1.8014 438.9228 184.4584 503.7495 226.1324 1.3923 1.5476 3.8644 -5.1784 1.8611 27.1614 1.6142 0.7355
Car -1 -1 -0.0949 666.7986 175.3139 751.1551 207.9059 1.6438 1.7340 4.1893 5.0490 1.7752 37.4766 0.0374 0.6206
Car -1 -1 1.7798 470.6087 181.6747 519.1173 215.7826 1.4352 1.4932 3.5435 -5.2638 1.8623 33.1007 1.6228 0.4366
Car -1 -1 2.9581 677.5977 182.0728 805.1209 224.5043 1.4355 1.5915 4.2226 4.5449 1.7732 25.5804 3.1312 0.3550
Car -1 -1 -0.7723 896.2774 167.7873 1242.0000 347.5502 1.6337 1.6713 3.9232 5.2829 1.5880 7.7499 -0.1924 0.3238
Car -1 -1 1.7336 500.7994 177.9645 539.1750 206.1053 1.5633 1.6370 3.9797 -5.3257 1.8814 42.8348 1.6102 0.2820
Car -1 -1 1.7641 656.7984 175.4693 694.2411 201.0542 1.5222 1.6310 3.9264 4.1401 1.6950 45.4696 1.8539 0.1898
