Pedestrian -1 -1 0.3663 340.2440 154.6161 434.6763 312.3441 1.8150 0.6116 0.9242 -2.6140 1.4886 8.4716 0.0784 0.7877
Pedestrian -1 -1 2.9111 485.2140 161.6913 533.1949 253.4827 1.7130 0.5743 0.8055 -1.8488 1.3147 13.6003 2.7805 0.6720
Pedestrian -1 -1 3.1931 362.0918 158.2196 431.7019 304.5543 1.8105 0.6358 0.8300 -2.6941 1.5040 9.1445 2.9170 0.6431
Pedestrian -1 -1 1.9551 461.3507 161.0673 506.1213 245.9897 1.7520 0.6438 0.9219 -2.5735 1.2987 15.1016 1.7912 0.6363
Pedestrian -1 -1 1.4694 771.1243 143.1539 829.3121 291.0276 1.8551 0.6449 0.8587 2.5406 1.3553 9.3387 1.7277 0.5525
Pedestrian -1 -1 3.4247 222.8578 138.9391 359.5809 370.0000 1.8314 0.6052 0.8531 -2.4937 1.5040 5.6075 3.0274 0.3079
Pedestrian -1 -1 -1.1980 510.9168 162.2217 541.6251 220.9781 1.8310 0.6849 0.9234 -2.4670 1.1815 22.5646 -1.3037 0.2272
Cyclist -1 -1 2.1213 0.0000 30.7693 224.5518 370.0000 1.8346 0.5419 1.8313 -2.2291 1.4437 2.7484 1.4939 0.1889
Car -1 -1 -1.5990 575.6797 176.7301 657.3684 252.5133 1.4163 1.5285 3.3902 0.1889 1.2985 14.9142 -1.5852 0.7787
Car -1 -1 -1.6130 570.1966 172.1675 619.0073 216.0078 1.4784 1.6070 4.0284 -0.3958 1.1109 25.8950 -1.6264 0.6157
Car -1 -1 1.9912 219.6608 183.4828 306.2013 226.2507 1.4899 1.5603 3.6230 -12.6481 1.5063 26.4845 1.5519 0.5491
Car -1 -1 1.0944 439.8653 168.2672 519.6247 213.2363 1.8220 1.6830 4.2090 -5.4535 1.2221 30.8289 0.9228 0.4728
Car -1 -1 1.8719 403.3384 176.9894 445.3784 201.0371 1.4481 1.5391 3.6525 -11.1673 1.0809 44.4402 1.6292 0.3806
Car -1 -1 2.4207 0.0000 198.5161 56.5829 292.4377 1.4387 1.6133 4.0627 -13.0654 1.7827 13.6147 1.6690 0.3628
Car -1 -1 -1.4930 540.0122 169.8810 566.0161 193.1498 1.6583 1.6179 3.8705 -3.6430 0.7169 52.3291 -1.5603 0.2325
