Car -1 -1 -1.7288 696.5085 181.6609 804.8154 261.0470 1.4467 1.6116 4.1656 2.8552 1.6644 15.7083 -1.5533 0.9152
Car -1 -1 1.9626 121.0243 191.2844 426.2409 367.3885 1.4513 1.6189 4.2149 -3.5715 1.7226 8.4958 1.5748 0.8107
Car -1 -1 1.7428 484.1183 179.3730 546.2004 223.7294 1.4812 1.6124 4.0114 -3.4727 1.7415 26.7304 1.6142 0.7654
Car -1 -1 -2.0917 869.8519 188.7764 1242.0000 375.0000 1.4831 1.6834 4.3245 3.0657 1.6300 4.4389 -1.5189 0.7495
Car -1 -1 1.8277 341.3750 185.0674 483.8937 279.2426 1.4689 1.6085 4.0512 -3.6289 1.7373 13.8063 1.5745 0.7174
Car -1 -1 -1.6961 637.0540 175.5286 668.0555 199.0062 1.4839 1.5897 3.7652 2.7599 1.6693 47.9749 -1.6394 0.3583
Car -1 -1 2.4993 0.0000 201.1633 247.9691 375.0000 1.4898 1.5347 3.4541 -3.4571 1.6861 3.1729 1.7123 0.3496
Car -1 -1 1.7152 503.7277 178.7989 553.2172 215.4609 1.4709 1.5945 4.0019 -3.5469 1.7485 31.6281 1.6039 0.3200
Car -1 -1 1.6315 535.5763 177.0762 566.2889 204.6728 1.4985 1.5470 3.6525 -3.3996 1.7530 41.5829 1.5500 0.2295
Car -1 -1 -0.0993 677.4141 174.2088 722.6750 190.8881 1.4886 1.6382 3.9249 8.1150 1.6134 65.4003 0.0232 0.1729
