Car -1 -1 -1.4148 409.7316 177.8019 517.6410 265.1525 1.6366 1.6721 4.1187 -3.1067 1.7599 15.8400 -1.6062 0.8712
Car -1 -1 2.0762 199.9102 191.0043 335.4203 251.3573 1.4335 1.6473 4.1769 -9.6164 2.0052 20.5666 1.6433 0.8493
Car -1 -1 -1.5158 581.6099 181.3615 670.4202 267.7489 1.4543 1.5465 3.3617 0.3539 1.6428 14.2217 -1.4926 0.8113
Car -1 -1 -1.5056 624.6760 175.4405 669.4266 215.4805 1.5353 1.6166 3.6800 1.5442 1.6495 29.8329 -1.4551 0.5639
Car -1 -1 1.9665 394.3709 183.5020 457.5310 217.9613 1.4759 1.5856 3.6830 -8.6473 2.0072 34.0370 1.7191 0.4659
Car -1 -1 -1.5829 722.8672 173.3444 745.3398 194.1789 1.4609 1.5597 3.8601 9.0085 1.4985 52.7151 -1.4149 0.2029
Car -1 -1 1.9655 484.9557 180.1464 534.0850 206.3119 1.4990 1.5902 4.0157 -6.1948 1.9726 44.6734 1.8281 0.1935
Car -1 -1 1.6681 558.3748 178.7484 581.4503 197.0438 1.4452 1.5580 3.8564 -3.3384 1.9535 60.2153 1.6126 0.1776
Car -1 -1 2.0107 210.8196 193.4137 264.4768 218.9489 1.4701 1.6136 3.7828 -23.9800 2.8514 46.5427 1.5369 0.1746
Car -1 -1 2.5872 21.7027 198.6638 121.3644 229.6253 1.4459 1.6881 4.1118 -29.4947 2.9430 39.6197 1.9503 0.1332
