Pedestrian -1 -1 1.7727 1111.7052 175.4201 1170.3599 296.3551 1.6315 0.5404 0.7475 7.4602 1.6698 10.2034 2.3896 0.2507
Pedestrian -1 -1 -0.4482 1124.3431 131.8587 1242.0000 375.0000 1.9419 0.6485 0.8427 4.6129 1.6436 5.6588 0.2095 0.1759
Pedestrian -1 -1 -1.7240 175.4151 153.6036 276.8217 375.0000 1.7442 0.6270 0.5388 -3.0491 1.6053 5.6180 -2.2027 0.1273
Pedestrian -1 -1 -0.0993 1115.6038 132.3050 1241.8934 368.2001 1.9744 0.5880 0.8237 5.0291 1.6354 6.4997 0.5366 0.1211
Car -1 -1 0.3432 747.3882 183.2885 913.1741 243.4393 1.3807 1.5573 3.8654 5.6763 1.6806 18.9397 0.6294 0.8255
Car -1 -1 0.3364 790.0707 177.8002 944.3063 236.4011 1.5250 1.6138 3.9025 7.3522 1.6815 20.9290 0.6691 0.6453
Car -1 -1 0.0941 965.5800 177.6507 1050.6860 206.1782 1.4672 1.6085 3.9485 21.7205 1.7417 39.4728 0.5936 0.3744
Car -1 -1 0.2215 836.3945 181.0867 976.4406 231.8332 1.4384 1.5498 3.8412 9.2520 1.7179 22.7368 0.6028 0.2920
Car -1 -1 -1.3228 1108.2120 181.4407 1242.0000 307.8108 1.5581 1.6473 3.8043 9.1904 1.7100 10.9317 -0.6377 0.2117
Car -1 -1 0.1239 932.6694 182.4795 1033.7690 213.3074 1.3710 1.5968 4.2061 18.0702 1.8639 35.0766 0.5957 0.1590
