Pedestrian -1 -1 1.7995 387.8366 157.7508 449.5855 293.2413 1.8973 0.6875 0.8928 -2.7237 1.5436 10.3484 1.5507 0.4120
Pedestrian -1 -1 2.3800 625.3070 169.5234 649.0687 219.0217 1.7694 0.5816 0.6375 1.2220 1.2852 25.6985 2.4285 0.1490
Cyclist -1 -1 2.1249 96.6666 187.3633 147.9864 238.7828 1.6718 0.5388 1.8621 -16.3619 1.8238 24.0790 1.5357 0.1475
Car -1 -1 -1.6006 525.9797 181.4642 578.2341 229.8080 1.4353 1.5543 3.4479 -1.7180 1.3879 22.7815 -1.6733 0.8214
Car -1 -1 1.2703 321.6073 179.6846 433.7022 253.7773 1.7227 1.6622 4.1190 -6.0572 1.6445 18.5987 0.9619 0.6837
Car -1 -1 2.0672 280.8745 187.9728 360.8510 227.7040 1.5148 1.5365 3.5975 -11.6100 1.7306 29.2927 1.6952 0.5421
Car -1 -1 -1.4269 511.6735 178.7448 554.9871 210.8732 1.4886 1.5966 3.6473 -3.3634 1.2878 34.6166 -1.5212 0.5180
Car -1 -1 2.3489 0.0000 205.1548 110.6428 290.1869 1.4400 1.6425 3.9615 -12.8431 1.9751 15.0699 1.6549 0.5178
Car -1 -1 -0.0116 599.8897 170.4800 696.4790 207.8800 1.6726 1.7400 4.3263 2.0548 1.1092 32.5988 0.0524 0.3846
Car -1 -1 2.3465 1185.6163 146.7117 1226.0000 202.8242 1.5334 1.6466 4.0890 19.3240 0.5402 20.2185 3.1030 0.3436
Car -1 -1 1.6426 563.5120 175.6427 588.8792 196.6400 1.4861 1.5911 3.7731 -1.9157 0.9590 51.9538 1.6077 0.2363
Car -1 -1 2.0263 34.3567 198.6817 148.1499 250.4338 1.4852 1.5871 3.6293 -16.7797 2.0434 23.3583 1.4112 0.1411
