Pedestrian -1 -1 2.5245 764.5620 171.4726 831.4016 296.3880 1.6206 0.6339 0.6212 2.4832 1.6031 9.7673 2.7651 0.3338
Cyclist -1 -1 1.1054 748.8843 173.8977 842.2064 304.4086 1.6458 0.5180 1.7078 2.4689 1.6619 10.0011 1.3393 0.3578
Cyclist -1 -1 2.1770 227.9647 137.1116 412.3646 374.2223 1.8001 0.5520 1.8456 -2.5369 1.5291 6.4372 1.8144 0.1921
Car -1 -1 -0.5094 922.1904 181.3043 1070.2548 232.9193 1.5130 1.6296 3.7151 11.8130 1.7847 22.2985 -0.0283 0.8422
Car -1 -1 -1.3917 440.7726 173.1876 537.4442 247.5275 1.6119 1.6291 4.0027 -2.8783 1.6214 17.6775 -1.5515 0.8381
Car -1 -1 -2.0693 914.7555 191.7482 1242.0000 375.0000 1.4269 1.5407 3.4949 4.1769 1.6467 6.5988 -1.5261 0.8138
Car -1 -1 -1.3312 336.4905 188.0047 494.5067 298.2108 1.3625 1.5063 3.6415 -2.8853 1.6374 11.2459 -1.5776 0.7959
Car -1 -1 -1.7475 687.2220 174.4171 749.7569 218.7106 1.6308 1.7249 4.2586 4.2085 1.6984 28.8724 -1.6048 0.7169
Car -1 -1 -1.3764 490.6712 176.4839 562.1141 224.1408 1.4738 1.6421 4.2633 -2.8210 1.6101 24.8361 -1.4890 0.6874
Car -1 -1 -1.9502 769.0161 186.1107 966.0218 291.9091 1.3930 1.5797 4.2123 4.0210 1.6570 12.1933 -1.6398 0.6669
Car -1 -1 2.1332 0.0000 117.6103 424.3868 375.0000 1.8331 1.7720 4.3173 -2.9960 1.5957 5.3178 1.6403 0.2615
Car -1 -1 -1.4244 548.8069 175.2423 583.5738 201.3518 1.5138 1.5931 3.7571 -2.6688 1.6667 44.1263 -1.4849 0.2510
Car -1 -1 -1.5868 657.5388 177.7973 678.8674 197.7322 1.4203 1.5294 3.4585 4.3079 1.8032 54.0600 -1.5081 0.2508
Car -1 -1 2.6793 842.5988 177.7227 942.9429 210.6440 1.4000 1.5754 3.8360 12.4326 1.6223 31.9312 3.0470 0.1936
