Car -1 -1 -3.1681 694.3671 179.3266 792.4752 217.8500 1.4618 1.5981 3.7482 5.2399 1.7303 28.8091 -2.9906 0.8362
Car -1 -1 -3.6022 1026.4417 178.2373 1183.0228 222.6824 1.5735 1.7885 4.5129 18.3496 1.7842 27.0091 -3.0110 0.7839
Car -1 -1 3.1423 453.2054 178.7926 551.7998 217.2781 1.4949 1.6574 3.8726 -4.4130 1.7469 29.4681 2.9944 0.7837
Car -1 -1 2.9294 194.7237 181.5762 334.9775 225.2589 1.4255 1.6510 4.3699 -12.5701 1.7681 26.3206 2.4875 0.7422
Car -1 -1 1.4216 807.2099 178.2268 872.8011 221.2870 1.4841 1.7338 4.3790 8.6941 1.7080 27.7327 1.7218 0.2446
Car -1 -1 1.3633 626.9424 177.1760 692.0764 218.2590 1.4787 1.7011 4.3525 1.8371 1.6648 28.7230 1.4258 0.1756
Car -1 -1 0.7353 1185.3447 184.9250 1242.0000 222.5932 1.4649 1.5931 3.9527 27.5448 2.0256 31.4340 1.4497 0.1460
Car -1 -1 1.3066 855.2973 178.8773 931.6567 222.4088 1.4998 1.6569 4.1541 10.6882 1.7485 27.6011 1.6719 0.1355
Car -1 -1 1.9624 1174.9240 170.8883 1240.1135 196.9287 1.4391 1.5799 3.7640 34.3075 1.3308 41.4567 2.6500 0.1322
Car -1 -1 1.8557 193.0315 184.6551 228.8568 203.0105 1.4035 1.5659 3.8980 -33.1041 2.4175 59.9042 1.3525 0.1098
