Car -1 -1 -1.9906 752.4742 184.8771 1098.0981 375.0000 1.4699 1.6416 4.3521 2.9338 1.6407 7.9894 -1.6518 0.9184
Car -1 -1 -1.7839 686.3693 184.7611 818.5969 279.5272 1.4271 1.5518 3.7516 2.3955 1.6775 13.2461 -1.6100 0.8699
Car -1 -1 0.1792 228.5660 186.8011 432.4461 250.8983 1.4060 1.6788 4.3950 -6.6856 1.7697 17.5744 -0.1799 0.8542
Car -1 -1 -1.6727 641.8241 182.6633 703.0173 230.5455 1.4089 1.5886 4.3363 1.9672 1.7695 24.3100 -1.5937 0.8122
Car -1 -1 3.6740 0.0000 189.6897 245.8157 347.3134 1.4313 1.6301 4.1041 -6.5026 1.6412 7.8791 3.0004 0.7716
Car -1 -1 3.2669 305.7623 184.2169 449.0133 232.1627 1.4363 1.6612 4.2390 -7.4644 1.8237 23.3786 2.9606 0.6507
Car -1 -1 -1.6259 624.2743 182.0255 668.6583 220.0955 1.4190 1.5955 4.0695 1.4082 1.8256 29.9173 -1.5801 0.5963
Car -1 -1 -1.7017 610.0795 180.6496 653.4485 213.7209 1.4717 1.5956 3.9182 0.9642 1.8732 35.0945 -1.6751 0.4270
Car -1 -1 3.1922 388.5351 181.5763 477.3174 213.5699 1.4462 1.6102 4.0246 -8.4195 1.8768 34.4168 2.9536 0.4082
Car -1 -1 1.6343 520.2613 180.6633 544.4952 201.2480 1.4631 1.5884 3.8360 -5.8799 2.0768 54.7135 1.5274 0.2906
Car -1 -1 -2.2568 0.0000 204.0622 103.1420 375.0000 1.4291 1.6038 3.9638 -6.0786 1.6814 4.9699 -3.1157 0.2538
Car -1 -1 1.6665 426.6634 184.3269 476.6448 227.5951 1.4380 1.4744 3.5880 -5.8689 1.8949 26.8371 1.4527 0.2242
