Pedestrian -1 -1 -1.6355 411.5131 176.9025 423.3410 208.0921 1.7453 0.5957 0.8483 -10.9802 1.9785 40.9985 -1.8959 0.2615
Car -1 -1 -2.0488 912.0176 176.4674 1194.5457 309.5958 1.4384 1.5644 3.8563 5.6161 1.4978 9.8472 -1.5440 0.9041
Car -1 -1 -2.5666 469.1744 179.1174 563.2568 214.2874 1.4931 1.6579 3.9797 -4.3112 1.7922 32.8056 -2.6968 0.8713
Car -1 -1 3.0261 277.4864 185.9500 391.8448 224.4223 1.4657 1.6806 4.3426 -11.6302 2.0499 30.4196 2.6635 0.8380
Car -1 -1 1.8877 428.7975 182.0705 478.5445 208.0990 1.4204 1.6568 4.2675 -9.3119 2.0001 43.1455 1.6760 0.7072
Car -1 -1 2.5737 963.1823 157.7323 1090.4014 200.0259 1.5282 1.6152 3.8613 15.4785 0.9822 26.9761 3.0897 0.6426
Car -1 -1 2.7300 0.0000 185.9952 92.8220 250.5431 1.6535 1.6535 4.1217 -18.2435 2.0875 21.5946 2.0345 0.5853
Car -1 -1 -1.7153 641.5806 172.3425 678.4247 199.3510 1.5940 1.6803 4.1883 3.0162 1.5642 44.7349 -1.6488 0.5682
Car -1 -1 2.6925 95.4503 189.3608 242.8752 234.6627 1.4127 1.6286 4.3228 -16.0324 2.0685 26.3943 2.1508 0.5596
Car -1 -1 -0.4824 1042.3745 152.0539 1203.9768 196.9972 1.4316 1.6045 4.1169 16.9331 0.7694 24.0350 0.1256 0.4536
Car -1 -1 2.9057 173.9382 185.0173 286.9304 226.7526 1.5994 1.6870 3.9775 -16.1519 2.1505 30.7230 2.4249 0.4109
