Car -1 -1 -1.7484 707.4665 182.2287 861.6191 295.4937 1.4394 1.5924 4.1470 2.5326 1.6179 11.6107 -1.5400 0.9048
Car -1 -1 1.7344 470.3560 179.1078 538.3563 230.7118 1.4718 1.5506 3.6610 -3.3093 1.6864 22.8700 1.5917 0.8341
Car -1 -1 3.4416 201.3337 184.0542 396.3319 250.3444 1.4090 1.6104 3.8264 -7.1002 1.6833 16.6557 3.0439 0.8213
Car -1 -1 -1.7107 671.2875 178.0866 763.2990 249.3785 1.4361 1.5556 3.6772 2.3089 1.5706 16.6452 -1.5761 0.8160
Car -1 -1 -1.9677 800.1905 188.7143 1242.0000 375.0000 1.4677 1.6300 4.1772 2.8137 1.6441 5.8980 -1.5432 0.7608
Car -1 -1 0.6275 0.0000 190.0445 301.6508 338.3570 1.4749 1.6792 4.3351 -6.0939 1.6914 8.2192 0.0046 0.6321
Car -1 -1 -1.6819 658.0073 177.2854 724.5607 233.3829 1.4719 1.5160 3.4649 2.2328 1.6116 20.9418 -1.5779 0.6038
Car -1 -1 3.4208 252.2345 173.7009 436.4545 237.5120 1.6504 1.7363 4.4104 -7.1722 1.6751 19.6984 3.0755 0.5947
Car -1 -1 -1.6426 641.8442 177.8415 690.7529 220.7557 1.4763 1.5524 3.6042 2.0057 1.6760 27.0407 -1.5700 0.4072
Car -1 -1 -1.6500 630.3419 176.0732 671.1647 211.1282 1.4851 1.5563 3.5392 1.7568 1.6393 32.6840 -1.5973 0.3384
Car -1 -1 2.4423 0.0000 202.4655 120.7189 375.0000 1.4523 1.6057 4.0609 -5.2994 1.7198 4.4530 1.5999 0.3350
Car -1 -1 3.3491 374.1160 176.7378 486.9778 218.1461 1.5842 1.6889 4.0937 -7.1062 1.7439 28.6866 3.1080 0.3284
Car -1 -1 0.4921 0.0000 191.9184 272.4502 301.5184 1.4004 1.5116 3.7108 -7.1624 1.7021 10.4713 -0.0963 0.2560
