Car -1 -1 -1.8805 744.5047 178.4566 992.3605 337.7246 1.5104 1.5919 4.0471 2.8316 1.5966 9.0190 -1.5868 0.8779
Car -1 -1 -2.4857 0.0000 203.9580 248.5586 316.3180 1.3961 1.6131 3.8281 -7.5376 1.8795 10.3253 -3.1043 0.8352
Car -1 -1 -2.6529 193.7950 183.6723 392.8458 255.2774 1.5406 1.6696 3.9279 -7.3384 1.8080 16.8151 -3.0591 0.7676
Car -1 -1 -1.5221 588.6204 175.6853 622.6314 207.2480 1.5891 1.6385 3.8807 -0.2257 1.7488 38.6511 -1.5285 0.7545
Car -1 -1 3.6147 34.7901 196.4346 330.4167 286.6115 1.4187 1.6293 4.2202 -7.4101 1.8650 12.7336 3.0963 0.7492
Car -1 -1 3.3972 316.5577 181.9448 450.5490 229.1667 1.5021 1.6532 4.0017 -7.5607 1.8191 24.2152 3.0972 0.7216
Car -1 -1 0.2970 277.9102 183.0656 425.1794 235.1695 1.4754 1.6178 3.8579 -7.7175 1.7950 21.6656 -0.0418 0.6229
Car -1 -1 0.1743 384.4750 178.3033 491.2492 216.2845 1.5886 1.7126 4.2924 -7.4686 1.8338 31.4359 -0.0576 0.6013
Car -1 -1 -2.2854 910.6319 186.8273 1242.0000 375.0000 1.4728 1.6116 3.8499 2.8838 1.5714 3.1318 -1.5877 0.5916
Car -1 -1 0.0617 425.2837 179.8507 504.7871 208.7257 1.4973 1.6653 4.1233 -7.8215 1.8871 39.0506 -0.1351 0.3441
Car -1 -1 -2.6134 447.4148 180.4516 518.8406 205.7565 1.4178 1.6138 3.8800 -7.5403 1.8830 42.7113 -2.7875 0.2653
Car -1 -1 0.1642 386.7236 171.3939 440.7772 191.5239 1.5233 1.5994 3.8083 -15.1083 1.4132 55.5857 -0.1003 0.2363
