Car -1 -1 2.2112 0.0000 190.0574 194.7213 268.9969 1.5313 1.7660 4.4764 -12.2008 1.9970 17.2467 1.6025 0.8860
Car -1 -1 -1.3454 482.4852 182.4553 573.1774 240.4803 1.4554 1.6702 4.4888 -2.3265 1.7688 21.1918 -1.4542 0.8755
Car -1 -1 -1.5363 577.9756 176.0472 612.1536 207.2649 1.5303 1.6563 3.8791 -0.7719 1.7062 37.7172 -1.5571 0.7415
Car -1 -1 2.6241 863.3967 160.6186 1068.5140 230.9412 1.7080 1.7698 4.4495 9.0094 1.4112 18.5660 3.0692 0.7304
Car -1 -1 2.0193 234.9696 190.5126 305.5208 225.2372 1.4066 1.5223 3.5062 -15.3905 2.2523 32.7786 1.5831 0.7174
Car -1 -1 2.0341 992.1053 165.6618 1215.8890 259.1392 1.4287 1.6174 4.1428 8.7317 1.3191 12.7535 2.6233 0.6218
Car -1 -1 2.0893 149.5531 192.8708 251.8741 236.3418 1.4069 1.5893 3.9419 -15.3057 2.2154 27.1491 1.5799 0.5879
Car -1 -1 1.9236 1103.6749 164.4013 1242.0000 293.6384 1.4686 1.6279 4.0360 8.6844 1.3729 9.8960 2.6288 0.4211
Car -1 -1 1.9162 412.0788 184.7434 449.0125 205.1591 1.4485 1.5704 3.7638 -13.7637 2.3942 55.4173 1.6735 0.3748
Car -1 -1 -1.6164 705.6102 170.1417 734.5234 196.1563 1.6336 1.6819 4.0416 7.1585 1.4636 47.4027 -1.4678 0.2198
