Car -1 -1 -0.2398 188.0246 182.3634 456.9307 289.4078 1.4278 1.5974 3.7748 -4.6228 1.6048 11.6654 -0.6100 0.8796
Car -1 -1 -1.7619 726.0779 179.9005 885.4837 292.0591 1.4671 1.6429 4.1973 2.9242 1.6039 11.8366 -1.5265 0.7807
Car -1 -1 2.9092 301.7711 176.2107 499.3134 244.9946 1.4655 1.6479 4.2907 -5.0302 1.5547 17.3119 2.6300 0.7447
Car -1 -1 -1.7077 679.5507 158.5276 776.5253 239.9785 1.9126 1.8720 4.7265 2.9525 1.5765 19.3141 -1.5591 0.5881
Car -1 -1 -1.6815 632.3488 175.1128 668.2670 203.0769 1.5058 1.6177 3.8384 2.2165 1.6410 41.1288 -1.6285 0.5647
Car -1 -1 -0.2475 245.1040 175.8191 478.9593 264.3792 1.5041 1.6553 4.0666 -4.8560 1.5701 14.1698 -0.5726 0.4738
Car -1 -1 2.8376 400.7242 177.2947 529.6185 221.8755 1.4729 1.6398 4.2450 -5.2209 1.6436 25.9223 2.6403 0.4436
Car -1 -1 -1.6831 664.3073 177.4861 709.9719 212.8609 1.4158 1.5356 3.7730 3.2428 1.6291 31.2662 -1.5813 0.3995
Car -1 -1 2.7301 381.0312 178.5569 519.1636 229.8395 1.4620 1.5887 3.9515 -5.0435 1.6566 22.7716 2.5140 0.3602
Car -1 -1 2.7207 453.1845 173.6144 537.9888 207.2383 1.6265 1.6566 3.9331 -5.8427 1.6675 36.7489 2.5637 0.3095
Car -1 -1 -1.6640 617.7815 174.0509 648.3732 198.9513 1.5152 1.5919 3.8307 1.4019 1.5952 46.0530 -1.6342 0.2869
Car -1 -1 -0.2747 446.8281 178.1379 543.8307 214.5747 1.4879 1.6036 3.8871 -5.0338 1.7299 31.4523 -0.4326 0.2362
