Car -1 -1 -1.8976 732.8594 180.7846 900.8077 284.7874 1.4062 1.5117 3.5693 3.1500 1.5573 11.8693 -1.6453 0.9009
Car -1 -1 -1.7836 638.0585 174.5003 719.1666 228.7841 1.4774 1.6016 4.0071 1.9255 1.5324 21.8501 -1.6976 0.8915
Car -1 -1 3.2527 0.0000 175.9771 302.1247 375.0000 1.5283 1.6714 4.1719 -5.2601 1.5651 6.6393 2.6019 0.7416
Car -1 -1 -1.6980 617.4053 172.6193 673.5728 217.3157 1.5373 1.5927 3.7854 1.2023 1.5296 26.7669 -1.6542 0.6977
Car -1 -1 -0.0833 137.9751 176.9843 427.7796 282.7006 1.4795 1.6445 4.1114 -5.3294 1.5579 11.9292 -0.4958 0.6200
Car -1 -1 2.8784 263.4114 167.9799 456.0781 244.7275 1.6631 1.6839 4.1176 -6.0528 1.5578 17.4806 2.5492 0.5349
Car -1 -1 -1.8101 600.2120 169.8588 658.0605 206.8281 1.5518 1.6566 4.1168 0.7478 1.4264 32.4725 -1.7878 0.3986
Car -1 -1 2.7201 317.3518 171.8805 487.1368 233.2806 1.5519 1.6477 4.2769 -5.7884 1.5276 20.2383 2.4445 0.2378
Car -1 -1 3.9295 0.0000 208.3432 160.1845 375.0000 1.4274 1.5931 3.7927 -4.9960 1.6726 4.0480 3.0720 0.2328
Car -1 -1 2.4483 372.2546 173.7584 489.3412 221.2697 1.5441 1.5769 3.9218 -6.3058 1.5791 25.5701 2.2085 0.1371
