Pedestrian -1 -1 2.1997 295.1084 153.2658 403.6042 333.9265 1.8459 0.6801 0.9721 -2.8147 1.5424 7.7827 1.8664 0.6503
Pedestrian -1 -1 0.8408 329.5024 142.0433 451.7050 360.7800 1.8089 0.6160 0.8890 -1.9542 1.4707 6.3374 0.5562 0.3299
Pedestrian -1 -1 1.7617 458.4402 162.5109 498.6968 250.5816 1.8551 0.7239 0.7664 -2.7159 1.4226 15.2778 1.5907 0.2439
Pedestrian -1 -1 2.0652 93.6908 178.4545 149.8911 266.8066 1.8449 0.6967 0.8068 -10.3632 1.7491 15.1924 1.4776 0.1782
Pedestrian -1 -1 2.1316 667.8777 163.5646 692.8328 209.6147 1.8357 0.6522 0.8571 3.1290 1.0580 28.7189 2.2406 0.1141
Car -1 -1 2.1196 217.0194 187.4987 318.4831 228.9175 1.4065 1.5948 3.9410 -12.4476 1.5851 26.4891 1.6865 0.8551
Car -1 -1 -1.6732 545.8947 175.6323 615.3073 233.9820 1.4694 1.5634 3.4681 -0.7310 1.2825 19.6246 -1.7083 0.8424
Car -1 -1 -1.6604 527.2139 175.8695 569.8420 210.6323 1.4542 1.5604 3.8069 -2.4973 1.1528 31.5797 -1.7368 0.7166
Car -1 -1 1.2059 383.9811 172.4161 473.6256 229.0894 1.7153 1.6185 3.8478 -5.8707 1.3931 23.4375 0.9652 0.6911
Car -1 -1 -1.4824 572.0834 171.2208 595.6821 190.0830 1.4600 1.5624 3.7185 -1.4731 0.5412 56.6317 -1.5064 0.1110
