Car -1 -1 1.8031 403.5238 192.4164 528.0672 274.7698 1.4256 1.6685 4.3815 -3.0173 1.9140 15.7719 1.6162 0.8918
Car -1 -1 1.0442 992.0438 180.6324 1173.3408 250.4825 1.4232 1.6697 4.2539 11.0356 1.6336 17.3305 1.6029 0.8517
Car -1 -1 -2.0118 900.6957 179.6799 1009.5685 228.3474 1.4196 1.5856 4.1003 11.1268 1.6634 23.6763 -1.5779 0.7249
Car -1 -1 1.2429 803.4973 181.3620 863.0549 212.6977 1.4102 1.5907 3.9670 10.8882 1.8536 35.5677 1.5371 0.7113
Car -1 -1 1.7032 538.1176 187.7105 577.5197 218.0869 1.4167 1.5543 3.8178 -2.6991 2.2296 37.5098 1.6312 0.4849
Car -1 -1 -2.1774 1045.3423 174.2760 1164.0568 222.0884 1.4745 1.5433 3.4718 16.3397 1.5258 24.1018 -1.5877 0.4384
Car -1 -1 2.8044 783.1476 179.8939 858.7186 206.3606 1.4605 1.6093 3.8243 11.9772 1.8719 41.2107 3.0849 0.1964
Car -1 -1 1.9231 347.2640 184.4792 378.7043 201.5219 1.4617 1.5309 3.7618 -22.7018 2.5621 66.3716 1.5944 0.1824
Car -1 -1 -2.0086 846.3401 179.0639 897.3144 204.7329 1.4940 1.5757 3.6161 16.1542 1.8958 44.7722 -1.6649 0.1553
Car -1 -1 1.1836 876.4267 178.2397 933.3017 207.3564 1.5046 1.5224 3.9447 16.2298 1.8182 39.9883 1.5661 0.1215
