Pedestrian -1 -1 0.8019 467.6540 158.0356 520.4951 246.9917 1.8611 0.5781 1.0315 -2.4494 1.3928 15.3298 0.6485 0.7873
Pedestrian -1 -1 -1.1227 611.3027 159.1407 657.1659 246.5760 1.7772 0.6372 0.9099 0.5841 1.3447 14.9179 -1.0826 0.7731
Pedestrian -1 -1 -1.8564 408.8434 159.0651 450.1216 253.5053 1.8115 0.5619 0.9307 -3.5513 1.4020 14.1006 -2.0960 0.7277
Pedestrian -1 -1 0.8609 443.7772 158.5612 496.8461 250.2169 1.8225 0.5573 1.0034 -2.8245 1.3879 14.5855 0.6755 0.6205
Pedestrian -1 -1 -1.7073 735.4537 167.8046 762.4634 230.2730 1.6566 0.6029 0.8631 3.8649 1.3215 19.1942 -1.5101 0.5821
Pedestrian -1 -1 0.6339 450.8101 157.9161 500.6919 239.5797 1.8167 0.5524 0.9895 -2.9989 1.3159 16.1904 0.4561 0.1158
Pedestrian -1 -1 1.5723 365.0900 163.2176 380.6271 206.8149 1.8386 0.6248 0.7707 -9.9602 1.1113 30.2762 1.2595 0.1104
Car -1 -1 -2.2318 1030.3556 182.9891 1153.7998 228.3349 1.4063 1.5246 3.6217 16.3435 1.4988 23.9845 -1.6383 0.8156
Car -1 -1 0.9474 1100.3881 183.1393 1224.0000 228.9308 1.4390 1.5997 3.9619 19.2434 1.5393 24.4553 1.6092 0.7112
Car -1 -1 -1.5482 535.4730 174.0168 567.1516 203.0806 1.4437 1.5633 3.7094 -2.7805 1.1231 37.0079 -1.6208 0.6674
Car -1 -1 -2.0991 958.8528 180.2261 1066.5378 227.6120 1.4996 1.5925 3.5467 13.7680 1.4925 24.1554 -1.5852 0.6524
Car -1 -1 -1.6243 600.3380 174.4728 633.9714 203.5887 1.4531 1.5716 3.5737 0.5838 1.1538 37.0972 -1.6070 0.2645
Car -1 -1 -1.7293 701.5974 173.4525 773.7473 229.5898 1.5209 1.5598 3.3294 3.7906 1.3316 20.8313 -1.5503 0.1076
