Car -1 -1 -1.4001 446.1936 171.9050 533.8884 240.6117 1.6471 1.6406 4.0172 -3.1377 1.6247 19.3118 -1.5597 0.8565
Car -1 -1 -1.3118 307.7754 161.6310 483.5287 296.7389 1.7574 1.6473 3.8563 -3.1803 1.6117 11.3185 -1.5805 0.7997
Car -1 -1 -1.8243 677.2785 177.5334 736.4130 214.6520 1.3998 1.5410 3.5414 3.8538 1.6037 29.5280 -1.6964 0.7876
Car -1 -1 2.1691 17.6089 173.1982 169.4216 229.0173 1.5071 1.6659 4.0584 -15.2551 1.5187 21.5433 1.5587 0.7827
Car -1 -1 -1.1202 0.0000 186.6050 417.1913 375.0000 1.4087 1.5237 3.6591 -2.9698 1.5611 6.1315 -1.5554 0.7718
Car -1 -1 -2.2571 988.2812 194.9253 1242.0000 375.0000 1.4588 1.6423 4.0536 4.0577 1.6549 4.3455 -1.5402 0.5229
Car -1 -1 2.0741 133.7899 174.0328 245.8119 216.6512 1.4691 1.7245 4.3933 -15.7149 1.5175 27.2023 1.5543 0.5197
Car -1 -1 -1.7180 669.2365 175.4064 713.3257 208.3579 1.4592 1.5530 3.4994 3.7391 1.5861 34.0025 -1.6099 0.4838
Car -1 -1 -1.3977 489.0728 176.0916 550.6043 221.7702 1.5019 1.5848 3.6024 -3.1959 1.6264 25.8209 -1.5202 0.4227
Car -1 -1 -1.5165 544.3510 174.0947 570.4790 197.2590 1.5464 1.6118 3.8778 -3.6618 1.6366 50.3278 -1.5892 0.4171
Car -1 -1 2.6303 889.0988 182.6197 986.6948 216.0173 1.5686 1.6829 4.0723 16.0543 2.0634 35.5062 3.0512 0.4002
