Pedestrian -1 -1 1.6857 718.4963 165.6459 751.2077 245.0535 1.7963 0.6538 0.9615 2.8788 1.6336 16.8719 1.8509 0.5908
Pedestrian -1 -1 -0.0226 617.4120 173.9082 629.8989 199.5667 1.7558 0.6368 0.8450 0.9088 1.8293 49.7191 -0.0049 0.1515
Car -1 -1 -2.0961 824.4349 194.9956 1119.4401 351.4571 1.3641 1.4918 3.4802 3.9307 1.6845 8.6131 -1.6820 0.8906
Car -1 -1 -1.8440 769.6107 188.1404 916.8151 284.7000 1.4169 1.5325 3.5824 3.9535 1.7301 12.9588 -1.5553 0.8720
Car -1 -1 -1.4972 503.4932 177.3241 549.6896 216.6944 1.4870 1.6105 3.7084 -3.3991 1.6822 29.5621 -1.6112 0.8430
Car -1 -1 -1.7291 669.7595 180.0180 715.3929 211.2127 1.4186 1.5955 4.2073 4.0094 1.7970 35.9320 -1.6194 0.7808
Car -1 -1 -1.0420 0.0000 188.8608 377.1704 375.0000 1.4555 1.5297 3.5776 -3.0836 1.6104 5.1650 -1.5588 0.7595
Car -1 -1 2.2570 0.0000 173.2499 98.6687 236.6576 1.4600 1.5821 3.6334 -15.2105 1.4715 18.4540 1.5746 0.6576
Car -1 -1 2.0651 171.1406 174.6895 262.5705 214.6511 1.4636 1.5856 3.7049 -15.4268 1.5411 28.4473 1.5719 0.5513
Car -1 -1 -1.5380 538.1304 176.4680 568.6863 204.1594 1.4842 1.6126 3.9451 -3.2239 1.7010 41.2008 -1.6161 0.4696
Car -1 -1 -1.8282 729.1619 179.5384 842.0848 250.2257 1.5275 1.6871 4.1820 4.1982 1.7153 18.1082 -1.6049 0.2598
