Pedestrian -1 -1 1.3747 701.0575 155.3804 743.4498 256.6152 1.8157 0.6126 0.8735 2.1212 1.3668 13.1245 1.5330 0.7994
Pedestrian -1 -1 1.0806 734.5159 153.1290 806.4368 292.3147 1.7656 0.5911 0.8700 2.1503 1.4200 9.4623 1.2987 0.7861
Pedestrian -1 -1 2.2195 485.5791 161.7955 531.4975 241.3783 1.7925 0.5814 0.9898 -2.2806 1.3728 16.4940 2.0865 0.7161
Pedestrian -1 -1 1.8748 475.2762 160.1071 511.0507 237.6565 1.8299 0.6183 0.8926 -2.7442 1.3503 17.1661 1.7209 0.7055
Pedestrian -1 -1 0.9201 765.7805 155.5033 837.9703 285.0355 1.7439 0.5705 0.8715 2.7305 1.4090 10.0256 1.1799 0.7018
Pedestrian -1 -1 1.9254 521.0808 160.4530 559.7166 237.8420 1.8420 0.6432 0.9875 -1.6160 1.3664 17.3845 1.8361 0.6906
Pedestrian -1 -1 -1.6705 422.1917 164.3087 458.6075 258.1468 1.7245 0.5949 0.8773 -3.1949 1.4286 13.4992 -1.8959 0.6648
Pedestrian -1 -1 -0.9361 344.9009 150.4334 410.9379 270.8435 1.8315 0.6152 0.8500 -3.6470 1.3758 11.2517 -1.2395 0.5474
Pedestrian -1 -1 -1.7902 909.4277 151.6017 992.5023 316.6652 1.6548 0.6189 0.8147 3.6174 1.3668 7.5471 -1.3575 0.5134
Pedestrian -1 -1 0.4020 547.2987 162.1601 579.5242 217.7811 1.8535 0.6090 0.9280 -1.4383 1.2439 24.0005 0.3447 0.3407
Car -1 -1 2.4061 0.0000 164.4871 101.3730 241.5256 1.5560 1.6888 4.1341 -14.2383 1.2342 16.4366 1.7037 0.1590
Car -1 -1 2.5663 523.4679 180.7862 818.1679 312.1122 1.5156 1.6367 3.7742 0.8943 1.5219 9.7658 2.6564 0.1363
