Car -1 -1 -1.4017 435.9629 182.1370 538.0793 262.0321 1.5997 1.6757 4.1336 -2.8014 1.8454 16.9987 -1.5634 0.8683
Car -1 -1 -1.5321 574.4011 186.0244 669.6747 277.9002 1.4438 1.5685 3.3483 0.2335 1.7227 13.5417 -1.5165 0.8429
Car -1 -1 2.0067 330.9431 190.5982 413.8126 231.8985 1.3949 1.5534 3.9156 -9.2098 2.1378 28.1557 1.6929 0.7666
Car -1 -1 -1.5380 617.7280 179.0460 662.4251 220.5464 1.4899 1.6413 3.8326 1.2013 1.7514 28.4605 -1.4969 0.6522
Car -1 -1 1.9771 515.9839 183.0335 559.6581 204.9441 1.4277 1.5857 4.1301 -5.1055 2.1826 51.2719 1.8779 0.4097
Car -1 -1 -1.7023 714.7453 176.8447 742.5295 197.6109 1.5162 1.6099 3.7816 9.0349 1.8332 55.3289 -1.5417 0.3102
Car -1 -1 2.7516 65.5096 199.7053 161.5516 228.7830 1.4470 1.6793 4.3349 -29.1017 3.1089 42.3730 2.1525 0.2169
Car -1 -1 1.7739 490.7836 177.2363 517.8462 195.5008 1.4995 1.5828 3.7368 -9.0785 1.8884 62.0616 1.6289 0.1233
Car -1 -1 1.8438 580.4550 183.0278 608.1357 200.2493 1.4563 1.5354 3.8427 -1.4133 2.4090 65.4887 1.8218 0.1214
Car -1 -1 2.9039 0.0000 199.6490 49.5862 233.1632 1.4882 1.7197 4.2371 -32.2782 2.9748 37.8025 2.2005 0.1212
