Pedestrian -1 -1 -1.2564 1018.5192 149.7166 1067.6066 240.1363 1.7249 0.6201 0.8061 8.5112 1.2839 14.2611 -0.7278 0.1705
Car -1 -1 -3.6023 812.3434 174.3660 1207.0815 293.0621 1.4519 1.6951 4.3686 5.0909 1.4745 9.7125 -3.1327 0.8850
Car -1 -1 -0.3346 730.3649 179.0140 937.3208 246.3852 1.4466 1.6791 4.2287 4.9958 1.5967 16.6020 -0.0479 0.8527
Car -1 -1 1.9496 261.2542 191.9558 421.3708 274.9377 1.3859 1.6272 4.3666 -5.5025 1.8494 15.2791 1.6088 0.7940
Car -1 -1 -0.4077 693.1861 179.2773 831.1659 230.1812 1.4338 1.5892 3.7527 4.5096 1.6384 21.7778 -0.2069 0.6713
Car -1 -1 2.3588 0.0000 210.2281 145.4968 375.0000 1.4793 1.6007 3.9477 -5.4868 1.8521 5.2117 1.5731 0.6198
Car -1 -1 -0.6011 712.7081 176.5365 870.9910 236.4173 1.4743 1.6186 3.8981 4.8309 1.5810 19.3854 -0.3611 0.6044
Car -1 -1 2.9526 671.8521 176.1158 764.8178 210.8861 1.5159 1.6269 3.9035 4.7969 1.6674 32.5233 3.0972 0.5275
Car -1 -1 2.6472 673.6791 176.7512 803.8838 224.9667 1.5337 1.6651 4.0734 4.3363 1.6748 24.6166 2.8189 0.4116
Car -1 -1 1.3601 413.3578 183.3646 484.5330 230.4389 1.4625 1.6265 4.1303 -5.8387 1.8683 25.6185 1.1377 0.2809
Car -1 -1 -0.3221 661.9419 178.8893 747.6285 210.0461 1.4473 1.5780 3.8295 4.5494 1.7509 35.1034 -0.1948 0.2715
Car -1 -1 1.8542 469.1325 181.5250 518.4220 209.3938 1.4563 1.6679 4.2184 -6.6140 1.9790 41.2651 1.6958 0.1776
