Car -1 -1 -1.6923 675.6258 180.3950 755.1520 247.5848 1.6330 1.6617 4.0614 2.7664 1.8641 20.0334 -1.5580 0.8526
Car -1 -1 -1.8593 749.6564 196.0286 983.5879 348.3848 1.4301 1.6103 4.1976 2.9894 1.8036 9.5130 -1.5651 0.8392
Car -1 -1 -1.5043 578.4444 179.1636 636.5236 231.6120 1.5606 1.6683 4.1324 -0.0483 1.7902 24.0911 -1.5071 0.8154
Car -1 -1 -1.6936 658.7542 183.7518 716.5851 227.2675 1.4649 1.6487 4.3412 2.8389 1.9147 27.5708 -1.5929 0.7325
Car -1 -1 -1.6809 644.7876 184.0931 690.7226 219.3757 1.4450 1.6238 4.2012 2.5385 1.9930 33.0307 -1.6056 0.6746
Car -1 -1 2.0667 184.8851 171.1742 298.0055 217.0916 1.5801 1.8060 4.5823 -13.7329 1.5227 27.1452 1.6021 0.6706
Car -1 -1 -2.0294 837.9224 200.5025 1242.0000 375.0000 1.4448 1.6056 3.8461 2.5849 1.6822 4.2153 -1.5113 0.6550
Car -1 -1 2.2599 0.0000 169.5444 114.8655 248.4930 1.6156 1.6778 4.0632 -13.8248 1.5483 16.8015 1.5791 0.4760
Car -1 -1 1.9832 271.7093 172.8561 340.5226 208.7366 1.5582 1.5948 3.6044 -13.9163 1.5587 33.1484 1.5883 0.4433
Car -1 -1 2.1213 337.2177 172.3574 400.7805 200.4749 1.5527 1.6435 4.0206 -13.9808 1.5256 41.9857 1.8015 0.2668
