Pedestrian -1 -1 1.2625 401.4806 157.6184 444.9787 247.6365 1.8392 0.6390 0.9496 -3.9091 1.3733 15.0131 1.0148 0.8859
Pedestrian -1 -1 2.2922 824.8360 169.7370 862.3488 230.0820 1.6561 0.5620 0.8752 6.6690 1.3623 19.8625 2.6130 0.7777
Pedestrian -1 -1 2.4834 858.4052 167.7697 901.9384 233.8388 1.7154 0.5512 0.9349 7.2598 1.3865 18.7520 2.8487 0.6886
Pedestrian -1 -1 1.6706 875.8333 170.3445 899.2217 233.3673 1.6965 0.5259 0.8100 7.7662 1.4247 19.5085 2.0455 0.2481
Pedestrian -1 -1 -2.9582 463.6340 169.8157 481.0219 203.2788 1.7430 0.5747 0.8053 -6.9732 1.1879 37.1109 -3.1406 0.1340
Pedestrian -1 -1 1.0026 442.4501 158.7750 486.4840 245.8076 1.8312 0.5730 0.8504 -3.1012 1.3757 15.3770 0.8094 0.1084
Cyclist -1 -1 -1.1305 459.1381 170.7237 482.8705 203.8168 1.6978 0.5213 1.7655 -7.0477 1.1976 37.1888 -1.3145 0.1969
Car -1 -1 -2.2528 1028.8475 182.9625 1153.8813 228.2654 1.4047 1.5272 3.6330 16.3284 1.4963 23.9987 -1.6600 0.8021
Car -1 -1 -2.1018 959.1495 181.6286 1066.0210 227.5013 1.4479 1.5719 3.5286 13.7782 1.4908 24.1763 -1.5880 0.7980
Car -1 -1 0.9686 1100.9385 182.6467 1224.0000 228.8565 1.4538 1.6068 3.9734 19.2411 1.5357 24.4581 1.6304 0.7003
Car -1 -1 -1.5993 602.9952 176.0718 634.1951 203.5284 1.3709 1.5311 3.6084 0.6617 1.1512 37.1087 -1.5799 0.6003
Car -1 -1 -2.8518 765.9625 179.0332 933.0860 236.7137 1.4599 1.5885 4.1283 6.7264 1.4244 19.7307 -2.5265 0.1086
