Pedestrian -1 -1 3.7098 2.8938 145.5778 139.4558 324.8842 1.7739 0.5981 0.9584 -5.5469 1.4301 7.3161 3.0838 0.8598
Pedestrian -1 -1 2.5756 550.2115 162.1850 594.3044 229.8572 1.8137 0.6268 1.0415 -0.9370 1.3244 19.5001 2.5301 0.7399
Pedestrian -1 -1 -1.3077 695.5042 164.7132 725.6327 228.6159 1.7076 0.6109 0.8874 2.8708 1.2873 19.4175 -1.1615 0.6668
Pedestrian -1 -1 2.4478 567.8173 164.2913 610.2534 233.2001 1.7645 0.5908 0.9640 -0.4544 1.3511 18.6395 2.4256 0.6665
Pedestrian -1 -1 2.2706 607.4766 164.0357 646.4584 227.5165 1.7573 0.5960 1.0170 0.5967 1.3031 20.1458 2.3015 0.6628
Pedestrian -1 -1 1.9544 631.3617 164.9527 664.4842 230.4152 1.7543 0.5930 0.9721 1.1569 1.3393 19.5095 2.0144 0.4764
Pedestrian -1 -1 2.0418 711.1944 161.8275 746.6937 226.4250 1.8026 0.6311 0.9782 3.5314 1.2831 20.3057 2.2130 0.4527
Pedestrian -1 -1 1.6978 750.6232 162.4328 776.7766 227.1611 1.7880 0.6197 0.8859 4.4722 1.2905 20.0475 1.9156 0.3773
Pedestrian -1 -1 1.9972 665.7651 164.0109 697.2542 224.4696 1.7745 0.6252 0.9071 2.2774 1.2921 21.2968 2.1039 0.3349
Pedestrian -1 -1 3.5022 0.0000 144.5904 79.9971 354.2702 1.7810 0.5519 0.7780 -5.3637 1.4777 6.3826 2.8295 0.1626
Cyclist -1 -1 -2.1870 738.0499 163.0402 792.1964 229.7110 1.7980 0.5256 1.8317 4.4697 1.3287 20.0093 -1.9689 0.1034
Car -1 -1 0.1764 411.0684 164.7474 473.9975 187.2673 1.6694 1.7537 4.3901 -12.2156 0.5029 53.3844 -0.0454 0.1532
Car -1 -1 0.5215 492.7718 170.2392 661.7279 239.9826 1.6683 1.6587 4.1714 -0.7943 1.4245 18.6087 0.4813 0.1189
