Car -1 -1 -1.7529 707.0363 183.8013 838.4853 277.6275 1.4384 1.6096 4.1759 2.8369 1.6778 13.6507 -1.5534 0.8759
Car -1 -1 -1.9593 794.8052 181.2551 1242.0000 375.0000 1.5152 1.6855 4.2552 2.8141 1.6106 6.0050 -1.5410 0.8626
Car -1 -1 -1.6927 673.0119 178.0723 756.8627 240.9836 1.4588 1.6512 4.3249 2.6272 1.6141 19.2594 -1.5600 0.8576
Car -1 -1 -1.5660 582.6927 171.4025 642.1960 229.7450 1.6301 1.6629 4.1765 0.0319 1.5899 22.2495 -1.5654 0.8162
Car -1 -1 -1.6562 659.3658 177.4896 707.4012 217.2429 1.4349 1.5483 3.6561 2.7755 1.6290 28.3065 -1.5601 0.7091
Car -1 -1 2.1783 9.4290 170.3682 170.3946 229.9464 1.4445 1.6290 3.7595 -13.8056 1.3846 19.3752 1.5656 0.7073
Car -1 -1 2.0594 198.4381 170.1882 294.4079 211.0703 1.4756 1.6425 3.9787 -14.0483 1.3797 28.0516 1.5987 0.6391
Car -1 -1 1.8799 385.2939 172.0811 426.4676 196.2620 1.5894 1.6090 3.8663 -13.9465 1.5390 49.3837 1.6058 0.3217
Car -1 -1 -1.7104 647.6687 175.2372 691.0444 207.8607 1.4577 1.5611 3.5675 2.7337 1.5775 34.3331 -1.6322 0.1674
Car -1 -1 1.7529 445.0102 174.7020 470.1039 191.7003 1.5321 1.6154 3.8971 -14.2309 1.7102 67.4283 1.5454 0.1371
Car -1 -1 1.5600 630.9387 172.3698 652.8027 192.7850 1.4509 1.5532 3.9165 2.2994 1.4169 53.2589 1.6025 0.1187
