Car -1 -1 -1.8234 724.7843 181.4727 964.9207 340.6072 1.5012 1.6769 4.4689 2.5972 1.6393 9.2899 -1.5603 0.8574
Car -1 -1 2.8153 363.6847 182.6844 500.6479 234.1633 1.4020 1.5588 3.7438 -5.4229 1.7240 21.9448 2.5753 0.8070
Car -1 -1 -1.6273 650.0438 177.3224 698.6028 219.1587 1.4760 1.6210 4.1112 2.3814 1.6625 27.9735 -1.5439 0.8014
Car -1 -1 3.2502 0.0000 197.5201 333.6654 370.8523 1.3372 1.6307 4.3040 -5.4271 1.6626 7.7791 2.6566 0.7188
Car -1 -1 -2.1873 877.9166 188.7082 1242.0000 375.0000 1.4810 1.5665 3.7579 2.8017 1.6037 3.6845 -1.5759 0.7029
Car -1 -1 2.7920 446.1570 180.5321 543.9869 216.3595 1.4424 1.6332 3.8822 -5.0291 1.7947 31.4134 2.6340 0.4747
Car -1 -1 2.6682 437.0337 177.2005 536.2536 214.4409 1.6255 1.6958 4.2972 -5.7961 1.8420 33.9150 2.4997 0.3894
Car -1 -1 -1.6442 634.9937 177.5917 667.5952 205.9886 1.5072 1.5625 3.6597 2.2566 1.7873 40.7540 -1.5898 0.2270
Car -1 -1 -1.2188 534.9203 176.5848 570.9550 195.9532 1.4784 1.6043 4.0185 -4.5728 1.7901 58.0537 -1.2974 0.1326
Car -1 -1 1.3473 527.6221 179.6640 559.7017 200.3515 1.4297 1.5374 3.8577 -4.9634 1.9527 53.3004 1.2545 0.1197
