Car -1 -1 0.3921 398.5250 179.8070 618.6211 264.0759 1.4496 1.6083 3.8740 -1.9586 1.5959 13.8823 0.2536 0.8758
Car -1 -1 -1.7358 840.8299 186.8283 931.4930 250.4741 1.4166 1.5641 3.8676 7.0967 1.8247 19.0008 -1.3843 0.8171
Car -1 -1 -1.7849 866.5618 186.8011 1018.3298 287.3028 1.4792 1.6341 4.0346 5.8738 1.7788 13.3455 -1.3794 0.7734
Car -1 -1 -1.7635 913.3023 178.1263 1188.4115 375.0000 1.6335 1.6814 4.0329 4.4826 1.7090 8.1020 -1.2745 0.7279
Car -1 -1 0.0862 618.1735 181.8399 709.9243 213.9419 1.4243 1.6197 4.1614 2.5206 1.8593 33.7725 0.1594 0.6759
Car -1 -1 0.4301 520.9192 182.4825 682.1550 243.0697 1.4336 1.5885 3.9615 -0.2800 1.7089 19.0796 0.4147 0.5910
Car -1 -1 0.3587 472.0047 174.9010 648.7712 250.8432 1.5792 1.6045 3.6710 -1.1451 1.6297 16.3636 0.2890 0.5791
Car -1 -1 0.0738 655.3135 181.8470 728.4008 210.9175 1.5048 1.6125 3.8402 4.4339 2.0080 39.2008 0.1850 0.4434
Car -1 -1 -1.7141 832.9519 185.6954 901.6296 235.2744 1.4393 1.5844 3.8522 8.4318 1.9039 24.0421 -1.3814 0.3691
Car -1 -1 -1.8461 809.1206 184.1630 875.4329 221.4447 1.4344 1.6297 4.1432 9.8830 1.9555 31.1234 -1.5420 0.2981
Car -1 -1 0.9816 1045.1292 0.0000 1242.0000 375.0000 1.7648 1.7579 4.1146 3.4464 1.5511 2.9465 1.7963 0.1988
Car -1 -1 -2.9493 536.1035 185.8982 675.5944 236.4271 1.3869 1.5235 3.9374 -0.1330 1.7959 21.4876 -2.9563 0.1781
Car -1 -1 -3.0119 671.9128 182.8724 737.2172 208.9800 1.4988 1.5903 3.7431 5.6974 2.1221 43.6217 -2.8835 0.1724
