Pedestrian -1 -1 2.1657 630.1697 178.2743 655.5250 227.0935 1.5723 0.5015 0.7513 1.0404 1.7548 23.7869 2.2081 0.2209
Car -1 -1 -2.6695 120.0151 195.4640 477.3135 318.9196 1.4279 1.6454 4.1210 -4.0780 1.7632 9.6958 -3.0588 0.8453
Car -1 -1 -1.7416 692.1338 182.1961 811.7488 273.6541 1.4367 1.5330 3.6930 2.4630 1.6366 13.5589 -1.5668 0.8214
Car -1 -1 -1.9029 726.3743 141.4247 1042.9900 366.9059 1.8574 1.7778 4.3748 2.5803 1.5988 8.1600 -1.6082 0.7437
Car -1 -1 2.2836 0.0000 200.6168 115.3282 302.4999 1.4333 1.6029 4.0765 -11.4006 2.0249 13.3144 1.5852 0.6893
Car -1 -1 -1.6269 650.1194 180.5998 703.7027 229.4228 1.4907 1.5841 3.5062 2.1490 1.7717 24.3672 -1.5408 0.4666
Car -1 -1 2.1139 131.8888 197.0464 297.9040 274.7600 1.3990 1.5250 3.6767 -8.6251 2.0000 16.0336 1.6268 0.4507
Car -1 -1 0.8798 434.0381 182.8139 548.2170 227.0970 1.4086 1.6466 4.3462 -4.3769 1.7949 25.9131 0.7136 0.4236
Car -1 -1 0.6537 484.8548 182.7925 559.5343 211.5646 1.4028 1.5479 3.7179 -4.6633 1.9474 37.8989 0.5316 0.2233
Car -1 -1 2.0705 65.0173 196.3278 205.3887 265.1926 1.4134 1.4571 3.2663 -11.4908 2.0422 17.6334 1.4996 0.1905
Car -1 -1 -2.1164 267.7787 189.9705 450.0310 277.3725 1.4464 1.5992 4.0548 -5.2128 1.8381 14.5878 -2.4546 0.1402
Car -1 -1 0.6880 505.6620 179.0981 575.9716 205.0591 1.4839 1.6354 4.1738 -4.2725 1.8807 43.9668 0.5913 0.1382
