Pedestrian -1 -1 1.4128 794.9021 153.6205 827.7759 229.9643 1.7960 0.6223 0.9146 4.9480 1.1653 17.1200 1.6910 0.6995
Pedestrian -1 -1 1.4352 854.3465 153.1175 884.9193 228.8925 1.7067 0.5614 0.7408 6.0701 1.0916 16.3423 1.7864 0.5497
Pedestrian -1 -1 -0.5701 798.5799 150.4095 826.1869 204.2024 1.8465 0.6601 0.6740 7.2069 0.8152 24.6776 -0.2876 0.2124
Car -1 -1 2.3260 272.6581 172.1358 478.3928 262.3291 1.6379 1.7108 4.2429 -4.7268 1.4876 15.1154 2.0306 0.7936
Car -1 -1 -1.2672 124.8837 176.3648 230.0436 231.3647 1.5920 1.6714 4.2038 -13.5923 1.4739 22.6974 -1.7989 0.6511
Car -1 -1 -1.1180 21.7898 183.3785 142.6693 233.6537 1.4153 1.5681 3.6429 -16.1722 1.5145 22.0480 -1.7423 0.6468
Car -1 -1 1.8734 549.9450 169.0751 596.9597 194.2536 1.4295 1.6175 4.2450 -1.8361 0.7822 42.3966 1.8323 0.4733
Car -1 -1 -1.4301 586.6940 170.3635 614.1173 190.7225 1.5005 1.5887 3.7001 -0.3080 0.7547 54.0473 -1.4340 0.3360
Car -1 -1 2.1169 0.0000 184.3411 43.0196 242.2393 1.4730 1.6753 4.1187 -18.4737 1.5975 20.4475 1.3916 0.2362
Car -1 -1 -0.1171 708.2092 162.2091 766.6844 183.8899 1.5234 1.6252 3.9503 9.4497 0.2395 50.6212 0.0682 0.2259
