Car -1 -1 2.0513 0.0000 191.2469 439.3062 375.0000 1.4436 1.6737 4.2588 -3.0515 1.6660 6.5351 1.6288 0.8168
Car -1 -1 0.9318 1084.8938 174.9129 1242.0000 267.0069 1.4120 1.6855 4.3731 10.9747 1.4568 13.3751 1.6077 0.7698
Car -1 -1 1.1894 822.5509 175.3528 894.4418 210.0187 1.4041 1.6014 3.9191 10.7183 1.5206 31.5135 1.5139 0.7384
Car -1 -1 1.6757 507.0082 180.4997 559.9850 220.7351 1.4197 1.6404 4.1241 -2.9681 1.7418 28.3031 1.5716 0.7361
Car -1 -1 -2.1371 946.9986 172.4511 1096.7489 232.1314 1.4610 1.6152 4.0022 11.0025 1.4515 19.7092 -1.6348 0.7325
Car -1 -1 -2.0028 862.6433 171.7771 919.1819 199.2769 1.4841 1.5596 3.7020 15.7935 1.4263 40.8339 -1.6365 0.3933
Car -1 -1 -0.4180 795.5608 172.5841 884.9652 202.8371 1.5246 1.6591 4.0962 11.8677 1.5114 37.4160 -0.1135 0.2630
Car -1 -1 1.1168 1012.9312 169.0507 1123.0989 214.3181 1.4588 1.6029 4.0905 15.8974 1.3366 25.3656 1.6711 0.1309
Car -1 -1 0.9636 891.0397 172.2085 972.7083 204.0793 1.4901 1.6515 4.0957 15.8740 1.4603 35.9014 1.3765 0.1298
Car -1 -1 1.1879 1154.2831 165.8654 1242.0000 233.4591 1.5376 1.6746 4.2500 15.9129 1.3790 18.6905 1.8851 0.1177
