Car -1 -1 -1.8302 739.0377 186.1774 972.3970 341.0593 1.4251 1.5900 4.1822 2.7066 1.6325 9.1046 -1.5514 0.8885
Car -1 -1 -1.7157 685.3681 179.2812 796.0173 263.6106 1.4463 1.5860 4.0255 2.4581 1.5957 14.7063 -1.5543 0.8714
Car -1 -1 0.6296 0.0000 187.0111 272.5965 325.2521 1.4922 1.6746 4.0029 -6.5637 1.6818 8.8016 0.0031 0.8157
Car -1 -1 3.4006 269.5490 181.2532 425.0542 237.7732 1.4499 1.6102 3.7087 -7.1358 1.6913 19.7490 3.0576 0.8005
Car -1 -1 1.7337 490.9780 177.5754 546.2653 218.3961 1.4585 1.5582 3.6567 -3.5284 1.6547 28.0642 1.6092 0.8004
Car -1 -1 -1.7386 656.0619 176.5392 736.5643 235.8129 1.4578 1.5669 3.7312 2.2304 1.5695 19.8883 -1.6293 0.7911
Car -1 -1 0.5302 58.9895 187.6341 374.1330 288.9559 1.4302 1.6448 4.1042 -6.0952 1.6823 11.3684 0.0473 0.6148
Car -1 -1 3.3803 299.3322 172.5607 455.2619 228.6879 1.6896 1.7260 4.3894 -7.2678 1.6812 22.7282 3.0737 0.4769
Car -1 -1 -1.7105 647.4771 175.4511 712.3944 225.4188 1.5037 1.5938 3.8088 2.1834 1.5969 23.8547 -1.6211 0.4500
Car -1 -1 -1.6494 623.5834 174.9469 661.1824 206.9675 1.5077 1.5867 3.5752 1.5333 1.6178 36.0244 -1.6077 0.3336
Car -1 -1 3.1289 388.9115 175.9637 489.0538 214.4945 1.5990 1.7063 4.1414 -7.4798 1.7408 31.4849 2.8971 0.2979
Car -1 -1 -1.6682 633.9029 176.5845 679.7241 214.2086 1.4658 1.5599 3.6025 1.8684 1.6322 30.2984 -1.6078 0.2694
Car -1 -1 0.3112 360.1241 177.8690 477.2502 218.5745 1.5549 1.6985 4.1942 -7.6085 1.7618 28.7581 0.0544 0.2207
Car -1 -1 0.5247 89.8389 188.2341 340.8591 270.6014 1.4020 1.5424 3.8549 -7.2785 1.7067 13.4330 0.0360 0.1969
