Pedestrian -1 -1 2.6047 306.9925 172.3162 341.0899 233.2475 1.6471 0.5664 0.6832 -7.9512 1.6329 19.9453 2.2295 0.1626
Car -1 -1 -1.7909 712.8643 181.1124 872.0589 292.2449 1.4582 1.5852 3.9516 2.6976 1.6155 11.7347 -1.5716 0.8689
Car -1 -1 -1.6956 667.1436 178.9060 727.9717 227.2623 1.4388 1.5346 3.4638 2.7512 1.6520 23.6415 -1.5819 0.8555
Car -1 -1 -1.9772 815.3171 194.1451 1241.9219 375.0000 1.4018 1.4957 3.5158 2.8334 1.6282 5.8817 -1.5490 0.8214
Car -1 -1 -0.3206 323.2925 176.1902 491.7522 237.6698 1.4979 1.6661 4.0934 -5.4988 1.5974 19.6085 -0.5911 0.8075
Car -1 -1 2.7752 388.6145 176.2267 515.1793 224.5883 1.5519 1.6592 3.9872 -5.5291 1.6784 25.1879 2.5608 0.5756
Car -1 -1 -1.6460 643.8292 173.0336 686.0518 209.3027 1.6405 1.6988 4.1995 2.5468 1.6501 34.7574 -1.5740 0.4652
Car -1 -1 2.6930 436.2828 172.2814 542.1368 214.8251 1.7200 1.7102 4.1664 -5.2053 1.6972 31.0663 2.5279 0.4006
Car -1 -1 -1.6424 657.1595 177.5008 704.6990 217.8626 1.4684 1.5831 3.8895 2.7108 1.6660 28.6609 -1.5497 0.3821
Car -1 -1 2.2682 0.0000 196.4992 114.8779 375.0000 1.4388 1.6447 4.1139 -4.1300 1.6130 3.1302 1.3871 0.2921
