Cyclist -1 -1 1.7155 459.2191 168.3649 498.1552 254.8715 1.6983 0.5446 1.8165 -2.7707 1.6105 15.0794 1.5360 0.5818
Car -1 -1 -1.8517 735.4448 187.2630 936.3575 327.8456 1.4399 1.5242 3.3881 2.6688 1.6629 9.4423 -1.5857 0.9002
Car -1 -1 -0.4750 392.9022 177.4672 526.0679 227.6070 1.5111 1.6606 4.0230 -4.9960 1.6771 24.0029 -0.6786 0.6801
Car -1 -1 -0.0899 19.4151 156.9751 385.5710 324.9227 1.8431 1.7402 3.9930 -5.3446 1.6692 9.7385 -0.5809 0.6140
Car -1 -1 2.9337 226.3500 182.7621 439.4917 259.9170 1.3885 1.5838 3.9429 -5.8134 1.6208 15.1558 2.5728 0.5914
Car -1 -1 2.7240 423.0837 179.1093 533.0508 217.3838 1.4390 1.5989 4.1375 -5.4064 1.7113 29.5460 2.5441 0.5808
Car -1 -1 -0.0763 127.2048 180.0940 405.5451 283.6976 1.4802 1.6254 4.0222 -5.7468 1.6202 12.2299 -0.5077 0.2728
Car -1 -1 -0.1217 382.7322 176.0557 514.3302 222.7146 1.5618 1.6868 4.4379 -5.8450 1.6839 25.8987 -0.3420 0.1722
Car -1 -1 1.4990 654.7857 181.4795 709.8865 228.7545 1.4104 1.5342 3.9466 2.3093 1.7244 24.2392 1.5920 0.1662
Car -1 -1 -1.6933 636.8157 171.5890 689.3703 214.3399 1.7488 1.7637 4.3526 2.2174 1.6974 31.7332 -1.6248 0.1504
Car -1 -1 -1.6602 612.7417 177.9848 638.4290 198.7397 1.4553 1.5764 3.5980 1.0943 1.8482 53.3535 -1.6402 0.1299
Car -1 -1 1.5459 634.3192 176.5299 662.6524 202.8256 1.5097 1.6146 3.9780 2.2742 1.7444 43.9928 1.5968 0.1122
