Car -1 -1 -1.8444 719.4419 188.7604 896.1425 302.0127 1.4413 1.6136 4.2714 2.9669 1.7529 11.9520 -1.6080 0.9195
Car -1 -1 1.9702 281.8963 184.1165 389.0903 237.7317 1.4733 1.6563 4.1772 -8.5836 1.8634 22.8390 1.6141 0.8446
Car -1 -1 -1.7330 697.6348 183.6828 785.9885 253.3922 1.4722 1.5342 3.4136 3.0395 1.7606 17.4785 -1.5646 0.8038
Car -1 -1 -2.1742 838.3904 184.6897 1242.0000 375.0000 1.5143 1.6414 4.0715 3.4124 1.6445 5.8099 -1.6662 0.8007
Car -1 -1 -1.7589 668.5756 183.9515 739.9444 236.8566 1.4407 1.5270 3.4604 2.7672 1.8094 22.1684 -1.6372 0.7690
Car -1 -1 1.8754 366.7485 181.4930 438.6886 225.3223 1.5460 1.5968 3.8985 -8.0477 1.9076 28.1969 1.5994 0.7038
Car -1 -1 2.3351 0.0000 194.6863 99.9387 355.4136 1.4485 1.6124 4.0681 -8.7509 1.7862 9.0999 1.5839 0.5674
Car -1 -1 -1.6321 657.2665 183.5827 707.1854 226.1555 1.4281 1.6100 3.9124 2.6093 1.8621 27.1806 -1.5382 0.4069
Car -1 -1 -1.7323 645.8240 180.4579 688.0066 211.3789 1.5123 1.6148 3.8667 2.9277 1.9369 38.2636 -1.6571 0.3674
Car -1 -1 1.8603 410.1639 184.3713 466.3326 217.8010 1.4118 1.5280 3.8081 -8.0025 1.9821 33.7548 1.6288 0.3603
Car -1 -1 1.7941 438.9939 182.7021 484.4358 212.1578 1.4531 1.5598 3.9621 -7.9743 2.0120 38.9247 1.5929 0.2821
