Pedestrian -1 -1 1.1879 940.8886 147.3573 1015.4240 275.5446 1.8319 0.6630 0.9733 5.5301 1.3599 10.6130 1.6578 0.7883
Pedestrian -1 -1 0.9615 960.5389 143.7452 1059.7389 300.0505 1.8296 0.6491 0.9203 4.9460 1.4011 8.7642 1.4617 0.7744
Pedestrian -1 -1 0.8925 984.1721 143.7839 1071.1887 274.1638 1.8623 0.6494 0.9734 6.2817 1.3395 10.6252 1.4151 0.6666
Pedestrian -1 -1 0.9060 1004.5118 140.5731 1107.9778 296.0584 1.8439 0.6572 0.9259 5.5894 1.3721 8.8779 1.4536 0.4621
Pedestrian -1 -1 2.0488 412.0302 179.2705 437.7387 225.0537 1.5925 0.5798 0.7977 -6.4031 1.5513 25.0440 1.8031 0.2361
Pedestrian -1 -1 0.4867 434.6106 176.7313 460.1159 227.0764 1.6653 0.6664 0.5944 -5.3288 1.5422 23.7835 0.2708 0.1111
Cyclist -1 -1 1.8704 434.2050 177.9593 464.3386 228.6026 1.6310 0.5016 1.6973 -5.2185 1.5507 23.6331 1.6575 0.5566
Car -1 -1 2.2048 501.3158 178.9339 594.5932 219.4395 1.5699 1.6842 4.2811 -2.3250 1.5107 29.6605 2.1290 0.7588
Car -1 -1 1.8806 331.3588 182.2820 384.8975 212.2984 1.5078 1.6023 3.7807 -13.0844 1.6088 37.6427 1.5503 0.3740
Car -1 -1 -1.5062 392.0066 182.7488 427.0659 211.1885 1.4252 1.5625 3.5174 -10.3617 1.5522 37.6030 -1.7713 0.1429
Car -1 -1 -1.2542 525.4684 168.1102 567.4980 195.6307 1.9394 1.8181 4.3514 -4.2527 1.0676 52.1501 -1.3334 0.1151
Car -1 -1 -3.4695 813.0850 164.3440 1152.3651 289.2899 1.6649 1.6854 4.1214 5.3104 1.4513 10.5176 -3.0124 0.1071
Car -1 -1 -1.4549 748.6273 169.9457 770.6291 186.4324 1.4633 1.5515 3.6870 14.2071 0.5277 64.7437 -1.2383 0.1042
