Car -1 -1 2.8292 544.8133 178.9868 744.6852 246.9298 1.3685 1.6082 4.1615 0.6955 1.5171 16.1028 2.8706 0.8845
Car -1 -1 -2.1297 177.7062 183.1154 439.5092 301.4409 1.4540 1.6883 4.3077 -4.8015 1.6401 11.1272 -2.5291 0.8749
Car -1 -1 2.8749 460.9964 180.5491 636.5676 243.5097 1.4046 1.6276 4.0585 -1.5768 1.6117 17.9192 2.7876 0.8567
Car -1 -1 -1.9448 86.2891 185.0096 255.2693 273.3197 1.4958 1.6222 3.8385 -8.9562 1.7714 14.5264 -2.4894 0.7284
Car -1 -1 -3.4454 1135.9016 156.5278 1242.0000 234.9824 1.5441 1.6356 4.0493 14.1063 1.2231 15.7654 -2.7249 0.5839
Car -1 -1 -1.8709 43.6967 185.0313 171.2048 256.3269 1.4921 1.5498 3.5545 -12.2049 1.8148 17.3879 -2.4759 0.5368
Car -1 -1 2.9549 311.2590 181.7701 439.8738 233.0162 1.4871 1.5818 3.6818 -7.5223 1.7919 23.0596 2.6425 0.5340
Car -1 -1 -2.5547 637.7672 170.9135 763.8649 220.2467 1.5312 1.6249 3.9726 2.9551 1.4713 24.2985 -2.4358 0.2597
Car -1 -1 3.0874 157.3840 183.2911 273.9208 222.6465 1.4451 1.5670 4.0409 -15.9258 1.8919 29.1325 2.5907 0.1378
Car -1 -1 2.8206 0.0000 175.1869 59.2432 237.5792 1.8888 1.7727 4.2435 -21.4794 1.9751 24.2896 2.1019 0.1367
