Pedestrian -1 -1 -0.0431 1060.6932 140.1342 1172.6147 314.9730 1.8449 0.6144 0.9834 5.6848 1.4206 7.9770 0.5592 0.8089
Pedestrian -1 -1 -1.8760 685.5819 165.7177 706.1136 210.3285 1.8052 0.5927 0.9040 3.7118 1.2085 29.1040 -1.7488 0.3108
Pedestrian -1 -1 -2.3212 229.9941 161.3780 263.8824 216.0591 1.7761 0.6020 0.8233 -11.8730 1.1566 23.3872 -2.7836 0.2554
Pedestrian -1 -1 1.8362 328.3733 159.7729 357.2544 219.7267 1.8566 0.6300 0.9402 -8.3240 1.2163 22.3853 1.4867 0.1912
Pedestrian -1 -1 0.0450 260.8023 164.4533 287.2545 213.7730 1.7132 0.6407 0.8169 -11.7274 1.1573 25.0063 -0.3868 0.1419
Pedestrian -1 -1 -0.9332 321.4466 161.6766 344.6074 204.4511 1.8342 0.6945 0.6404 -11.8345 1.0285 30.7169 -1.2956 0.1075
Cyclist -1 -1 1.8428 284.3641 161.7140 310.5803 206.4162 1.8110 0.5425 1.7713 -12.8611 1.0514 29.5527 1.4382 0.1641
Cyclist -1 -1 -0.6120 216.9825 163.7593 275.2028 217.3983 1.7094 0.5395 1.7190 -11.8907 1.1774 23.4115 -1.0746 0.1341
Car -1 -1 -2.0991 958.7231 181.5165 1065.2865 227.3128 1.4449 1.5630 3.5357 13.7492 1.4837 24.1605 -1.5858 0.7156
Car -1 -1 -2.2966 1024.9561 182.9288 1157.8328 228.9760 1.4237 1.5682 3.8134 16.3573 1.5147 24.0592 -1.7041 0.6705
Car -1 -1 1.0366 1112.9779 183.3719 1224.0000 229.4082 1.4379 1.5694 3.7414 19.3578 1.5461 24.2821 1.7047 0.5748
Car -1 -1 -1.5733 603.4177 175.9215 633.8819 203.5723 1.3810 1.5218 3.4949 0.6983 1.1537 37.0683 -1.5529 0.5562
