Car -1 -1 1.9519 228.2679 184.8630 396.8942 273.0461 1.4147 1.6147 4.0625 -5.6542 1.6847 14.1642 1.5779 0.8874
Car -1 -1 -0.1989 686.5256 168.9077 830.2421 216.9888 1.5800 1.7448 4.5351 4.9265 1.4507 24.5890 -0.0040 0.8492
Car -1 -1 2.7588 719.5687 177.7074 997.4305 265.5664 1.4118 1.6266 4.3193 4.1837 1.5038 12.6636 3.0702 0.7707
Car -1 -1 2.6020 806.6163 166.9055 1162.9241 289.7817 1.5290 1.6810 4.1264 4.9799 1.4553 9.9982 3.0516 0.7253
Car -1 -1 1.8493 430.0093 177.1034 496.5938 214.9889 1.4239 1.6171 4.0831 -5.9872 1.6115 29.6872 1.6516 0.7230
Car -1 -1 1.8588 348.7872 179.9497 444.8065 238.5882 1.4272 1.5370 3.6657 -5.7900 1.6408 19.8420 1.5779 0.6489
Car -1 -1 2.3843 976.4087 158.4967 1242.0000 375.0000 1.5617 1.6571 3.7854 4.9582 1.4738 5.3282 3.1060 0.5896
Car -1 -1 -0.2508 659.2493 169.4583 759.9745 207.7595 1.6151 1.6840 4.0620 4.2666 1.4723 31.4987 -0.1179 0.5250
Car -1 -1 2.3438 0.0000 200.3789 115.6392 375.0000 1.4745 1.5868 3.9907 -5.2654 1.7268 4.5672 1.5165 0.4402
Car -1 -1 -1.6554 644.0687 170.5092 681.4870 201.1654 1.5107 1.5985 3.9520 2.6583 1.3955 37.5405 -1.5857 0.2394
