Car -1 -1 -1.7839 700.6394 182.7166 829.5632 278.6495 1.4778 1.5658 3.3408 2.6269 1.6809 13.1458 -1.5921 0.9011
Car -1 -1 -0.0096 0.0000 180.6006 354.9581 326.3160 1.4699 1.6557 4.0715 -5.6076 1.5882 9.2242 -0.5435 0.8293
Car -1 -1 -1.6922 650.4653 173.7123 717.0155 227.5679 1.6542 1.6984 4.2862 2.3507 1.6862 24.3946 -1.5980 0.7736
Car -1 -1 2.9720 214.3012 182.1752 448.7597 260.4130 1.3760 1.6184 4.3139 -5.7399 1.5921 14.9050 2.6099 0.7683
Car -1 -1 -1.7034 672.0957 178.4659 755.2118 245.6749 1.4995 1.5713 3.6259 2.4636 1.6556 18.2123 -1.5719 0.7323
Car -1 -1 2.7799 321.9276 174.3474 492.1574 239.8439 1.6613 1.7208 4.2923 -5.7047 1.7078 20.3503 2.5094 0.6032
Car -1 -1 -1.6529 640.7792 178.1554 681.0656 211.8699 1.4772 1.5841 3.6822 2.3130 1.7414 34.0475 -1.5863 0.3375
Car -1 -1 -0.4815 444.7143 174.9154 535.9264 211.0179 1.5966 1.6409 3.9204 -5.6376 1.6991 33.9494 -0.6452 0.3234
Car -1 -1 -2.2030 0.0000 0.0000 1242.0000 375.0000 1.4586 1.5881 3.7692 2.2544 1.5956 1.4667 -1.2975 0.2666
Car -1 -1 2.6094 472.4081 178.9639 546.6316 206.9802 1.4483 1.5773 3.7868 -5.5600 1.8016 39.8746 2.4713 0.2601
Car -1 -1 2.5334 502.6055 177.3511 563.3538 199.7997 1.4242 1.5724 3.8402 -5.1656 1.7375 48.3668 2.4272 0.1598
