Car -1 -1 -1.8757 752.8605 184.5870 1006.3837 340.0869 1.4959 1.6898 4.3786 3.0968 1.6857 9.4592 -1.5697 0.8794
Car -1 -1 -1.7974 693.5211 183.8322 798.0352 254.7117 1.4142 1.5450 3.8094 3.0042 1.7020 16.9405 -1.6258 0.8653
Car -1 -1 2.1739 58.6100 189.6069 173.4296 236.6110 1.4127 1.4839 3.5482 -16.8400 2.0288 24.7347 1.5810 0.7775
Car -1 -1 1.9768 234.9038 184.4499 304.6280 217.4151 1.4422 1.5946 4.0181 -16.4582 2.0382 35.0270 1.5401 0.7126
Car -1 -1 -1.7825 677.4642 182.1905 755.2485 236.5870 1.4526 1.5551 3.6853 3.0729 1.7597 21.8108 -1.6452 0.6162
Car -1 -1 -2.1297 890.3607 199.4456 1242.0000 375.0000 1.4472 1.5973 3.8162 3.0160 1.6704 4.1066 -1.5311 0.5978
Car -1 -1 1.9812 150.0312 185.4097 233.0392 225.1611 1.4615 1.5584 3.8072 -17.1850 2.0141 29.7528 1.4610 0.5262
Car -1 -1 2.2556 0.0000 189.9817 83.1768 253.3661 1.4662 1.5864 3.9161 -16.6530 1.9813 19.7160 1.5608 0.4880
Car -1 -1 -1.6898 663.7374 182.1279 718.7440 225.0580 1.4179 1.5448 3.8385 2.8779 1.7848 26.5907 -1.5839 0.4552
Car -1 -1 2.0560 337.3075 182.2495 385.9743 205.5600 1.4861 1.5667 3.8073 -17.0482 2.1586 49.6125 1.7263 0.3586
Car -1 -1 1.8698 394.4834 179.3097 426.9269 199.9036 1.6643 1.5901 3.8876 -16.9693 2.2326 61.5092 1.6014 0.3127
Car -1 -1 -1.5466 597.5256 178.6758 616.8530 196.4396 1.4358 1.5597 3.5887 -0.2374 1.9455 61.3133 -1.5509 0.2677
