Cyclist -1 -1 -1.8376 679.3574 175.9810 704.7578 219.3650 1.7161 0.5347 1.9542 3.3188 1.8495 29.6898 -1.7281 0.3889
Car -1 -1 -3.6780 941.0136 168.7825 1242.0000 283.0825 1.7323 1.7670 4.3785 8.0109 1.6710 11.9107 -3.0981 0.8208
Car -1 -1 1.7983 283.4695 186.3803 347.3824 227.9893 1.5367 1.6071 3.9363 -12.2232 2.1394 30.0599 1.4148 0.8061
Car -1 -1 2.1482 174.9500 189.5528 269.7415 229.7182 1.4443 1.5607 3.8586 -15.8198 2.1757 29.5912 1.6607 0.7487
Car -1 -1 -1.6655 670.6515 181.9329 708.4184 212.2463 1.4356 1.5752 3.6839 4.0074 1.9265 37.1286 -1.5594 0.6676
Car -1 -1 -1.3985 503.9081 186.1005 559.1259 224.9394 1.4448 1.6251 4.1347 -3.2710 2.0421 30.3969 -1.5054 0.6446
Car -1 -1 -1.4098 525.1272 179.5278 568.9393 213.8439 1.6763 1.6868 3.9900 -3.3028 2.0481 38.0949 -1.4962 0.3821
Car -1 -1 1.8511 560.2482 183.0133 598.1312 206.3749 1.5141 1.5930 4.1172 -2.1528 2.2614 50.8539 1.8084 0.1909
Car -1 -1 1.7070 543.6636 181.3641 580.6658 210.2504 1.6544 1.7185 4.3904 -2.9546 2.2109 44.8989 1.6412 0.1834
Car -1 -1 1.1103 652.2391 183.7842 723.1763 223.0428 1.4538 1.4944 3.4790 3.0858 1.9322 29.6608 1.2122 0.1456
Car -1 -1 1.6336 575.6890 180.4665 595.9917 197.7558 1.4583 1.5800 3.8219 -2.1534 2.1595 64.4911 1.5999 0.1343
