Pedestrian -1 -1 1.0333 85.7094 174.5767 114.3460 219.8080 1.8684 0.6102 0.8974 -21.4566 1.9422 30.2995 0.4211 0.1344
Cyclist -1 -1 -1.8866 670.4531 176.1384 694.7818 214.4503 1.7522 0.5568 1.9694 3.3874 1.9128 34.1930 -1.7893 0.1253
Car -1 -1 -1.4371 860.7087 166.0750 1032.7148 317.0064 1.7278 1.7332 4.3180 5.0298 1.6505 10.5436 -1.0038 0.8121
Car -1 -1 2.6843 795.6055 175.9879 958.9607 235.3509 1.6337 1.7143 4.1412 7.6828 1.7302 21.0532 3.0290 0.6645
Car -1 -1 -1.6236 648.9385 181.8442 677.4316 206.5007 1.4620 1.6048 3.8292 3.3296 2.0610 46.1155 -1.5525 0.5162
Car -1 -1 1.3117 347.1198 182.5576 394.8540 209.9859 1.4683 1.6443 4.1756 -14.1146 2.0681 42.3746 0.9917 0.5039
Car -1 -1 2.2048 261.5846 182.8752 332.2499 213.5682 1.4759 1.5284 3.6667 -16.4175 2.0303 37.9309 1.7986 0.4486
Car -1 -1 -1.4303 518.4606 182.3793 558.3627 212.2879 1.4885 1.6255 3.8935 -3.8675 2.0319 39.1477 -1.5286 0.4422
Car -1 -1 1.9588 388.5480 183.2582 429.4995 203.6521 1.4834 1.6320 4.2263 -15.8212 2.3360 56.9120 1.6885 0.1895
Car -1 -1 -1.3447 529.6641 179.5946 568.1025 206.7063 1.6433 1.6557 3.8867 -3.9465 2.0999 46.7876 -1.4289 0.1652
Car -1 -1 -2.0964 652.1890 181.0669 716.1304 215.1241 1.5129 1.5490 3.4303 3.4876 1.9313 34.8396 -1.9981 0.1256
