Car -1 -1 -1.2950 330.8828 194.7067 484.6290 292.9256 1.4161 1.6106 4.2944 -3.6159 1.8916 13.5238 -1.5523 0.9138
Car -1 -1 -1.8229 705.4367 191.3893 858.7790 296.0710 1.4118 1.5541 3.9005 2.7057 1.7820 12.4126 -1.6145 0.9127
Car -1 -1 -1.6666 670.4712 186.4314 743.2463 245.4948 1.4404 1.6286 4.2808 2.6295 1.8719 20.7492 -1.5432 0.8903
Car -1 -1 -1.4085 513.2545 186.5392 557.6122 217.1561 1.4377 1.6409 4.4082 -3.9122 2.2041 38.1392 -1.5106 0.7867
Car -1 -1 -1.7267 654.7344 185.6327 719.0834 230.8429 1.4759 1.7080 4.3881 2.7454 1.9951 27.0564 -1.6275 0.5202
Car -1 -1 -1.6381 643.4453 184.6115 681.7979 216.6560 1.4926 1.6770 4.2630 2.6270 2.1356 37.3042 -1.5690 0.4316
Car -1 -1 1.8621 426.8841 184.7503 480.8706 217.4289 1.5796 1.6565 4.3151 -8.3337 2.2547 38.7052 1.6510 0.2603
Car -1 -1 -2.2984 766.9173 186.4350 908.6115 246.8939 1.4381 1.5954 3.8533 6.1849 1.8576 20.1800 -2.0059 0.1130
Car -1 -1 1.7859 553.3274 184.5125 579.5044 202.2851 1.4561 1.5590 3.6612 -3.8305 2.5148 63.5705 1.7255 0.1044
Car -1 -1 1.7788 666.9480 176.9475 691.2728 193.0537 1.4903 1.5947 3.8185 6.7020 1.8988 69.8694 1.8737 0.1014
