Pedestrian -1 -1 1.7890 21.9998 161.4335 82.9356 272.6103 1.8167 0.6313 0.9359 -9.5694 1.6304 12.3443 1.1398 0.7982
Car -1 -1 -1.8680 707.3986 183.3265 827.5452 258.2940 1.5165 1.6302 4.0956 3.5646 1.7988 17.3032 -1.6692 0.8759
Car -1 -1 -1.7762 674.8254 185.9620 751.1650 237.1027 1.4331 1.6065 4.1519 3.1939 1.8980 23.4372 -1.6433 0.8288
Car -1 -1 2.1231 103.4455 181.9534 298.0656 260.5518 1.4345 1.6803 4.2749 -8.7602 1.6623 15.8506 1.6249 0.8201
Car -1 -1 1.8407 407.4079 180.2766 464.4800 214.1298 1.4753 1.6285 4.0018 -8.2501 1.8500 34.3596 1.6063 0.8045
Car -1 -1 2.0473 235.6595 181.7240 365.2884 241.0149 1.4558 1.6371 4.1461 -8.6559 1.7342 20.4834 1.6517 0.6898
Car -1 -1 -1.6617 669.8156 185.1209 715.9971 224.2978 1.4211 1.5169 3.4735 3.2362 1.9446 29.0164 -1.5525 0.5206
Car -1 -1 1.9570 447.3354 182.9088 499.6382 212.2456 1.4758 1.5218 3.7492 -7.4758 2.0563 39.6452 1.7714 0.2844
Car -1 -1 1.4182 651.4206 183.2254 701.3723 218.5506 1.4901 1.6883 4.2586 3.0084 2.0091 33.8940 1.5053 0.1136
Car -1 -1 -1.5473 650.8221 182.7589 682.6447 212.9954 1.4825 1.6169 3.8556 3.0460 2.0414 38.6834 -1.4699 0.1107
