Pedestrian -1 -1 1.5092 730.6229 162.2523 763.9131 245.5543 1.7539 0.6488 0.9023 2.9212 1.5311 15.6756 1.6892 0.7729
Car -1 -1 -2.1206 855.0064 193.2744 1218.2023 375.0000 1.3493 1.4798 3.5821 3.9853 1.6161 7.5652 -1.6528 0.8683
Car -1 -1 -1.6892 676.3435 177.2327 720.0940 208.9394 1.4126 1.5879 4.2367 4.1582 1.6373 34.8474 -1.5720 0.8125
Car -1 -1 -1.4609 500.9984 174.9307 552.1735 215.9783 1.5026 1.6013 3.7663 -3.2691 1.5904 28.4869 -1.5746 0.8120
Car -1 -1 -1.8519 785.2478 183.5269 947.8076 287.4447 1.3936 1.4996 3.5756 3.9598 1.5962 11.8569 -1.5380 0.8116
Car -1 -1 -0.8817 0.0000 184.2827 344.9664 375.0000 1.4856 1.5920 3.8288 -3.1184 1.5804 4.0017 -1.5125 0.7328
Car -1 -1 2.0889 156.6779 171.8085 253.1730 214.5153 1.5155 1.5946 3.6379 -15.3238 1.4788 27.4314 1.5834 0.6617
Car -1 -1 -1.8284 733.0447 174.9172 856.7750 247.7261 1.5052 1.7135 4.5080 4.1979 1.5616 17.3171 -1.5952 0.5980
Car -1 -1 2.2752 0.0000 171.7092 75.6281 237.6062 1.4515 1.5752 3.4871 -15.1901 1.4266 17.6347 1.5716 0.4202
Car -1 -1 -1.4418 536.9866 172.7638 575.1885 201.5058 1.5193 1.6265 3.9479 -2.9848 1.5149 40.1542 -1.5159 0.3115
