Cyclist -1 -1 -1.7812 699.5404 164.3133 738.7220 240.9334 1.7473 0.5486 1.8374 2.5566 1.5529 17.3872 -1.6384 0.5930
Car -1 -1 -1.9046 796.1248 179.4904 965.3580 283.8602 1.4529 1.5455 3.3081 4.2226 1.5780 11.9073 -1.5725 0.9084
Car -1 -1 -1.2936 349.7718 166.2528 504.9771 282.7372 1.7900 1.6640 3.9637 -3.1596 1.6889 13.1015 -1.5266 0.8661
Car -1 -1 2.0872 185.5625 174.6821 288.4298 215.8933 1.5601 1.7745 4.4832 -15.2883 1.6417 29.7935 1.6165 0.7753
Car -1 -1 -1.0487 0.0000 184.7668 414.0174 375.0000 1.4909 1.6271 4.0452 -2.9903 1.6161 5.5026 -1.5275 0.6773
Car -1 -1 2.1608 76.4382 179.0427 203.2326 229.1805 1.4464 1.5675 3.7620 -14.9865 1.6618 23.1776 1.5919 0.6541
Car -1 -1 -1.7606 748.3147 177.0339 858.4733 250.0579 1.4318 1.6264 4.0557 4.2023 1.5395 16.4511 -1.5156 0.5474
Car -1 -1 -1.3336 445.0492 163.2245 546.9218 240.0869 1.8935 1.7789 4.4612 -3.0683 1.6567 20.0719 -1.4840 0.5464
Car -1 -1 -1.7073 718.6564 173.3904 790.6351 229.1437 1.5295 1.6017 3.6954 4.2130 1.5474 21.7147 -1.5189 0.5461
Car -1 -1 -1.6887 690.9954 174.9207 747.4178 215.4916 1.4062 1.6047 4.1711 4.0107 1.4908 27.3254 -1.5451 0.5436
Car -1 -1 -1.4349 499.7548 177.3319 557.0389 220.7645 1.4373 1.5731 3.6813 -2.9258 1.6113 26.1178 -1.5459 0.4456
Car -1 -1 -0.4378 801.3071 171.3500 893.2147 201.8430 1.5239 1.6606 4.1860 12.1410 1.4491 37.1415 -0.1246 0.3690
Car -1 -1 2.0512 266.6637 175.6310 343.4726 208.3468 1.4990 1.6907 4.2983 -14.9939 1.6451 35.6468 1.6554 0.3538
Car -1 -1 -1.4087 517.0975 173.7301 570.6232 210.4293 1.5396 1.7249 4.3628 -2.9511 1.5822 32.6112 -1.4987 0.2887
