Car -1 -1 -1.8214 747.9694 184.9354 920.2903 298.3845 1.4235 1.5646 4.0307 3.2819 1.6507 11.5131 -1.5515 0.8858
Car -1 -1 -1.7390 719.7842 182.5570 818.1168 254.4710 1.4203 1.5472 3.8670 3.5040 1.6721 16.7345 -1.5370 0.8742
Car -1 -1 -1.7774 681.6536 178.6677 758.4905 228.4912 1.4662 1.6367 4.2985 3.4960 1.6772 23.9405 -1.6349 0.8623
Car -1 -1 -2.0855 855.3094 184.2232 1242.0000 375.0000 1.4810 1.6526 4.2517 3.3718 1.6025 5.5558 -1.5644 0.8194
Car -1 -1 0.1275 417.8629 175.6893 555.3980 222.7172 1.5585 1.7444 4.5071 -4.2254 1.6608 24.9836 -0.0389 0.7095
Car -1 -1 0.4163 136.6815 176.9537 475.2772 300.0567 1.5257 1.6597 3.9528 -4.0495 1.5875 9.9018 0.0366 0.6375
Car -1 -1 0.4004 218.3333 181.3503 477.9785 271.3144 1.4194 1.5857 3.9115 -4.4578 1.5773 12.4683 0.0631 0.5749
Car -1 -1 0.5114 0.0000 164.3118 412.1902 350.6410 1.6467 1.6320 3.6503 -4.0845 1.5716 7.2100 0.0110 0.5301
Car -1 -1 3.8481 0.0000 184.9733 294.9552 375.0000 1.4850 1.6256 3.9515 -4.3935 1.5771 4.5911 3.1133 0.4277
Car -1 -1 1.4903 668.4838 179.4341 708.6609 210.6365 1.4322 1.6451 4.2767 3.8427 1.7822 36.1836 1.5947 0.3837
Car -1 -1 0.1080 468.6745 172.5365 572.1144 213.9818 1.7072 1.7151 4.1937 -3.7787 1.6945 30.6057 -0.0143 0.2724
