Pedestrian -1 -1 -0.9329 991.3504 152.4009 1076.1018 286.1651 1.6626 0.5832 0.8225 5.4618 1.4088 9.3998 -0.4207 0.5597
Cyclist -1 -1 -2.4787 958.3005 152.2984 1112.7266 294.4686 1.6881 0.5356 1.7809 5.4669 1.4444 9.4890 -1.9700 0.3103
Car -1 -1 -1.8756 266.5082 175.2902 430.4276 281.0587 1.7335 1.7716 4.4055 -5.3400 1.7896 14.2125 -2.2295 0.8445
Car -1 -1 2.4705 1037.9962 150.5397 1230.8373 214.7751 1.7091 1.7187 4.2223 14.5134 1.1157 20.1680 3.0872 0.5102
Car -1 -1 -0.9527 0.0000 213.9045 206.9012 375.0000 1.4192 1.6128 3.9589 -3.8574 1.7536 3.7959 -1.7115 0.3737
Car -1 -1 -0.5325 930.6468 161.3020 1092.1646 209.2806 1.4799 1.6331 4.3013 12.7478 1.1239 23.1432 -0.0347 0.3359
Car -1 -1 0.9550 193.2462 189.9677 280.9367 222.5440 1.4115 1.6393 4.1819 -18.0043 2.2758 34.7309 0.4795 0.2717
Car -1 -1 2.1593 170.7354 191.2482 238.6602 219.7636 1.5006 1.5881 3.9046 -23.8596 2.6376 42.5708 1.6508 0.2581
Car -1 -1 -1.0324 677.0009 169.1339 726.2293 190.9685 1.5022 1.6339 4.1035 6.5817 1.2466 51.7569 -0.9070 0.1662
Car -1 -1 -1.0833 704.1089 164.8544 754.0294 188.7249 1.5622 1.6577 4.0735 8.1519 1.0390 49.3414 -0.9208 0.1160
Car -1 -1 1.4621 663.0323 171.0083 689.6096 191.6476 1.5178 1.5947 3.9033 4.9961 1.3824 55.0251 1.5518 0.1079
