Pedestrian -1 -1 -1.2979 1056.3741 149.4394 1113.3550 250.5851 1.7482 0.6660 0.8327 8.5026 1.3438 12.9937 -0.7292 0.1677
Car -1 -1 -0.4920 845.7879 177.8320 1242.0000 315.8133 1.4465 1.6808 4.1700 5.0878 1.5119 8.5290 0.0300 0.9009
Car -1 -1 -0.3581 735.9590 178.6978 953.5932 250.8837 1.4408 1.6664 4.1237 4.8888 1.5744 15.5060 -0.0589 0.8457
Car -1 -1 1.9887 224.6503 190.7322 403.9955 281.1024 1.3879 1.6003 4.2437 -5.5675 1.7909 14.0897 1.6181 0.8318
Car -1 -1 -0.5396 720.2659 178.1355 885.0653 240.1491 1.4407 1.5795 3.7595 4.8047 1.5842 18.2694 -0.2871 0.7174
Car -1 -1 -0.3991 697.0463 177.8371 847.2939 232.1074 1.4539 1.6145 3.8817 4.5586 1.6051 20.6910 -0.1860 0.7120
Car -1 -1 2.9771 673.4149 176.5358 768.6071 211.5615 1.4740 1.6271 3.8730 4.7368 1.6388 31.3845 3.1249 0.6446
Car -1 -1 2.7357 677.0933 175.1108 818.6017 227.0854 1.5833 1.7045 4.1709 4.3860 1.6608 23.3826 2.9181 0.5754
Car -1 -1 -0.4220 663.0101 177.8332 750.2823 209.8347 1.4446 1.5634 3.8018 4.5393 1.6904 34.2678 -0.2920 0.2222
Car -1 -1 2.1895 0.0000 210.3908 63.4193 375.0000 1.4469 1.5248 3.8354 -5.0458 1.7693 4.1464 1.3383 0.1839
