Pedestrian -1 -1 2.3843 383.6025 163.4974 454.3116 273.5385 1.7877 0.6864 0.9559 -3.3005 1.6361 12.3066 2.1268 0.6287
Car -1 -1 1.9710 132.4371 175.1707 395.2354 320.3737 1.6960 1.8158 4.4612 -4.7979 1.7381 10.7374 1.5593 0.8006
Car -1 -1 1.8543 384.8121 184.7045 471.6768 240.4686 1.4302 1.5171 3.5429 -5.2505 1.8062 21.0697 1.6124 0.7519
Car -1 -1 1.7479 462.5893 179.3267 514.0579 216.0478 1.4878 1.5751 3.9094 -5.3487 1.7918 31.8870 1.5826 0.6885
Car -1 -1 2.0811 133.1404 179.6536 251.9308 225.6121 1.4338 1.6898 4.3230 -14.5146 1.6932 25.3155 1.5648 0.4935
Car -1 -1 0.7421 62.5565 177.3037 188.9250 215.5523 1.4750 1.6839 4.2375 -19.6316 1.6629 29.2513 0.1551 0.4438
Car -1 -1 3.7965 0.0000 198.0178 182.3129 299.9358 1.3505 1.5857 3.9029 -8.8877 1.7569 10.8051 3.1201 0.3853
Car -1 -1 1.6931 416.0458 181.3754 474.7333 227.0831 1.4545 1.5797 3.7344 -5.8101 1.7803 25.6161 1.4718 0.3396
Car -1 -1 0.8499 321.3287 177.4176 413.9513 212.9086 1.4866 1.6384 4.1116 -10.9479 1.7030 32.4093 0.5263 0.3231
Car -1 -1 2.4702 0.0000 201.1118 93.0459 375.0000 1.4580 1.6557 4.2518 -7.4205 1.8113 6.8160 1.6619 0.3038
Car -1 -1 1.0357 191.7366 180.6300 309.7093 233.3814 1.4398 1.5637 3.6334 -10.9404 1.6931 21.8208 0.5755 0.2051
