Pedestrian -1 -1 2.2349 363.6468 167.4427 437.9116 289.2295 1.8006 0.6661 0.9498 -3.2939 1.7209 11.2301 1.9550 0.5945
Car -1 -1 2.0292 56.3539 177.7812 376.7403 343.5276 1.6647 1.8128 4.4857 -4.8075 1.7462 9.6257 1.5763 0.8460
Car -1 -1 1.8765 370.5269 189.1911 466.2600 246.9071 1.3718 1.5206 3.6926 -5.2653 1.8699 20.0964 1.6229 0.7659
Car -1 -1 1.7456 458.0125 183.1139 510.6352 220.3926 1.4363 1.5526 3.9301 -5.3432 1.9033 30.8489 1.5750 0.7191
Car -1 -1 2.1414 105.8409 182.6165 236.8300 231.8578 1.4375 1.6615 4.2907 -14.5031 1.7933 24.0945 1.6042 0.5128
Car -1 -1 1.7179 406.6487 185.3452 470.3813 233.4155 1.4387 1.5599 3.8186 -5.8007 1.8987 24.5812 1.4880 0.5125
Car -1 -1 0.9029 296.1115 180.9893 389.1125 222.0727 1.4890 1.5654 3.5552 -10.5756 1.8273 28.3752 0.5488 0.4933
Car -1 -1 0.6969 33.8236 180.1830 166.3626 220.5866 1.4986 1.6766 4.1112 -19.8703 1.7951 28.1396 0.0864 0.4522
Car -1 -1 0.3477 258.9511 167.5038 334.7643 195.7929 1.6887 1.6986 3.8994 -19.0933 1.3697 44.0325 -0.0594 0.2108
Car -1 -1 3.6939 0.0000 197.3396 178.3143 292.7201 1.4177 1.5156 3.6535 -9.6303 1.8629 12.1579 3.0345 0.1407
Car -1 -1 0.7460 0.0000 202.6865 132.3728 318.4930 1.3574 1.5384 3.6463 -8.7863 1.7916 9.6821 0.0226 0.1363
Car -1 -1 1.1152 166.4011 184.9022 284.4807 241.3840 1.4508 1.5741 3.6855 -11.2683 1.8303 20.9831 0.6274 0.1169
