Car -1 -1 -1.7166 691.8776 185.8455 817.2632 282.5224 1.4544 1.6216 4.2966 2.4867 1.7389 13.6069 -1.5408 0.8966
Car -1 -1 1.8513 387.5400 189.6599 503.0263 259.7672 1.4208 1.6531 4.1937 -3.9487 1.8857 17.7946 1.6353 0.8946
Car -1 -1 -1.8916 763.3575 191.3501 1068.6099 375.0000 1.4364 1.5936 4.1563 2.8276 1.6912 7.8362 -1.5587 0.8935
Car -1 -1 -1.5310 568.3614 185.3680 644.2406 258.0453 1.4399 1.5702 3.4152 -0.0696 1.7587 16.6232 -1.5362 0.8079
Car -1 -1 3.2223 302.3461 187.3710 378.6520 216.9692 1.4627 1.5771 3.6618 -14.2171 2.2557 38.1406 2.8674 0.6636
Car -1 -1 1.7412 551.3036 181.2124 593.8149 211.5259 1.4460 1.5797 3.8497 -1.9308 1.9044 37.5270 1.6896 0.5751
Car -1 -1 2.6563 436.0089 185.2225 507.7559 209.6415 1.3997 1.5561 4.1706 -8.6503 2.2076 45.1987 2.4679 0.5436
Car -1 -1 -1.4212 667.1949 183.7689 735.0660 237.3642 1.4036 1.5167 3.4645 2.7416 1.7580 21.5294 -1.2971 0.4355
Car -1 -1 -2.4540 1041.6781 197.3434 1242.0000 375.0000 1.5001 1.6020 3.7462 2.9517 1.6303 1.9176 -1.5280 0.3939
Car -1 -1 3.2894 117.8456 191.7812 188.3432 214.6082 1.3797 1.5795 3.7299 -30.0549 2.6654 47.5245 2.7277 0.3365
Car -1 -1 3.3582 184.8078 193.2001 270.0640 223.8351 1.4562 1.5493 3.6294 -19.6641 2.5388 37.1515 2.8741 0.2911
Car -1 -1 -1.4428 594.7747 177.7160 653.0231 226.5395 1.6165 1.6412 3.9323 0.5378 1.8085 26.3636 -1.4234 0.2570
