Cyclist -1 -1 1.7478 426.3111 161.3906 478.1265 270.1584 1.7437 0.5556 1.8639 -2.7538 1.5603 12.5061 1.5346 0.6671
Car -1 -1 -1.8929 759.4965 188.5091 1028.7517 370.8169 1.4379 1.5112 3.4447 2.6606 1.6430 7.7090 -1.5736 0.8749
Car -1 -1 -0.4546 373.8184 176.4596 520.2491 230.6688 1.5107 1.6674 4.0974 -5.0181 1.6321 22.2923 -0.6741 0.7738
Car -1 -1 -1.6825 640.3967 171.4100 695.4780 217.0898 1.7609 1.7816 4.3967 2.2884 1.7056 30.0415 -1.6079 0.6837
Car -1 -1 2.9105 169.8594 181.3015 417.3039 271.0995 1.3984 1.5938 3.9525 -5.8332 1.5768 13.3888 2.5063 0.5619
Car -1 -1 -0.0817 0.0000 159.7224 347.0620 356.8174 1.7447 1.6893 3.5589 -5.0796 1.6288 8.1122 -0.6269 0.4006
Car -1 -1 -0.0344 39.5729 181.1977 373.8651 302.4882 1.4434 1.6254 3.9683 -5.7123 1.5849 10.5106 -0.5221 0.2696
Car -1 -1 1.4370 631.3513 177.0218 667.7806 203.9711 1.4774 1.6105 3.8790 2.2313 1.7329 42.1695 1.4890 0.2473
Car -1 -1 -1.7469 608.3599 176.6334 639.3701 198.5433 1.4900 1.6002 3.6290 0.9284 1.7709 51.6449 -1.7295 0.2346
Car -1 -1 3.1788 450.0768 177.4371 531.2837 208.9603 1.5472 1.6412 3.9977 -6.0756 1.7880 36.7851 3.0158 0.2182
Car -1 -1 2.7783 411.7469 178.7269 530.4588 220.6433 1.4857 1.6224 4.2009 -5.3740 1.7275 27.8673 2.5890 0.1984
Car -1 -1 -1.7262 595.0597 173.9474 622.1306 193.3873 1.4663 1.5616 3.7078 -0.1675 1.5554 56.5944 -1.7295 0.1812
Car -1 -1 1.4994 659.0779 181.9873 716.5604 232.0883 1.3844 1.4888 3.8329 2.3122 1.6951 22.5780 1.5993 0.1705
Car -1 -1 -0.3861 385.1188 177.8360 518.7723 226.2360 1.5221 1.6554 4.2001 -5.4624 1.7076 24.9427 -0.6000 0.1524
