Car -1 -1 2.1583 105.7694 199.3722 260.6317 261.2465 1.4321 1.6899 4.3560 -12.1461 2.2802 20.8359 1.6357 0.8913
Car -1 -1 -1.3440 467.4707 189.4205 563.1302 252.2399 1.4595 1.6799 4.5201 -2.5720 1.9801 20.3249 -1.4692 0.8695
Car -1 -1 -1.5194 577.1414 183.1273 614.4584 216.5572 1.5273 1.6703 4.3043 -0.7006 2.0781 36.4780 -1.5391 0.7029
Car -1 -1 2.0209 978.3913 176.1523 1181.6707 265.8240 1.4411 1.6223 4.0238 8.7763 1.5110 13.4693 2.5878 0.6373
Car -1 -1 2.1149 909.6582 175.4161 1076.6173 245.4095 1.4096 1.5856 3.8712 8.6639 1.4739 16.3355 2.5946 0.6256
Car -1 -1 2.6672 824.1129 173.9705 988.0143 229.8906 1.6339 1.7636 4.3453 8.9906 1.6703 22.2070 3.0466 0.5758
Car -1 -1 2.2429 0.0000 204.9836 119.7869 274.3299 1.4711 1.6688 4.0792 -15.3492 2.4194 19.2414 1.5761 0.5644
Car -1 -1 1.8939 1083.1537 174.5444 1242.0000 296.3385 1.4794 1.6086 3.8900 8.6821 1.5085 10.5399 2.5687 0.5008
Car -1 -1 1.9644 272.1423 195.5870 333.5529 227.7831 1.4287 1.5944 3.5611 -15.4244 2.6297 36.3211 1.5651 0.4909
Car -1 -1 2.4953 0.0000 207.3363 81.3091 315.3922 1.4607 1.5935 3.9353 -12.1557 2.1898 13.1624 1.7597 0.4060
Car -1 -1 -1.7015 696.0415 180.8516 726.8162 203.7585 1.5146 1.6491 3.8986 7.1028 2.1023 51.0253 -1.5645 0.2857
Car -1 -1 2.0643 201.9098 198.7361 295.9287 239.7953 1.4458 1.6711 4.3323 -15.0993 2.6142 30.3653 1.6060 0.2142
