Car -1 -1 -1.8046 702.4750 188.7110 835.6063 277.6879 1.4362 1.6067 4.2213 2.9642 1.8034 14.5464 -1.6087 0.9266
Car -1 -1 -2.0353 780.0546 181.4573 1106.6312 362.1114 1.5515 1.6731 4.0658 3.4317 1.6783 8.4967 -1.6647 0.8945
Car -1 -1 1.9623 317.5631 181.1086 411.5458 230.0923 1.5334 1.6685 4.1317 -8.5610 1.8488 25.4174 1.6401 0.8455
Car -1 -1 2.2160 0.0000 187.7853 193.1426 306.1725 1.4633 1.6602 4.2476 -8.8104 1.7474 11.5812 1.5765 0.8009
Car -1 -1 -1.7025 685.3377 184.3549 757.7436 243.1849 1.4529 1.5348 3.4392 2.9921 1.8031 20.2211 -1.5586 0.6705
Car -1 -1 1.8985 390.0963 182.1807 456.6894 220.4716 1.4737 1.5445 3.9873 -7.9217 1.8989 30.8125 1.6485 0.6617
Car -1 -1 -1.7278 662.6336 184.5700 724.5383 232.8063 1.4683 1.5470 3.4860 2.7326 1.8971 24.6036 -1.6194 0.6233
Car -1 -1 1.8552 422.3863 183.4745 477.1281 215.1322 1.4313 1.5633 4.1897 -8.0006 1.9961 36.2000 1.6388 0.2567
Car -1 -1 -1.5988 654.8389 184.3795 697.8468 223.4414 1.4291 1.6276 4.1135 2.6301 1.9381 29.7359 -1.5122 0.2141
Car -1 -1 1.3267 624.8354 181.1317 660.3676 203.7117 1.4862 1.5598 4.1301 2.2419 2.0997 51.2642 1.3696 0.1623
