Car -1 -1 -0.5926 886.0431 180.9042 1242.0000 321.7263 1.5271 1.6514 3.7978 5.5470 1.6363 8.8425 -0.0482 0.8445
Car -1 -1 1.9482 34.5756 181.2586 391.4983 375.0000 1.4870 1.6126 3.8791 -3.5066 1.5940 7.1636 1.5067 0.8025
Car -1 -1 2.7942 728.7692 181.9658 915.2985 248.8828 1.3837 1.5352 3.6796 4.5906 1.5983 16.0654 3.0668 0.7814
Car -1 -1 -0.3579 707.9113 173.2745 891.6738 238.4398 1.6041 1.7418 4.3119 4.8386 1.6161 18.8787 -0.1115 0.7558
Car -1 -1 1.7320 405.0319 180.2790 491.0327 241.4958 1.4106 1.5946 3.9295 -4.2200 1.6283 19.1141 1.5170 0.7409
Car -1 -1 2.5028 801.6639 183.3359 1087.4567 287.3326 1.4271 1.5998 3.9236 5.1474 1.6102 11.3596 2.9176 0.6428
Car -1 -1 -1.5742 590.9881 176.7313 616.9403 201.0098 1.4614 1.5843 3.7701 -0.4260 1.7188 45.9309 -1.5839 0.4755
Car -1 -1 2.3853 1004.6713 196.5326 1242.0000 375.0000 1.4163 1.5773 3.8862 5.5081 1.6360 5.8428 3.1155 0.4096
Car -1 -1 -0.2531 668.9141 176.1128 787.5981 218.8244 1.4665 1.6075 3.9250 4.1531 1.5884 25.9121 -0.0966 0.4027
Car -1 -1 -0.4471 648.0506 177.8910 744.6721 212.4472 1.4224 1.5816 3.8846 3.7197 1.6522 31.4793 -0.3311 0.3369
Car -1 -1 2.9040 642.6070 176.7991 726.4631 206.5365 1.4285 1.5928 3.8932 3.6503 1.6314 35.9937 3.0037 0.2524
Car -1 -1 -0.6205 661.8506 176.0593 760.0333 216.1473 1.4930 1.5651 3.6317 3.9772 1.6275 28.6543 -0.4846 0.2177
