Pedestrian -1 -1 1.3505 1075.4528 147.8413 1160.4720 324.0048 1.7578 0.5540 0.8335 5.3285 1.5086 7.6854 1.9382 0.5801
Pedestrian -1 -1 2.2104 852.0461 165.7569 971.9425 375.0000 1.6765 0.5706 0.8243 2.5121 1.6210 6.1376 2.5808 0.5127
Pedestrian -1 -1 2.4766 894.6047 162.2458 943.9452 238.4099 1.7615 0.5621 0.9249 7.2672 1.5165 17.0786 2.8721 0.4868
Pedestrian -1 -1 2.0972 869.2311 159.7613 909.4354 234.0655 1.8198 0.6057 0.8442 6.9873 1.4995 18.1695 2.4583 0.3069
Pedestrian -1 -1 -2.8413 685.4563 169.8215 710.2675 215.6254 1.7442 0.6028 0.8122 3.3584 1.6290 27.9129 -2.7234 0.2761
Pedestrian -1 -1 2.2740 1180.7174 139.6172 1242.0000 296.8544 1.8022 0.6090 0.7210 7.3699 1.4216 8.6309 2.9636 0.1971
Pedestrian -1 -1 1.5683 1145.2783 148.4742 1206.3969 306.2028 1.7200 0.5351 0.6625 6.4315 1.4545 8.2908 2.2105 0.1843
Pedestrian -1 -1 1.0185 815.4055 165.7718 879.8423 294.6004 1.6604 0.5269 0.7039 3.1301 1.5695 9.7028 1.3206 0.1739
Pedestrian -1 -1 -1.6480 1003.2910 158.0613 1067.9779 331.7648 1.7473 0.5213 0.7487 4.4712 1.5989 7.7045 -1.1396 0.1603
Pedestrian -1 -1 1.8171 974.5958 144.4406 1142.7427 375.0000 1.7696 0.6287 0.7072 2.3280 1.6378 3.8259 2.3289 0.1315
Pedestrian -1 -1 -1.9236 775.1571 168.1078 793.2008 203.2785 1.7568 0.6371 0.8303 8.7666 1.5201 36.4881 -1.6900 0.1237
Pedestrian -1 -1 1.4577 800.4692 165.4845 816.1309 201.9167 1.8220 0.6717 0.8358 10.0019 1.4538 36.5450 1.7224 0.1096
Cyclist -1 -1 -1.1674 681.0430 169.9128 713.9309 216.5765 1.7466 0.5801 1.8774 3.3634 1.6369 27.9632 -1.0496 0.2550
Cyclist -1 -1 -0.0399 931.8864 117.2356 1242.0000 375.0000 1.8118 0.5536 1.8052 2.6258 1.5781 3.7327 0.5358 0.1673
Cyclist -1 -1 -1.1800 728.6204 170.3661 751.5342 203.4035 1.7553 0.5490 1.9024 7.0567 1.6234 39.2819 -1.0040 0.1447
Car -1 -1 2.2364 0.0000 192.8909 273.4958 375.0000 1.4729 1.6068 4.0671 -4.7393 1.7020 6.1757 1.6022 0.7667
Car -1 -1 0.3762 295.6847 184.6091 372.1939 211.7225 1.4583 1.5805 3.6704 -15.4233 2.1288 40.3231 0.0127 0.1234
