Car -1 -1 1.8302 361.3903 185.9628 501.4819 285.2650 1.4741 1.5471 3.5892 -3.0988 1.7438 13.0040 1.5999 0.8853
Car -1 -1 -1.8307 712.5712 182.0287 900.5925 311.6701 1.4751 1.5863 3.7543 2.5322 1.6315 10.3745 -1.5990 0.8708
Car -1 -1 -1.9467 809.2797 188.5235 1242.0000 375.0000 1.4369 1.5810 3.9527 2.6364 1.5965 5.3080 -1.5089 0.8470
Car -1 -1 3.6398 0.0000 196.0423 302.3147 305.2132 1.3993 1.6295 3.9589 -6.8953 1.7706 10.5944 3.0739 0.8363
Car -1 -1 -1.6888 661.4191 180.4521 730.0201 235.4333 1.4177 1.5282 3.6214 2.3530 1.6575 20.9215 -1.5792 0.7805
Car -1 -1 -1.7242 685.5126 179.0249 787.8708 260.5579 1.4382 1.5024 3.3752 2.4059 1.5785 14.6722 -1.5659 0.6844
Car -1 -1 3.5767 94.8079 179.1313 368.5814 271.8464 1.6077 1.7138 4.2351 -6.9873 1.7341 13.5609 3.1085 0.6693
Car -1 -1 -1.6574 642.9741 177.3557 694.7663 222.2538 1.5189 1.5796 3.5065 2.0579 1.6958 26.5223 -1.5815 0.5891
Car -1 -1 3.3185 310.7284 182.3727 457.9571 231.2581 1.4172 1.5934 4.1362 -6.9342 1.7263 22.3608 3.0207 0.3970
Car -1 -1 0.1987 243.2402 177.1316 412.7024 242.3701 1.6127 1.6872 3.9262 -7.3952 1.7334 19.1411 -0.1658 0.2864
Car -1 -1 -1.6701 635.5738 178.0442 680.5146 215.5536 1.4757 1.5384 3.6642 1.9510 1.7107 30.7579 -1.6080 0.2459
