Car -1 -1 2.1217 14.1272 195.8527 324.5789 351.1942 1.4014 1.5290 3.5678 -5.0892 1.7420 8.8581 1.6126 0.9090
Car -1 -1 1.8587 227.6729 186.4063 383.4494 280.6337 1.4427 1.6113 3.9572 -5.6035 1.7385 13.6794 1.4761 0.8539
Car -1 -1 1.8267 367.2680 182.4639 466.5385 244.4880 1.4728 1.6387 4.0355 -5.2019 1.7635 19.7750 1.5722 0.7903
Car -1 -1 1.1638 19.7532 176.9820 188.3752 259.6875 1.5115 1.5797 3.6005 -10.5805 1.6068 14.9675 0.5566 0.6397
Car -1 -1 1.7480 416.6507 178.9208 489.2172 229.6477 1.5419 1.6755 4.2955 -5.2962 1.7676 24.6238 1.5378 0.6306
Car -1 -1 1.1521 0.0000 177.3580 101.6820 277.4912 1.4671 1.5590 3.6077 -10.5470 1.5529 12.1887 0.4495 0.6111
Car -1 -1 1.1374 100.8861 175.8510 255.6895 245.9160 1.4942 1.6266 4.1182 -10.5002 1.5744 17.3762 0.6004 0.3906
Car -1 -1 1.1056 155.6371 175.1714 291.4260 233.1368 1.4607 1.6235 4.2522 -10.9328 1.5321 20.2211 0.6152 0.3013
Car -1 -1 1.3001 281.4535 173.3479 356.6410 218.8877 1.5100 1.5603 3.7432 -10.5517 1.5295 25.9247 0.9168 0.2801
Car -1 -1 -0.7478 318.5602 177.7480 405.6853 215.4251 1.4498 1.4885 3.2947 -10.2938 1.6661 30.0328 -1.0757 0.2752
