Pedestrian -1 -1 1.2149 1194.6357 127.4756 1242.0000 248.9600 1.8262 0.6650 0.8992 9.7660 1.1444 11.3787 1.9113 0.3737
Car -1 -1 -0.3734 784.0403 171.8693 1099.3735 270.1490 1.4803 1.7196 4.3556 5.1664 1.4658 11.7891 0.0297 0.9085
Car -1 -1 2.2305 0.0000 208.1314 253.0633 375.0000 1.4168 1.5378 3.7321 -5.4966 1.8747 7.4580 1.6119 0.8749
Car -1 -1 -0.3251 715.5535 175.0602 894.0867 235.3791 1.4805 1.6813 4.1616 4.9349 1.5413 18.7684 -0.0725 0.8020
Car -1 -1 1.9197 306.5197 189.9054 438.4463 261.2667 1.3948 1.6122 4.2458 -5.5494 1.8547 17.2852 1.6129 0.7952
Car -1 -1 -0.4759 688.2181 175.0976 813.1730 223.7328 1.5209 1.6231 3.7538 4.6131 1.6000 23.9946 -0.2889 0.6854
Car -1 -1 -0.4650 701.2579 177.7805 846.9254 229.6502 1.4278 1.6018 3.9022 4.7801 1.5825 21.3535 -0.2485 0.6231
Car -1 -1 2.9859 667.4924 175.9785 755.9857 208.2006 1.5004 1.6445 3.9934 4.7958 1.6545 34.6244 3.1218 0.5745
Car -1 -1 2.7124 671.3799 174.9025 798.3526 220.0962 1.5735 1.7233 4.2917 4.5419 1.6534 26.6339 2.8788 0.5513
Car -1 -1 -0.5428 660.1928 176.6369 740.6461 206.6966 1.4832 1.6085 3.8784 4.6671 1.6882 37.5094 -0.4205 0.2750
