Car -1 -1 -1.8765 756.6553 187.6005 1043.2539 369.3941 1.4108 1.5655 4.1269 2.7518 1.6172 8.0065 -1.5580 0.8819
Car -1 -1 -1.7268 692.0631 180.2639 814.6251 272.8354 1.4499 1.5905 4.0158 2.4880 1.6111 13.6449 -1.5513 0.8758
Car -1 -1 -1.7202 660.1139 177.6311 744.7263 240.8687 1.4551 1.5888 3.9195 2.2576 1.5936 18.8846 -1.6038 0.8463
Car -1 -1 1.7349 486.4081 178.7812 545.2672 222.7965 1.4626 1.5544 3.6158 -3.4041 1.6941 26.3023 1.6069 0.8329
Car -1 -1 3.4140 252.4362 185.0260 415.5182 242.0163 1.3766 1.5764 3.6721 -7.1239 1.7096 18.7717 3.0555 0.8150
Car -1 -1 0.7067 0.0000 188.2999 225.6358 350.6536 1.5024 1.6529 3.8668 -6.5295 1.6863 7.7048 0.0205 0.8054
Car -1 -1 -1.6676 638.6844 178.5447 687.2423 217.0079 1.4232 1.5756 3.8582 2.0391 1.6694 29.2229 -1.5992 0.5960
Car -1 -1 -1.6844 650.9963 178.7856 711.4542 228.7926 1.4439 1.5110 3.4459 2.1517 1.6475 22.9828 -1.5930 0.4817
Car -1 -1 3.4046 285.7274 172.3273 452.6458 231.6416 1.7074 1.7574 4.4714 -7.1959 1.6926 21.7639 3.0884 0.4658
Car -1 -1 0.5620 0.0000 186.7276 360.6389 303.4418 1.4850 1.6841 4.3585 -6.0945 1.7018 10.3262 0.0396 0.4448
Car -1 -1 3.2630 382.5131 175.7079 491.8857 215.3776 1.6144 1.7294 4.3346 -7.2914 1.7403 30.6189 3.0307 0.3134
Car -1 -1 -1.6631 628.3028 175.3176 667.7700 208.1781 1.4980 1.5754 3.5592 1.7576 1.6240 34.9733 -1.6138 0.2450
