Pedestrian -1 -1 -1.3840 60.5113 154.2993 107.5718 249.3259 1.7962 0.5994 0.8162 -10.3385 1.4458 14.1321 -2.0068 0.4830
Pedestrian -1 -1 -1.1877 17.2641 154.9031 69.8748 249.2343 1.7650 0.5735 0.7047 -10.9616 1.4295 13.9144 -1.8458 0.2919
Car -1 -1 3.4620 247.7489 183.0384 446.1047 246.3133 1.4181 1.6314 4.1678 -6.2416 1.6749 17.3053 3.1202 0.9022
Car -1 -1 -2.8435 337.9011 181.5462 491.1773 232.6743 1.4806 1.6849 4.2285 -5.9600 1.7587 22.1264 -3.1041 0.8237
Car -1 -1 3.0122 510.9390 177.2732 571.0237 201.9356 1.6754 1.7242 4.0182 -4.9015 1.9946 50.7669 2.9160 0.3485
Car -1 -1 -1.5186 603.8283 178.9147 633.2905 205.9263 1.5803 1.6534 3.5143 0.5341 1.9724 44.8281 -1.5073 0.2705
Car -1 -1 -1.5800 657.7224 180.2879 680.3193 201.0912 1.4619 1.6307 4.0448 4.3873 2.0426 54.2583 -1.5002 0.2696
Car -1 -1 -2.1584 0.0000 0.0000 1242.0000 375.0000 1.4838 1.5955 3.7951 2.1999 1.6130 1.2778 -1.2101 0.2353
Car -1 -1 3.2734 463.8503 182.0441 544.1842 210.2399 1.4519 1.6709 4.0655 -5.6549 1.9546 38.5759 3.1283 0.2151
Car -1 -1 -2.9635 478.4255 179.5571 550.6349 205.3395 1.5069 1.6831 4.0924 -5.7644 1.9210 43.5938 -3.0946 0.1843
Car -1 -1 0.9186 1196.8528 179.2948 1242.0000 348.0493 1.5122 1.5766 3.8257 9.1003 1.6074 8.6213 1.7135 0.1248
Car -1 -1 1.0632 1120.6537 184.3455 1242.0000 247.7074 1.4356 1.6543 4.3987 15.8306 1.7831 19.4879 1.7374 0.1185
