Pedestrian -1 -1 -0.2990 1144.4230 163.0409 1224.0000 281.2872 1.8176 0.6360 0.9468 9.2867 1.5509 11.3328 0.3753 0.8690
Pedestrian -1 -1 0.9675 734.8667 164.6940 781.6561 248.8862 1.7705 0.5831 0.9035 3.2871 1.4397 15.3929 1.1754 0.8415
Pedestrian -1 -1 0.7278 710.1948 163.9160 757.2279 242.6439 1.7848 0.5876 0.9278 2.9724 1.4105 16.5708 0.9037 0.8063
Pedestrian -1 -1 0.5536 668.5886 161.6757 714.0502 236.5764 1.8175 0.6212 0.9435 2.1210 1.3623 17.6884 0.6725 0.7577
Pedestrian -1 -1 0.4385 680.1702 161.2566 724.3714 235.5589 1.8631 0.5736 0.9786 2.4712 1.3822 18.2303 0.5726 0.7467
Pedestrian -1 -1 0.5882 720.3969 161.6395 767.2161 237.6750 1.8225 0.5517 0.9975 3.3915 1.3720 17.4885 0.7781 0.6435
Pedestrian -1 -1 0.5761 690.0812 163.9617 739.5576 246.5259 1.7970 0.5935 0.9267 2.4297 1.4387 15.9134 0.7263 0.5881
Pedestrian -1 -1 -2.1753 498.0381 166.4633 526.0081 215.6694 1.8284 0.6208 0.9542 -3.5573 1.3083 26.8299 -2.3039 0.3408
Pedestrian -1 -1 2.0206 559.5458 168.8501 581.0327 209.4946 1.7995 0.6301 0.9180 -1.5781 1.2851 31.8439 1.9733 0.3370
Pedestrian -1 -1 2.0468 572.3344 168.3112 593.1717 209.0637 1.7756 0.5900 0.8690 -1.0015 1.2460 31.3203 2.0169 0.2727
Cyclist -1 -1 -1.3940 518.0936 164.3999 552.0998 233.7124 1.7910 0.5833 1.9663 -1.9179 1.3766 19.2687 -1.4899 0.8348
Car -1 -1 -1.9695 877.8629 180.9858 946.8555 214.8555 1.4581 1.6030 3.5944 13.9308 1.4829 32.2864 -1.5642 0.6784
Car -1 -1 -2.1362 926.7402 182.2591 1010.6429 215.6134 1.4156 1.5573 3.8573 16.4410 1.5021 32.2068 -1.6666 0.6181
Car -1 -1 -2.2459 1117.0148 183.7768 1224.0000 217.3372 1.4221 1.6303 4.3267 25.9474 1.5845 32.5469 -1.5762 0.5579
Car -1 -1 1.1055 989.2513 182.6893 1072.6372 217.2121 1.4763 1.6375 4.0212 19.4746 1.5849 32.5542 1.6418 0.5069
Car -1 -1 -1.5942 608.2146 175.7078 633.1035 198.6738 1.4172 1.5146 3.3940 0.9725 1.1228 45.3231 -1.5712 0.2956
