Car -1 -1 1.9398 125.5767 191.1767 347.4691 312.4223 1.4426 1.6332 4.1303 -5.6019 1.7851 11.3486 1.4899 0.8570
Car -1 -1 1.8833 332.2955 184.5926 454.4096 257.2631 1.4781 1.6274 4.0237 -5.0965 1.7942 17.3667 1.6013 0.8453
Car -1 -1 2.2656 0.0000 206.7368 250.3570 375.0000 1.3935 1.5420 3.7470 -5.0642 1.7879 6.4794 1.6217 0.7920
Car -1 -1 1.8262 394.3046 180.4228 483.1377 236.5183 1.5356 1.6686 4.1777 -5.2441 1.7934 22.4297 1.5986 0.7299
Car -1 -1 1.1973 28.4670 175.6090 207.5760 258.6220 1.5075 1.6543 4.3066 -10.4331 1.5728 15.1266 0.6016 0.5613
Car -1 -1 1.1543 113.0669 176.4422 264.2254 243.9181 1.4786 1.6441 4.3215 -10.5943 1.5778 17.9475 0.6273 0.2632
Car -1 -1 1.2500 0.0000 178.4134 115.9740 278.0139 1.4916 1.5763 3.5825 -10.4173 1.6017 12.6147 0.5699 0.2630
Car -1 -1 1.1287 235.5050 174.8472 343.8378 224.4318 1.4885 1.6333 4.1846 -10.6695 1.5601 23.8019 0.7111 0.2532
Car -1 -1 1.4226 476.4017 180.0747 507.0621 202.6187 1.4681 1.5822 3.6348 -8.2928 1.9908 50.2198 1.2593 0.1257
Car -1 -1 -0.7341 296.6683 178.9421 405.5491 220.6235 1.4630 1.5786 3.9346 -10.0040 1.7178 28.0441 -1.0741 0.1212
