Pedestrian -1 -1 -0.1369 797.8428 164.1369 809.4978 204.7437 1.7308 0.5175 0.4153 8.2875 1.3596 31.0340 0.1213 0.2198
Pedestrian -1 -1 0.3714 434.0672 169.0242 478.2302 264.5987 1.7194 0.6280 0.6127 -2.8881 1.6509 13.3370 0.1613 0.1441
Car -1 -1 -1.7927 691.5402 179.3477 821.3544 265.8894 1.4660 1.6239 4.2121 2.7427 1.6177 14.6787 -1.6126 0.8951
Car -1 -1 -1.7422 663.1224 179.6793 748.8145 238.8324 1.4507 1.6448 4.3040 2.5395 1.6646 20.3882 -1.6209 0.8325
Car -1 -1 -2.0669 831.2229 184.6148 1242.0000 375.0000 1.4811 1.6453 4.1967 2.9841 1.5996 5.1499 -1.5674 0.8052
Car -1 -1 -1.6477 641.9490 179.7347 686.2510 215.7545 1.4112 1.5789 3.9733 2.2242 1.7264 31.0185 -1.5774 0.7550
Car -1 -1 2.2466 53.1102 194.1193 180.5144 240.1969 1.4293 1.5978 4.1561 -17.9747 2.2734 26.4893 1.6549 0.7099
Car -1 -1 2.1659 179.6569 191.9181 264.7122 226.6958 1.3863 1.5446 3.7952 -17.6111 2.3077 32.8870 1.6773 0.5361
Car -1 -1 2.0603 251.6814 177.7859 339.0567 222.6698 1.8587 1.7698 4.3517 -14.1346 2.0973 32.6112 1.6539 0.3398
Car -1 -1 -1.6248 633.1118 179.2133 669.4166 211.2937 1.5008 1.6142 3.6896 1.9937 1.8376 36.3292 -1.5710 0.2689
Car -1 -1 -1.5220 618.2292 178.7066 645.5020 202.8137 1.4246 1.5442 3.6743 1.3786 1.8089 45.4455 -1.4924 0.2510
Car -1 -1 -0.6667 0.0000 200.0619 56.9299 264.6076 1.4431 1.6385 4.2570 -18.2521 2.2918 20.2564 -1.3937 0.1810
