Pedestrian -1 -1 -0.4481 708.0526 167.4901 752.8045 246.5033 1.6462 0.5868 0.7630 2.5184 1.5348 15.4204 -0.2902 0.3280
Cyclist -1 -1 -1.9062 708.0758 168.4837 759.7087 251.9072 1.6870 0.5273 1.7661 2.5826 1.5989 15.5033 -1.7451 0.3618
Car -1 -1 -2.0281 853.9391 185.6104 1137.5273 342.4076 1.4248 1.5140 3.3497 4.1723 1.6055 8.5151 -1.5871 0.9022
Car -1 -1 -1.1962 229.2755 162.5430 474.0561 329.7059 1.7767 1.6806 3.9185 -3.1959 1.6675 9.6744 -1.5081 0.8801
Car -1 -1 -1.8703 772.1871 182.6984 923.6904 276.8543 1.4071 1.5336 3.5235 4.0234 1.6078 12.9152 -1.5757 0.7845
Car -1 -1 2.2488 0.0000 181.2133 136.0759 240.5505 1.4275 1.5477 3.6617 -15.0298 1.6780 19.7339 1.6043 0.7709
Car -1 -1 -1.4047 479.5915 180.2990 548.2260 230.4746 1.4092 1.5441 3.6897 -2.9816 1.6630 22.6886 -1.5345 0.7027
Car -1 -1 2.1766 125.6662 176.5805 251.9473 220.7787 1.4540 1.7636 4.4292 -15.2704 1.6026 26.4012 1.6564 0.6947
Car -1 -1 -1.8268 721.7590 178.2267 823.8759 241.7271 1.4265 1.5781 3.8816 3.9959 1.5795 18.5168 -1.6183 0.5666
Car -1 -1 -1.6172 671.6110 172.5195 705.2092 202.9196 1.6063 1.6656 3.8171 4.2745 1.5890 40.0755 -1.5122 0.5287
Car -1 -1 -1.4099 509.3114 175.1583 566.4025 217.7328 1.5785 1.6507 4.0963 -2.8704 1.6785 29.0727 -1.5080 0.5230
Car -1 -1 -0.3728 815.1221 176.1764 918.8869 207.9671 1.4388 1.6628 4.2588 11.9291 1.5987 33.7505 -0.0363 0.5196
Car -1 -1 -1.2768 396.0869 156.5744 537.4665 258.2930 1.9871 1.8551 4.6794 -3.1116 1.6694 16.5200 -1.4609 0.5073
Car -1 -1 -1.7024 699.4990 176.6003 765.9821 225.1057 1.4487 1.6231 4.0234 3.9264 1.5837 23.8960 -1.5422 0.4772
