Car -1 -1 -1.9657 805.1121 183.3081 1152.2594 375.0000 1.4124 1.5647 4.0215 3.2952 1.5506 7.5022 -1.5673 0.9055
Car -1 -1 -1.6957 695.4560 179.9707 774.7480 242.9194 1.4116 1.5224 3.5345 3.0395 1.6109 18.3763 -1.5352 0.8492
Car -1 -1 -1.8414 738.9227 176.1288 886.5613 275.6386 1.5200 1.5745 3.6004 3.4061 1.5874 12.9537 -1.5908 0.8390
Car -1 -1 -1.5379 596.3192 176.0413 621.8560 198.7957 1.4773 1.6230 3.9847 -0.0574 1.7050 49.4252 -1.5395 0.6159
Car -1 -1 -1.7722 686.2957 175.2323 756.0975 227.1270 1.5608 1.5726 3.4668 3.5160 1.6449 23.6362 -1.6270 0.5878
Car -1 -1 -1.7024 660.0573 177.1517 708.1465 211.6847 1.4878 1.6761 4.2397 3.3590 1.7020 33.7640 -1.6046 0.5753
Car -1 -1 1.5144 677.6394 177.4685 727.2311 219.7007 1.4861 1.6447 4.3446 3.4803 1.6803 28.0934 1.6358 0.5244
Car -1 -1 -1.5809 653.2708 176.0735 683.7079 205.6432 1.5082 1.5665 3.5754 3.1035 1.6910 39.0371 -1.5027 0.3331
Car -1 -1 -2.3293 0.0000 0.0000 1242.0000 375.0000 1.4651 1.5886 3.7702 3.0316 1.6126 1.8190 -1.3688 0.2781
Car -1 -1 -1.5635 639.9625 173.8901 659.0678 191.2856 1.4560 1.6046 4.1455 3.4273 1.5495 62.7585 -1.5095 0.1602
