Car -1 -1 2.1248 171.4468 195.9565 273.9334 239.6534 1.4194 1.6283 3.8967 -14.6974 2.3659 27.5474 1.6383 0.8609
Car -1 -1 -1.7933 740.7424 179.9308 912.0665 306.4468 1.4703 1.5228 3.4988 2.8429 1.5897 10.3576 -1.5338 0.8334
Car -1 -1 2.1728 46.5812 199.6477 161.1204 245.9995 1.4785 1.6634 3.7718 -18.8940 2.5548 27.0834 1.5680 0.8077
Car -1 -1 -1.7188 659.2657 176.0159 724.2328 223.2594 1.4792 1.6154 4.0995 2.6918 1.5981 24.9500 -1.6133 0.7761
Car -1 -1 -1.7640 687.9236 177.8352 787.6465 250.9864 1.4726 1.5505 3.5938 2.7666 1.6000 16.5905 -1.6025 0.7735
Car -1 -1 -1.6445 634.9213 179.5200 673.6500 212.0966 1.4168 1.5378 3.7086 1.9990 1.7486 34.0087 -1.5869 0.3768
Car -1 -1 1.8564 422.1623 181.9793 453.8247 199.9217 1.5094 1.6751 4.1327 -15.4593 2.3578 64.9477 1.6233 0.1506
Car -1 -1 -1.7604 616.3260 179.3127 657.8897 207.3526 1.4386 1.5968 3.8173 1.4148 1.8145 39.9496 -1.7258 0.1131
Car -1 -1 1.7242 603.6268 174.7999 631.8419 194.9634 1.4930 1.6034 3.9585 0.6092 1.6497 55.9084 1.7347 0.1064
Car -1 -1 2.0172 326.7775 189.9614 374.0624 212.9576 1.4926 1.6017 4.0866 -18.7048 2.7782 52.0896 1.6737 0.1028
