Pedestrian -1 -1 2.0830 656.6448 168.9643 679.3652 210.6326 1.8043 0.6349 0.9104 2.5191 1.6363 31.7965 2.1607 0.1405
Car -1 -1 -1.3040 345.4481 171.9400 500.9662 281.5135 1.6362 1.6480 3.8641 -3.1418 1.6229 12.7263 -1.5421 0.8921
Car -1 -1 -1.8991 687.3366 181.1396 772.8546 230.3347 1.3829 1.5444 3.6739 3.6629 1.6683 22.8767 -1.7431 0.8671
Car -1 -1 -1.3935 440.1081 176.1108 522.4839 239.4045 1.5070 1.5459 3.4832 -3.3567 1.6014 19.1014 -1.5658 0.7339
Car -1 -1 -1.6845 683.4534 178.9581 735.9296 220.1904 1.4192 1.5389 3.5800 3.6455 1.6647 27.1697 -1.5532 0.6953
Car -1 -1 -1.4587 527.8504 175.4616 561.4886 201.8013 1.5093 1.6086 3.8440 -3.9426 1.6744 43.6647 -1.5486 0.5934
Car -1 -1 -0.9905 0.0000 131.9301 351.5448 375.0000 1.7012 1.6655 4.1051 -3.2178 1.5626 4.5095 -1.5834 0.5459
Car -1 -1 -1.1900 546.0817 174.4313 585.2603 195.0580 1.5084 1.6206 4.0124 -3.3759 1.6342 55.2506 -1.2511 0.1553
Car -1 -1 1.9551 310.4178 173.1355 365.3460 199.9765 1.5026 1.6237 4.0391 -15.9772 1.5203 42.4734 1.5971 0.1451
Car -1 -1 -0.6722 1103.5214 189.8802 1198.4546 225.7256 1.6401 1.5670 3.4221 25.8996 2.4782 34.6557 -0.0351 0.1183
Car -1 -1 2.1475 219.1375 174.8053 306.7381 209.7948 1.4605 1.6192 4.0025 -15.5308 1.5542 32.4390 1.7039 0.1092
