Car -1 -1 1.8570 227.1431 181.0726 440.4813 324.0841 1.4953 1.5932 3.7428 -3.4744 1.6276 9.6707 1.5199 0.8390
Car -1 -1 -0.5530 826.3997 186.6941 1106.2806 291.6641 1.4729 1.6161 3.6811 5.4680 1.7116 11.4070 -0.1170 0.7741
Car -1 -1 1.7562 431.0341 180.6854 507.4647 235.2057 1.4516 1.5763 3.7241 -4.1636 1.7068 21.6084 1.5675 0.7618
Car -1 -1 -0.3809 715.0939 185.2406 875.8148 242.2854 1.3550 1.5404 3.7050 4.6763 1.6922 18.5988 -0.1391 0.7441
Car -1 -1 2.5861 888.3942 197.1372 1242.0000 329.2035 1.3452 1.5478 3.5854 5.2929 1.6562 8.4335 3.1299 0.6936
Car -1 -1 -0.4078 700.8696 174.9805 864.4171 234.3917 1.6549 1.7766 4.3859 5.0334 1.7223 21.4557 -0.1812 0.6885
Car -1 -1 2.5825 767.0596 186.3881 1006.5523 268.7200 1.3987 1.6109 4.0740 5.2059 1.6817 13.8604 2.9339 0.6542
Car -1 -1 2.9437 669.2403 177.0696 769.1270 216.5059 1.4952 1.5781 3.6472 4.2116 1.6668 28.4265 3.0887 0.5203
Car -1 -1 -1.6509 593.3094 179.4006 621.5541 202.2353 1.4348 1.5798 3.9457 -0.2401 1.8939 48.5323 -1.6563 0.3336
Car -1 -1 1.6155 642.9446 181.1273 677.3679 210.0708 1.3833 1.6232 4.3034 2.6528 1.8448 37.9854 1.6841 0.1681
Car -1 -1 -1.1894 665.5986 179.3402 731.5610 215.1087 1.4141 1.5724 3.7126 3.8538 1.7135 31.2559 -1.0684 0.1349
