Pedestrian -1 -1 -1.2782 738.8528 168.9012 787.0368 272.3152 1.7473 0.5976 0.9250 2.6574 1.6809 12.7376 -1.0782 0.7621
Car -1 -1 1.9861 936.9939 194.7244 1088.0653 273.3919 1.3949 1.5176 3.6184 8.6188 1.9151 15.4430 2.4862 0.7488
Car -1 -1 -1.5390 53.3099 182.7251 161.5047 272.1687 1.5054 1.6010 3.5293 -10.0171 1.7302 14.4841 -2.1357 0.6846
Car -1 -1 -0.8316 529.2370 179.6158 651.7125 235.1854 1.4373 1.5585 3.5737 -0.5432 1.6516 20.9735 -0.8580 0.6627
Car -1 -1 2.3185 470.1514 178.5923 598.8199 229.0307 1.4160 1.6491 4.1936 -2.3398 1.6159 22.9182 2.2173 0.5154
Car -1 -1 1.8970 1030.9557 190.1242 1149.9841 255.9722 1.4839 1.5438 3.6027 12.5661 1.9773 18.8783 2.4763 0.4885
Car -1 -1 2.5855 297.3608 178.6889 390.0136 214.4559 1.4328 1.5017 3.5129 -11.5533 1.7016 31.3491 2.2348 0.4790
Car -1 -1 1.7546 1137.3506 185.9153 1206.3390 226.3881 1.5206 1.6096 3.9421 23.5560 2.1034 30.2578 2.4108 0.4157
Car -1 -1 2.4067 426.7298 178.6735 537.9142 224.2201 1.4073 1.5031 3.6904 -4.3392 1.6223 24.6977 2.2341 0.3099
Car -1 -1 -0.4967 266.8574 178.4570 360.8793 214.1989 1.5044 1.5713 3.6570 -13.4753 1.7750 32.8786 -0.8831 0.3066
