Pedestrian -1 -1 -0.6558 667.1686 174.5957 711.7062 252.5157 1.6154 0.5157 0.7965 1.6454 1.6540 15.4037 -0.5525 0.1684
Car -1 -1 -2.0355 820.5776 189.2261 1242.0000 375.0000 1.4525 1.5599 3.6712 2.7913 1.6136 5.2441 -1.5707 0.8241
Car -1 -1 2.1425 97.4753 185.6840 264.1667 256.8544 1.5450 1.6481 4.1904 -10.8538 1.9133 18.5618 1.6193 0.6422
Car -1 -1 1.1070 382.4000 183.0294 529.5706 253.1191 1.4336 1.7125 4.4010 -3.9382 1.7148 17.6578 0.8900 0.6400
Car -1 -1 -1.8816 671.2599 179.1769 792.2743 258.4901 1.5156 1.5905 3.5276 2.5066 1.6721 15.9500 -1.7296 0.6169
Car -1 -1 1.5618 0.0000 186.9408 249.4511 375.0000 1.4247 1.7060 4.4189 -4.4129 1.5885 6.0712 0.9535 0.4119
Car -1 -1 -2.4092 505.3492 178.6779 586.5350 209.8793 1.4325 1.5813 3.9421 -3.2309 1.7349 35.6136 -2.4995 0.3039
Car -1 -1 -1.5253 659.2984 176.9240 689.8225 204.8327 1.5163 1.5976 3.6609 3.7314 1.7626 41.6803 -1.4372 0.2886
Car -1 -1 -1.5799 676.6605 180.5653 719.8408 221.7836 1.4646 1.5699 3.6195 3.3816 1.7867 28.2238 -1.4626 0.2737
Car -1 -1 0.8001 479.5460 178.6012 571.0741 217.4096 1.4677 1.5685 3.7321 -3.5520 1.7180 29.5974 0.6812 0.2386
Car -1 -1 2.0161 339.7331 182.8713 424.0785 223.9733 1.5221 1.6597 4.2702 -9.4213 1.9705 30.0375 1.7142 0.1701
Car -1 -1 0.7704 429.1070 181.7341 543.7239 230.6244 1.4662 1.5289 3.7332 -4.1780 1.7818 23.9307 0.5988 0.1542
