Pedestrian -1 -1 2.4791 514.2173 184.8324 537.6639 227.5689 1.6149 0.5795 0.6928 -3.3003 2.0870 27.9645 2.3620 0.2875
Car -1 -1 2.0033 91.3220 197.2160 359.3624 335.6176 1.4325 1.6637 4.2406 -5.1788 1.8548 10.3561 1.5491 0.8993
Car -1 -1 -0.4015 752.9207 183.9523 964.4612 266.7271 1.5285 1.6364 3.6875 4.8703 1.7678 14.5551 -0.0857 0.8457
Car -1 -1 1.8475 367.9244 193.7984 468.4920 254.2750 1.4385 1.6674 4.3284 -5.4422 2.1077 20.8559 1.5947 0.8329
Car -1 -1 -0.6893 950.3269 187.2425 1242.0000 371.6973 1.5023 1.6575 3.9280 5.5544 1.6583 6.9075 -0.0336 0.8253
Car -1 -1 1.7992 445.3883 190.6541 502.2513 228.5551 1.4368 1.5798 3.8320 -5.8424 2.2532 31.1286 1.6146 0.7391
Car -1 -1 2.5209 827.8164 184.0448 1185.5341 313.3633 1.5308 1.6646 4.1109 5.2352 1.7015 9.8546 2.9959 0.7213
Car -1 -1 2.6809 806.2369 188.6991 1061.2246 285.4830 1.4708 1.5906 3.5932 5.2839 1.7581 12.1607 3.0809 0.7203
Car -1 -1 -0.1828 682.8025 186.5364 830.2989 237.2685 1.4669 1.7009 4.1988 4.3740 1.9047 22.1970 0.0084 0.6461
Car -1 -1 -0.4661 728.9673 189.9530 909.6809 257.4804 1.4721 1.5855 3.9104 4.9691 1.9139 17.4680 -0.1944 0.4745
Car -1 -1 -0.3601 675.4117 181.3229 806.4778 231.9574 1.6153 1.7076 4.0612 4.3850 1.9191 24.6375 -0.1869 0.2959
Car -1 -1 -0.2523 658.3293 185.9537 735.1951 215.9111 1.5082 1.6242 3.7631 4.5410 2.2233 38.3082 -0.1358 0.2702
Car -1 -1 -0.7643 1117.1715 203.6779 1242.0000 375.0000 1.4756 1.5867 3.8797 5.4585 1.6995 4.2211 0.1141 0.2579
