Pedestrian -1 -1 1.8597 617.6678 168.7227 635.7220 206.3210 1.7321 0.6126 0.9097 0.7463 1.5422 33.7648 1.8811 0.3165
Car -1 -1 -1.8957 771.4053 185.6819 1078.8027 375.0000 1.4394 1.4983 3.4329 2.5958 1.5934 6.9127 -1.5518 0.8179
Car -1 -1 2.0424 180.7235 188.4520 303.6902 241.3721 1.4256 1.6583 4.3459 -11.5362 1.9683 22.9010 1.5801 0.8047
Car -1 -1 -1.6794 668.7502 158.9026 764.4097 245.4726 1.8670 1.8041 4.4225 2.4313 1.5665 17.7906 -1.5466 0.7566
Car -1 -1 -2.8508 368.7952 180.6177 536.8400 236.6700 1.4099 1.6364 4.1178 -4.1983 1.6295 19.3971 -3.0618 0.6800
Car -1 -1 -1.6916 656.1690 176.1806 720.1221 226.7059 1.4836 1.5871 3.7437 2.3981 1.6002 23.3198 -1.5912 0.6175
Car -1 -1 -2.3270 907.1850 190.6195 1242.0000 375.0000 1.4574 1.5973 3.8036 2.5173 1.5635 2.3889 -1.5756 0.5175
Car -1 -1 -2.0521 259.6116 184.2924 434.0708 275.1235 1.4846 1.6173 3.8299 -5.2966 1.7392 14.1512 -2.4047 0.4813
Car -1 -1 -1.3590 631.3262 173.3775 681.4558 207.8733 1.5241 1.6228 3.6594 2.1953 1.5505 33.9177 -1.2954 0.1725
Car -1 -1 1.0006 490.7970 176.2275 560.3940 209.0303 1.4951 1.5775 3.7859 -4.2084 1.6694 35.2499 0.8822 0.1643
