Car -1 -1 1.7007 496.3742 178.8490 558.6661 223.2992 1.4427 1.6952 4.2967 -2.9428 1.6784 26.1628 1.5892 0.8086
Car -1 -1 -2.1392 963.5772 169.6585 1120.7996 233.0412 1.4670 1.5953 3.9115 10.9380 1.3934 18.6878 -1.6169 0.8049
Car -1 -1 1.1997 825.8309 173.4391 903.1426 209.4789 1.4191 1.6526 4.2054 10.6456 1.4460 30.6112 1.5309 0.8010
Car -1 -1 2.1043 0.0000 195.0363 355.9182 375.0000 1.4970 1.5689 3.6918 -2.9215 1.6857 4.2475 1.5297 0.7208
Car -1 -1 0.9228 1124.7499 173.9213 1242.0000 273.5571 1.4188 1.6256 4.0428 10.9456 1.4406 12.3855 1.6344 0.5961
Car -1 -1 1.0801 903.1393 171.1240 976.7575 204.2692 1.5098 1.5553 3.9124 15.8112 1.4314 34.8697 1.5023 0.3179
Car -1 -1 -0.3603 800.3764 172.0714 894.5012 202.1337 1.4724 1.6363 4.1833 11.8465 1.4345 36.2538 -0.0473 0.2476
Car -1 -1 1.0288 1028.6383 167.2083 1143.7754 214.9153 1.4805 1.5367 3.6517 15.8059 1.3057 24.2376 1.6008 0.2125
Car -1 -1 1.7706 558.1636 173.8034 584.6139 191.6508 1.5168 1.5886 3.8920 -3.3902 1.6035 63.5782 1.7172 0.1848
Car -1 -1 0.3716 105.9247 173.4742 217.2597 205.5734 1.4868 1.6459 4.2344 -21.4838 1.5179 34.6524 -0.1801 0.1263
Car -1 -1 -1.9967 871.2214 168.8282 927.8440 197.4144 1.5005 1.5437 3.5570 15.8222 1.2896 39.6862 -1.6202 0.1205
