Cyclist -1 -1 2.1359 146.4192 178.7534 184.6289 219.1503 1.7268 0.5342 1.8499 -19.7551 1.9968 32.0408 1.5869 0.2668
Car -1 -1 1.8354 301.5561 187.0989 467.6799 295.3256 1.4482 1.6258 4.0358 -3.6365 1.7300 12.2208 1.5512 0.9026
Car -1 -1 -1.6018 548.6197 181.2147 581.9086 211.7802 1.4960 1.6391 4.0147 -2.4693 1.9668 38.5238 -1.6660 0.6165
Car -1 -1 -1.3377 242.3936 180.9388 280.7279 202.7438 1.4761 1.6209 4.0402 -25.3630 2.0896 52.5789 -1.7854 0.4882
Car -1 -1 1.6916 492.4636 184.4608 526.6938 209.7024 1.4203 1.6138 4.0696 -6.1817 2.1699 44.5280 1.5539 0.1818
Car -1 -1 1.8654 271.2954 179.2889 304.1703 197.3286 1.4781 1.5665 3.7815 -27.8914 2.0534 62.4966 1.4470 0.1344
Car -1 -1 1.3102 944.4777 171.8622 977.7759 189.7522 1.4582 1.5672 3.8759 29.5475 1.3777 60.8589 1.7600 0.1151
Car -1 -1 1.7628 721.9025 178.7867 755.9841 202.7309 1.4444 1.5358 3.4206 8.2781 1.8410 46.3219 1.9381 0.1149
Car -1 -1 2.1938 136.9952 184.2552 208.4722 211.5882 1.5051 1.6369 4.0332 -26.3232 2.2262 43.5374 1.6525 0.1081
Car -1 -1 1.4828 866.2512 173.7709 887.6702 189.7073 1.4557 1.5597 3.7969 25.1762 1.5452 68.1740 1.8348 0.1037
