Pedestrian -1 -1 2.2996 734.4403 159.6672 786.2759 243.2742 1.8036 0.6209 1.0058 3.4335 1.3558 15.7953 2.5112 0.8603
Pedestrian -1 -1 2.0998 592.8407 162.9485 639.0316 243.3161 1.7941 0.6582 0.9960 0.2225 1.4039 16.3756 2.1148 0.8015
Pedestrian -1 -1 2.5463 616.6224 164.8318 667.1982 247.6084 1.7392 0.5892 0.9251 0.7602 1.4117 15.3428 2.5965 0.7772
Pedestrian -1 -1 2.0005 654.9408 163.2954 696.7513 240.9817 1.7939 0.6211 1.0411 1.6669 1.3982 16.9281 2.0986 0.6560
Pedestrian -1 -1 2.2924 698.7950 160.5706 743.2440 234.7734 1.8492 0.5954 1.0325 2.9491 1.3541 18.1729 2.4522 0.5817
Pedestrian -1 -1 2.0824 690.0308 162.6779 735.1459 242.8789 1.7838 0.6217 0.9991 2.4493 1.3890 16.3063 2.2303 0.5425
Pedestrian -1 -1 -0.6543 788.3826 158.6302 840.1550 236.8660 1.7736 0.6239 0.9817 4.8397 1.2794 16.4926 -0.3723 0.3876
Pedestrian -1 -1 2.3106 743.2501 161.0031 789.1576 236.7658 1.7734 0.5867 0.9619 3.8538 1.3186 17.0610 2.5305 0.2785
Pedestrian -1 -1 1.3167 678.3785 166.0904 696.4018 206.5491 1.8316 0.6118 0.9139 3.7641 1.1807 32.4988 1.4326 0.2151
Pedestrian -1 -1 -2.4131 690.3541 167.0481 712.8944 206.5848 1.7300 0.5943 0.8000 4.2746 1.1429 31.4313 -2.2775 0.1625
Cyclist -1 -1 -1.8501 793.2542 162.3864 842.3051 240.7452 1.7303 0.5777 1.9259 4.9163 1.3319 16.5722 -1.5652 0.5263
Car -1 -1 -2.6044 532.2230 173.4849 743.1321 258.7700 1.6228 1.6593 4.3204 0.5958 1.4909 15.3222 -2.5646 0.1289
Car -1 -1 0.2027 777.6016 174.6987 858.6429 201.5983 1.4693 1.6584 4.1790 12.1370 1.1538 40.3368 0.4944 0.1186
Car -1 -1 0.9210 1075.5292 201.4766 1224.0000 370.0000 1.4095 1.5570 3.7559 4.8648 1.6067 4.6233 1.6996 0.1146
Car -1 -1 0.3185 660.8228 172.0447 871.9025 254.1478 1.6158 1.7108 4.2602 3.4991 1.4510 15.7311 0.5348 0.1100
