Car -1 -1 1.1740 869.5848 164.2818 1024.1631 233.5071 1.5015 1.8293 4.4413 8.0634 1.3160 17.8864 1.5910 0.7822
Car -1 -1 -1.7239 121.3893 175.6048 224.0119 246.8060 1.7322 1.7706 4.5185 -12.2713 1.8177 20.0296 -2.2679 0.7710
Car -1 -1 2.1646 508.2822 175.4036 631.9505 230.1924 1.4426 1.6371 4.1042 -1.1142 1.5262 21.3791 2.1124 0.7538
Car -1 -1 1.7167 649.0838 174.7015 737.6061 238.0750 1.4207 1.6607 4.2723 2.2119 1.4745 18.5841 1.8325 0.6854
Car -1 -1 0.9815 948.6917 161.5713 1116.7094 223.3367 1.4476 1.7037 4.2708 10.9046 1.1836 19.1034 1.4933 0.6760
Car -1 -1 1.8905 0.0000 195.0981 89.0890 366.7433 1.4646 1.7142 4.3890 -8.2679 1.8188 9.1193 1.1684 0.6354
Car -1 -1 2.2078 424.0880 177.0191 533.4246 220.3151 1.4053 1.6489 4.3155 -4.6838 1.5700 26.1586 2.0319 0.5829
Car -1 -1 2.1247 465.7899 177.2799 566.3068 224.6378 1.4047 1.5506 3.7332 -3.0482 1.5634 23.7960 1.9981 0.5423
Car -1 -1 2.2108 753.9874 178.5440 845.3137 215.5119 1.4498 1.6185 4.1572 8.1036 1.7085 30.8225 2.4650 0.4995
Car -1 -1 2.1317 358.0013 177.6492 441.4497 215.4657 1.4472 1.5470 3.8257 -8.7442 1.6618 30.1822 1.8516 0.4446
Car -1 -1 0.9768 1024.7990 157.1526 1189.8436 216.7542 1.4955 1.6908 4.2230 13.6500 1.1019 20.2195 1.5637 0.4202
Car -1 -1 2.2004 806.6234 179.0174 901.2336 217.1395 1.4062 1.5978 3.9375 9.7898 1.6695 28.9847 2.5225 0.3591
Car -1 -1 2.0326 386.2669 178.7299 468.7001 218.2265 1.3827 1.5321 3.8406 -7.0042 1.6269 27.9037 1.7885 0.3551
