Pedestrian -1 -1 -2.1057 358.3637 159.3300 400.8294 234.8163 1.7975 0.5979 0.9458 -5.5797 1.2950 17.3699 -2.4094 0.7080
Pedestrian -1 -1 -0.7000 258.9375 164.4679 307.1884 244.6461 1.6895 0.5615 0.7751 -7.0311 1.3533 15.3649 -1.1195 0.3673
Pedestrian -1 -1 -0.6668 519.0075 164.7038 572.8713 263.6880 1.6850 0.6012 0.7351 -1.0877 1.4177 12.5012 -0.7496 0.2225
Pedestrian -1 -1 -0.7974 493.2115 172.6265 550.7117 280.1182 1.5918 0.5555 0.6931 -1.3239 1.4769 10.9094 -0.9130 0.1316
Pedestrian -1 -1 -1.6754 304.6071 160.9620 328.0603 215.0499 1.8744 0.7022 0.6823 -10.2240 1.1988 24.9632 -2.0578 0.1240
Cyclist -1 -1 -2.5537 481.2922 169.1417 593.1214 283.5734 1.6609 0.5287 1.7086 -1.1047 1.4977 10.8936 -2.6502 0.5515
Cyclist -1 -1 -2.4445 497.0750 159.7382 593.0029 265.0140 1.7608 0.5220 1.7736 -1.1284 1.4152 12.5437 -2.5301 0.4852
Cyclist -1 -1 -2.3866 251.5837 160.7615 336.8688 244.4834 1.7488 0.5681 1.7998 -6.7868 1.3381 15.3382 -2.7936 0.3918
Car -1 -1 -2.2338 1026.7598 182.3474 1156.5018 228.3300 1.4281 1.5524 3.8931 16.3950 1.4978 24.1100 -1.6412 0.8446
Car -1 -1 -2.0983 960.0047 181.6734 1066.4672 227.6303 1.4485 1.5621 3.5256 13.7812 1.4930 24.1424 -1.5837 0.7678
Car -1 -1 0.9568 1100.8651 183.5586 1224.0000 228.8021 1.4159 1.6029 4.0245 19.2625 1.5320 24.4472 1.6193 0.5865
Car -1 -1 -1.5677 603.0667 174.7003 633.8546 202.9448 1.4121 1.5397 3.4959 0.6994 1.1236 37.1099 -1.5473 0.5466
Car -1 -1 -2.1414 438.7039 186.1965 624.0015 288.0574 1.4140 1.5090 3.2943 -1.3758 1.5246 11.7602 -2.2531 0.1367
