Pedestrian -1 -1 1.3298 724.0317 161.8867 750.4156 218.9317 1.8220 0.6509 0.8815 4.2705 1.2290 23.0364 1.5124 0.6875
Pedestrian -1 -1 1.1538 1130.1451 125.1419 1224.0000 349.1321 1.8554 0.6928 0.9096 5.3027 1.3986 6.3791 1.8249 0.6668
Pedestrian -1 -1 -1.8592 1088.4441 146.2402 1145.1108 243.4347 1.7295 0.6165 0.8776 9.4148 1.1215 13.0907 -1.2455 0.5846
Pedestrian -1 -1 -1.4334 208.2274 172.0248 248.2139 259.0884 1.7342 0.6170 0.8068 -7.7907 1.5670 14.5624 -1.9139 0.4365
Pedestrian -1 -1 1.4349 757.1544 161.7438 781.5602 217.1628 1.7882 0.6655 0.8864 5.3744 1.1845 23.2800 1.6605 0.3451
Cyclist -1 -1 1.9537 258.2672 174.8755 356.8220 318.4458 1.6576 0.5284 1.7442 -3.7891 1.5943 9.0305 1.5705 0.7709
Car -1 -1 1.9307 247.0452 184.5865 393.5038 271.8162 1.5447 1.5733 3.5990 -5.6911 1.6405 14.4880 1.5655 0.8424
Car -1 -1 2.3610 0.0000 207.5136 184.8847 370.0000 1.3841 1.5712 3.9967 -5.8329 1.7027 6.2455 1.6364 0.6705
Car -1 -1 1.8771 375.5720 189.1997 458.2477 238.8775 1.4205 1.5327 3.5972 -5.9667 1.7240 22.6937 1.6250 0.3427
Car -1 -1 -0.3871 817.0458 166.3179 877.9004 185.8690 1.5388 1.6964 4.2843 19.3981 0.4238 56.6125 -0.0570 0.2271
Car -1 -1 2.2735 1110.3500 162.7484 1224.0000 206.4952 1.4504 1.6367 4.3200 20.1509 0.8634 24.6435 2.9543 0.1972
