Pedestrian -1 -1 2.4763 797.9138 165.9309 828.9293 218.9273 1.6937 0.5920 0.7702 6.5718 1.4728 23.4783 2.7454 0.2295
Pedestrian -1 -1 1.4781 756.9722 150.8535 793.5340 246.4245 1.9750 0.6802 0.7996 3.4539 1.5207 15.3466 1.6946 0.1370
Car -1 -1 3.2270 287.7713 180.8473 391.5408 213.6484 1.4352 1.6740 4.4004 -12.5434 1.8236 33.6375 2.8723 0.8808
Car -1 -1 -1.7377 556.8681 171.7277 638.8621 239.6172 1.7006 1.6480 3.7828 -0.4820 1.6728 20.0852 -1.7623 0.8170
Car -1 -1 0.9703 898.9417 175.1483 1044.8802 229.6725 1.3981 1.6412 4.2167 10.2355 1.4720 20.8929 1.4198 0.6599
Car -1 -1 -1.7259 535.7150 164.6566 610.0034 227.6817 1.9938 1.8714 4.6920 -1.4554 1.7348 25.3134 -1.7835 0.3129
Car -1 -1 -1.5530 463.8710 174.6121 490.9308 202.4861 1.7423 1.6789 4.0022 -8.7170 1.8635 47.4754 -1.7340 0.2412
Car -1 -1 -1.5342 715.5227 175.7457 761.1124 215.6334 1.3936 1.5832 4.1797 4.9493 1.5139 27.7350 -1.3600 0.2367
Car -1 -1 3.0375 324.8936 179.7957 407.3195 210.6174 1.5258 1.6139 3.9652 -12.8691 1.9065 37.9762 2.7126 0.1735
Car -1 -1 1.2478 753.3425 174.0118 802.1637 201.5683 1.4310 1.5311 3.5774 9.0857 1.4977 39.4782 1.4719 0.1174
