Pedestrian -1 -1 1.8996 300.1760 164.2701 339.8462 240.7489 1.8759 0.6548 0.9500 -7.3455 1.6657 18.1862 1.5203 0.3432
Car -1 -1 -3.2075 696.2008 171.8193 898.1127 240.4194 1.5290 1.7232 4.4747 4.3167 1.5063 17.3143 -2.9679 0.8843
Car -1 -1 2.8874 393.6944 171.6688 719.2064 322.2537 1.5825 1.6457 3.7396 -0.7562 1.5704 8.9753 2.8042 0.8758
Car -1 -1 -3.5795 934.1205 167.9516 1160.9790 237.9172 1.5227 1.6890 4.1801 9.9347 1.4163 16.7285 -3.0518 0.8516
Car -1 -1 -1.0296 663.9915 171.7209 757.8695 217.6706 1.5546 1.6238 3.9225 3.7221 1.5167 26.4458 -0.8919 0.7234
Car -1 -1 -2.3248 0.0000 187.7059 70.3176 270.4329 1.4808 1.6588 4.0660 -13.3007 1.7946 14.2436 -3.0667 0.6406
Car -1 -1 -2.6803 254.9411 179.2598 379.1245 226.1425 1.5485 1.6773 3.6337 -10.1678 1.7802 25.0762 -3.0622 0.3730
Car -1 -1 -1.1540 935.1642 163.1373 1027.9302 206.7172 1.4578 1.5643 3.8317 13.3591 1.1332 25.9506 -0.6835 0.3683
Car -1 -1 2.3776 1154.8524 166.5894 1242.0000 232.5118 1.3955 1.5911 4.1229 14.7713 1.2633 16.1327 3.1097 0.2732
Car -1 -1 -0.9684 588.8761 172.4964 681.3224 216.5708 1.5115 1.5985 3.7154 0.9510 1.4996 26.7114 -0.9338 0.2636
Car -1 -1 -1.2339 833.7781 161.8771 924.1743 210.9879 1.5792 1.6889 4.2257 9.4810 1.2266 25.3659 -0.8804 0.2131
Car -1 -1 -1.6376 1106.1696 159.3406 1170.0571 204.8282 1.4680 1.5360 3.5074 18.3022 1.0322 25.1781 -1.0148 0.2086
