Pedestrian -1 -1 2.4298 531.6616 177.5577 558.2895 226.7589 1.5628 0.5629 0.6518 -2.1563 1.7187 23.4276 2.3383 0.1046
Car -1 -1 0.4093 527.3334 178.4667 656.4385 225.3705 1.4117 1.5947 3.8965 -0.6350 1.6065 23.5303 0.3819 0.8820
Car -1 -1 1.9230 115.1841 187.8645 274.2756 266.9000 1.4476 1.6836 4.3192 -9.2036 1.8349 16.3355 1.4165 0.8122
Car -1 -1 2.1184 0.0000 195.4071 142.1976 369.7042 1.4727 1.6579 4.2749 -7.7748 1.8218 8.9134 1.4157 0.6508
Car -1 -1 1.7334 446.2529 180.4420 496.6812 217.5430 1.4639 1.5624 3.6168 -5.9377 1.8100 31.0429 1.5454 0.6221
Car -1 -1 1.7028 362.6964 182.0309 401.4766 211.0709 1.4802 1.5659 3.7548 -12.6215 2.0147 40.0116 1.3987 0.6147
Car -1 -1 1.7962 320.7852 183.2335 376.7925 219.6338 1.4851 1.5701 3.7262 -11.7261 1.9807 32.4858 1.4520 0.4756
Car -1 -1 1.7923 377.4745 180.3999 417.6408 205.6441 1.4875 1.5940 4.0415 -13.4646 1.9886 45.8155 1.5077 0.2003
Car -1 -1 1.9113 438.6906 176.9415 499.7591 211.9527 1.6227 1.7099 4.1467 -7.0052 1.8401 36.1257 1.7207 0.1310
Car -1 -1 1.2531 613.7488 175.0243 693.8741 218.5141 1.4421 1.6751 4.1891 1.4585 1.5286 26.3876 1.3070 0.1101
