Car -1 -1 1.6982 463.9779 188.2002 530.3550 238.8313 1.3802 1.5764 4.0309 -3.5391 1.9117 22.9342 1.5461 0.8277
Car -1 -1 2.0743 0.0000 203.6661 349.7404 375.0000 1.4043 1.6243 4.2429 -3.5962 1.7384 5.6599 1.5285 0.7849
Car -1 -1 -1.9695 806.6446 186.7079 1242.0000 375.0000 1.5245 1.5535 3.4235 2.5574 1.6583 5.2120 -1.5369 0.7195
Car -1 -1 -1.7267 642.4733 184.4461 685.4508 216.0325 1.4135 1.5390 3.7422 2.5734 2.0174 35.6329 -1.6559 0.5840
Car -1 -1 -0.5952 919.8101 161.9287 1114.1154 228.1129 1.5814 1.6533 4.0653 10.1626 1.3207 18.2525 -0.0944 0.3904
Car -1 -1 1.6674 548.4222 186.5356 576.9955 209.6549 1.3911 1.5092 4.0876 -3.1317 2.3393 47.9228 1.6019 0.3194
Car -1 -1 -0.5117 888.9601 182.0880 1202.9432 279.8030 1.4102 1.6106 3.9752 6.6470 1.5667 11.3798 0.0050 0.2760
Car -1 -1 1.5810 566.1592 183.5128 584.7586 201.6255 1.4403 1.5337 3.6101 -2.9430 2.3742 61.3630 1.5328 0.1682
Car -1 -1 -1.2824 288.9718 159.7441 479.9846 302.6963 1.9525 1.7759 4.4621 -3.5382 1.7738 12.0911 -1.5621 0.1469
Car -1 -1 1.7434 583.3942 180.5285 606.3859 196.7119 1.4127 1.5172 3.6996 -1.3900 2.1439 66.7682 1.7222 0.1088
Car -1 -1 -1.6511 877.2156 146.4456 954.6287 217.3698 1.9634 1.8031 4.5091 9.3198 1.2327 22.3940 -1.2617 0.1004
