Car -1 -1 0.6459 0.0000 195.2364 254.5333 302.6789 1.4411 1.6208 3.9274 -7.7926 1.8079 10.9268 0.0377 0.8383
Car -1 -1 3.6215 62.6703 188.1436 327.1284 276.1832 1.4860 1.6384 3.9383 -7.5755 1.7879 13.3538 3.1136 0.8120
Car -1 -1 -1.5393 582.8692 176.3288 615.2265 206.7139 1.5321 1.6212 3.8069 -0.5818 1.7283 38.7342 -1.5547 0.7794
Car -1 -1 0.3766 253.3812 176.3983 433.0297 237.3550 1.6543 1.7504 4.4896 -7.5741 1.7606 20.6265 0.0283 0.7174
Car -1 -1 0.3710 354.5811 179.6547 467.5816 219.7341 1.5043 1.6411 3.9712 -7.8382 1.7825 28.4480 0.1040 0.6556
Car -1 -1 0.4279 201.6586 187.1433 373.7320 248.1694 1.4403 1.5867 3.6414 -8.1018 1.8180 18.2303 0.0146 0.4766
Car -1 -1 1.6736 542.8033 178.3627 569.7681 199.5766 1.4374 1.5520 3.7866 -3.8494 1.8479 51.7964 1.5994 0.3370
Car -1 -1 -2.7772 384.9470 181.8410 482.3664 216.5866 1.4297 1.5448 3.7929 -7.6338 1.8313 31.2110 -3.0155 0.3092
Car -1 -1 3.4374 318.7582 169.0362 392.3934 195.6333 1.6149 1.6697 3.9915 -15.7567 1.3834 44.7229 3.1003 0.2819
Car -1 -1 -2.5551 297.6413 182.5964 430.2709 231.5064 1.4688 1.6115 3.8292 -8.0142 1.8029 23.4431 -2.8815 0.2082
Car -1 -1 0.1724 428.5598 178.6303 504.8031 204.6314 1.5032 1.7313 4.2257 -8.5329 1.8553 43.0299 -0.0226 0.1948
Car -1 -1 0.2545 311.1144 183.6108 437.1236 226.4297 1.4476 1.6153 4.0002 -8.3908 1.8460 25.7753 -0.0577 0.1638
