Pedestrian -1 -1 1.4490 465.8339 164.4537 532.9781 336.0085 1.7844 0.6287 0.9004 -1.3010 1.6974 8.0215 1.2918 0.8326
Pedestrian -1 -1 -1.2200 677.5190 169.3487 766.8339 349.0814 1.7028 0.6472 0.8810 1.1061 1.6700 7.3743 -1.0788 0.6825
Pedestrian -1 -1 3.4471 27.9985 186.6953 56.8417 238.8735 1.7125 0.6425 0.5964 -19.1524 2.1867 24.2978 2.7848 0.1889
Cyclist -1 -1 1.7886 23.9976 184.9041 59.6563 239.0747 1.7209 0.5421 1.8888 -19.1739 2.1437 24.3199 1.1261 0.2439
Cyclist -1 -1 -3.0080 640.0930 164.2225 817.0395 343.9364 1.7255 0.5409 1.7463 1.1678 1.6430 7.4276 -2.8599 0.1174
Car -1 -1 -1.6888 241.8404 190.5401 344.9908 276.3157 1.4497 1.5380 3.5543 -6.6737 1.8626 14.9060 -2.1037 0.8744
Car -1 -1 -1.6815 209.5886 190.6296 277.2599 241.7805 1.4169 1.5429 3.8908 -12.0218 2.0458 23.4592 -2.1508 0.7494
Car -1 -1 0.4080 1037.1289 167.7555 1240.1597 234.0330 1.4760 1.5868 3.7881 13.0419 1.3628 18.0962 1.0244 0.7421
Car -1 -1 0.3500 1096.5715 161.5776 1242.0000 227.4445 1.5874 1.5891 3.6126 15.3762 1.3160 19.3396 1.0140 0.1552
Car -1 -1 1.7881 194.9508 185.1776 226.9665 204.0210 1.4426 1.5471 3.7641 -33.1116 2.5008 59.9080 1.2848 0.1189
