Car -1 -1 -1.8033 724.6945 185.0108 917.5369 316.3931 1.4152 1.5772 4.1151 2.6613 1.6227 10.2208 -1.5568 0.8995
Car -1 -1 -1.6980 679.7559 179.0926 779.4297 257.2906 1.4572 1.5933 4.0438 2.4294 1.6119 15.8072 -1.5492 0.8721
Car -1 -1 -1.7162 652.7097 176.5636 726.5668 233.1406 1.4786 1.5829 3.7061 2.1768 1.5965 20.9875 -1.6151 0.8136
Car -1 -1 3.6385 0.0000 190.6382 295.0403 312.9083 1.4288 1.6327 3.9028 -6.5903 1.6925 9.6990 3.0541 0.8037
Car -1 -1 1.7107 496.9973 178.5135 548.8042 216.3605 1.4387 1.6107 3.8553 -3.5888 1.6893 29.9512 1.5919 0.7856
Car -1 -1 3.3645 292.0396 182.4247 436.9762 234.8997 1.4193 1.6017 3.7003 -7.0438 1.7093 20.8511 3.0421 0.7626
Car -1 -1 3.3616 310.6103 174.2854 459.3143 227.1000 1.6616 1.7209 4.4078 -7.3573 1.7112 23.7813 3.0643 0.5468
Car -1 -1 0.5240 118.0073 187.1621 388.3220 278.5210 1.4177 1.6043 3.9087 -6.0849 1.6837 12.4416 0.0770 0.4961
Car -1 -1 -1.6793 643.5933 176.4475 700.4714 223.7555 1.5056 1.5666 3.5716 2.0393 1.6397 25.0436 -1.5997 0.3774
Car -1 -1 -1.7422 627.7570 176.7332 679.7485 213.9760 1.4901 1.6017 3.8309 1.7908 1.6694 31.2776 -1.6862 0.3441
Car -1 -1 -1.6423 622.7747 175.2634 658.5720 205.9414 1.4859 1.5728 3.5617 1.4937 1.6160 37.0341 -1.6029 0.3400
Car -1 -1 3.3030 397.7932 176.1934 495.2924 212.1943 1.5718 1.6911 4.0827 -7.3703 1.7277 32.6431 3.0823 0.2411
Car -1 -1 0.1151 371.8194 177.0908 475.6500 217.5703 1.5822 1.6908 3.9451 -7.5871 1.7624 29.5327 -0.1347 0.2167
