Pedestrian -1 -1 1.9840 298.7038 164.6533 340.7854 240.5724 1.8611 0.6502 0.9636 -7.3487 1.6605 18.1781 1.6045 0.4113
Car -1 -1 -3.2131 697.1920 171.8274 899.2767 240.8383 1.5386 1.7314 4.4780 4.3384 1.5161 17.3147 -2.9724 0.8678
Car -1 -1 -3.5746 934.3242 167.8853 1162.2780 238.1021 1.5256 1.6925 4.1948 9.9417 1.4180 16.7162 -3.0462 0.8659
Car -1 -1 -1.0290 663.5099 170.8700 758.3396 215.8011 1.5189 1.6177 3.9978 3.7255 1.4522 26.4525 -0.8912 0.7519
Car -1 -1 0.7751 0.0000 164.6814 415.7306 375.0000 1.5730 1.6967 4.3332 -4.0751 1.5196 6.0105 0.1991 0.6242
Car -1 -1 -0.9215 586.6021 172.7876 686.6784 216.5592 1.5061 1.6439 4.0022 1.0209 1.5042 26.8935 -0.8846 0.6202
Car -1 -1 -2.6813 255.3310 179.3518 379.5604 226.1161 1.5453 1.6722 3.6408 -10.1584 1.7804 25.0881 -3.0628 0.3604
Car -1 -1 -1.1230 933.7986 163.1546 1028.6866 206.3733 1.4470 1.5552 3.7987 13.3322 1.1226 25.9265 -0.6529 0.2985
Car -1 -1 2.3558 1156.3702 165.3883 1242.0000 233.0029 1.4267 1.5891 4.0611 14.7514 1.2695 16.1256 3.0874 0.2540
Car -1 -1 -1.2379 839.4611 161.2314 929.8320 210.6391 1.5931 1.6801 4.2985 9.7151 1.2187 25.4531 -0.8775 0.2088
Car -1 -1 -1.6748 1098.5199 158.9504 1166.6956 204.5435 1.4877 1.5452 3.6888 18.3535 1.0344 25.5276 -1.0571 0.1763
