Pedestrian -1 -1 0.5676 912.3607 158.5148 1002.8093 297.0291 1.7242 0.5955 0.8878 4.5929 1.4522 9.3304 1.0133 0.8846
Pedestrian -1 -1 1.2895 372.5240 157.9892 406.4153 228.4191 1.8736 0.6755 0.8686 -5.9404 1.2764 19.3524 0.9981 0.2898
Pedestrian -1 -1 -1.6316 312.4015 163.6854 332.8227 219.0407 1.7524 0.5724 0.7288 -9.1537 1.2217 22.8295 -2.0063 0.2850
Pedestrian -1 -1 -1.6703 288.1516 161.1633 310.7767 218.1705 1.7789 0.5943 0.7441 -9.7710 1.1771 22.5275 -2.0725 0.2824
Pedestrian -1 -1 2.0224 246.4531 162.1139 274.1336 211.6321 1.8151 0.6573 0.7622 -12.8408 1.1427 26.2948 1.5747 0.2128
Pedestrian -1 -1 -0.0439 569.5765 166.8277 586.5593 199.5991 1.8215 0.6405 0.9248 -1.5228 1.0629 39.6494 -0.0803 0.1896
Cyclist -1 -1 -1.0822 38.3378 154.5713 116.7769 240.2541 1.7608 0.5433 1.8824 -11.5491 1.2296 15.4949 -1.7110 0.7585
Cyclist -1 -1 -3.2943 848.3143 165.7102 923.9152 231.6780 1.7961 0.6029 1.8895 7.7911 1.3950 19.7457 -2.9224 0.6200
Cyclist -1 -1 -2.6117 594.4601 162.9706 654.3917 222.5168 1.8164 0.5671 1.8565 0.5706 1.2832 22.2939 -2.5847 0.5256
Car -1 -1 -2.2412 1028.9226 182.8347 1155.2572 228.3337 1.4109 1.5316 3.7234 16.3686 1.4981 24.0308 -1.6479 0.8084
Car -1 -1 -2.1116 957.6644 180.5262 1065.2599 227.3230 1.4796 1.5739 3.5188 13.7151 1.4821 24.1331 -1.5989 0.7293
Car -1 -1 0.9249 1097.3322 183.4452 1224.0000 229.1645 1.4342 1.6083 4.0497 19.2104 1.5461 24.4727 1.5856 0.7000
Car -1 -1 -1.5407 601.2943 176.1671 632.5557 204.2292 1.3990 1.5294 3.4984 0.6500 1.1844 37.0275 -1.5216 0.2928
