Pedestrian -1 -1 0.9432 583.4376 149.8219 669.5441 304.7654 1.8428 0.6262 0.9964 0.2105 1.4796 8.9920 0.9676 0.9119
Pedestrian -1 -1 0.6850 815.8895 145.0812 911.1419 294.4086 1.9012 0.6237 1.0572 3.4484 1.4519 9.6106 1.0208 0.8894
Pedestrian -1 -1 -2.5318 776.6481 141.4682 882.3091 306.6187 1.9275 0.6268 1.1021 2.7522 1.4737 8.8739 -2.2393 0.7511
Pedestrian -1 -1 -2.2011 734.8611 141.8681 834.9216 317.9446 1.9288 0.6165 1.0868 2.0518 1.5073 8.3607 -1.9674 0.7229
Pedestrian -1 -1 -1.0630 792.0909 161.4391 843.7120 254.6141 1.6994 0.6042 0.8493 3.9975 1.3534 13.4037 -0.7779 0.4523
Pedestrian -1 -1 0.0178 326.8906 163.7433 363.4816 228.6314 1.7612 0.6034 0.9402 -7.2364 1.3080 19.6231 -0.3285 0.3999
Pedestrian -1 -1 -1.3408 881.8322 169.5690 911.5405 234.4633 1.7705 0.6095 0.7844 8.1308 1.4738 19.7811 -0.9549 0.1918
Pedestrian -1 -1 -0.1962 676.5524 167.3137 695.7940 200.7371 1.7512 0.6051 0.9097 4.2763 1.0617 37.3785 -0.0815 0.1373
Cyclist -1 -1 -3.1059 860.7094 165.7476 932.6597 232.0036 1.8007 0.5600 1.8430 8.1430 1.4013 19.8432 -2.7205 0.4023
Car -1 -1 -2.2569 1029.8933 182.9592 1154.7775 228.3375 1.4064 1.5290 3.6037 16.3460 1.4978 23.9740 -1.6631 0.8076
Car -1 -1 -2.1040 958.2244 180.8986 1065.8943 227.3385 1.4683 1.5820 3.5486 13.7548 1.4844 24.1697 -1.5907 0.7469
Car -1 -1 0.8897 1098.5779 183.1508 1224.0000 228.5554 1.4256 1.5884 3.9404 19.2146 1.5261 24.4114 1.5517 0.6679
Car -1 -1 -1.5668 601.4726 174.6006 632.5540 203.4652 1.4423 1.5536 3.4510 0.6242 1.1489 37.0664 -1.5484 0.4153
