Pedestrian -1 -1 0.6560 964.4476 148.3708 1068.6722 305.6726 1.8134 0.6199 0.9185 4.9902 1.4447 8.6904 1.1633 0.8864
Pedestrian -1 -1 -2.0799 538.0729 157.1269 596.9561 270.9831 1.8162 0.5911 0.9587 -0.6832 1.4450 11.8369 -2.1342 0.8625
Pedestrian -1 -1 0.4348 916.2916 152.6447 1024.9832 321.8754 1.7964 0.6214 0.9288 4.1064 1.5024 8.0571 0.8921 0.8454
Pedestrian -1 -1 1.2720 454.0460 157.5380 492.5984 242.1490 1.8605 0.5980 0.9997 -3.0515 1.3572 16.1235 1.0904 0.7889
Pedestrian -1 -1 -2.1509 570.1379 156.2221 629.0420 265.4016 1.8093 0.6084 0.9343 -0.1476 1.4086 12.2696 -2.1608 0.7733
Pedestrian -1 -1 1.3738 378.7719 158.9020 415.3951 244.8964 1.8112 0.5939 0.9639 -4.5930 1.3579 15.4512 1.0922 0.7168
Pedestrian -1 -1 1.3435 414.9394 158.6521 451.3181 244.8388 1.8198 0.5732 0.9679 -3.8135 1.3601 15.4850 1.1086 0.6944
Pedestrian -1 -1 -1.8090 337.9126 161.7435 365.6402 223.1895 1.8120 0.5892 0.9361 -7.7026 1.2604 21.3983 -2.1479 0.6428
Pedestrian -1 -1 -1.8049 367.3276 161.3179 394.0251 222.3367 1.8461 0.5938 0.9263 -6.9977 1.2673 21.9359 -2.1077 0.4811
Pedestrian -1 -1 -1.0709 39.7372 151.6520 96.7344 240.8230 1.8509 0.6001 0.9241 -11.5407 1.2537 15.1698 -1.7092 0.4055
Cyclist -1 -1 -0.1792 1013.3763 172.5793 1093.8594 236.5966 1.7273 0.5722 1.8152 12.4164 1.5151 19.6730 0.3781 0.2462
Car -1 -1 -2.2443 1030.3530 183.1264 1156.9850 228.5824 1.4014 1.5483 3.6709 16.3355 1.4988 23.9023 -1.6495 0.7571
Car -1 -1 0.9378 1097.0662 182.6312 1224.0000 229.1545 1.4656 1.6228 4.0684 19.2225 1.5472 24.5116 1.5980 0.7057
Car -1 -1 -1.6447 601.1982 176.4847 635.5958 204.2056 1.3819 1.5348 3.6611 0.6476 1.1832 37.1128 -1.6257 0.3308
Car -1 -1 -2.1727 952.2523 181.0845 1066.9143 226.2896 1.4248 1.6453 3.5788 13.6741 1.4478 24.1844 -1.6622 0.3084
