Pedestrian -1 -1 0.6741 361.1750 180.7249 394.4901 249.8478 1.7122 0.5766 0.5706 -5.9424 1.9166 18.3260 0.3642 0.2497
Pedestrian -1 -1 1.6266 314.4997 184.0186 341.2366 254.1441 1.7649 0.6033 0.8008 -7.3848 2.0633 18.7822 1.2562 0.1249
Car -1 -1 -0.4549 835.9991 162.5979 1242.0000 346.5857 1.6914 1.7335 4.0807 4.6293 1.5975 7.6415 0.0719 0.8167
Car -1 -1 1.8039 504.7954 180.6037 554.0125 214.7050 1.5159 1.5551 3.6801 -3.8745 1.9114 34.8668 1.6935 0.7273
Car -1 -1 -0.4019 699.8597 179.3449 838.3811 230.4323 1.4749 1.6021 3.8574 4.8268 1.6861 22.2765 -0.1920 0.6427
Car -1 -1 -0.2967 666.1102 174.5164 776.5665 216.1453 1.6983 1.7769 4.3156 4.6579 1.7723 30.7273 -0.1483 0.5775
Car -1 -1 -0.4602 731.2910 160.9034 1017.9797 276.7279 1.8388 1.7960 4.3749 4.4580 1.6494 12.6243 -0.1291 0.5125
Car -1 -1 -0.3299 827.5464 173.4985 1149.4703 302.6601 1.5812 1.5903 3.5541 4.8864 1.5912 9.8396 0.1183 0.3561
Car -1 -1 -0.4700 674.4463 178.0982 801.0588 226.1019 1.5603 1.6584 4.0322 4.3900 1.7534 25.1403 -0.2999 0.3365
Car -1 -1 0.0691 459.8919 181.7392 530.7888 209.4540 1.4263 1.6106 3.6540 -6.1405 1.9152 38.7082 -0.0876 0.1174
