Cyclist -1 -1 -1.8081 679.8995 171.5101 705.9153 218.8196 1.7482 0.5415 1.9409 3.1184 1.6989 27.6562 -1.6977 0.4741
Car -1 -1 2.0084 177.6603 188.0033 287.3223 244.8041 1.5864 1.6410 3.7889 -11.9864 2.1122 23.0989 1.5341 0.8098
Car -1 -1 -1.3890 494.1727 183.4312 559.9970 230.2464 1.4865 1.6347 4.0839 -2.9357 1.8979 25.9473 -1.5012 0.7939
Car -1 -1 1.9485 340.1359 186.4579 391.9801 212.9748 1.4613 1.5806 4.1284 -14.8447 2.3314 44.0223 1.6247 0.6390
Car -1 -1 -1.4009 518.4548 177.8042 567.7375 217.5832 1.7108 1.6485 3.8716 -3.0840 1.9549 33.5202 -1.4926 0.5056
Car -1 -1 -1.7159 684.4308 178.6958 730.5869 213.6854 1.4637 1.5556 3.5007 4.3012 1.7418 32.5322 -1.5862 0.5052
Car -1 -1 2.1730 96.8969 194.0629 223.1157 240.3652 1.3682 1.6011 4.3288 -15.7893 2.1842 25.5407 1.6237 0.4723
Car -1 -1 2.2112 1138.8972 168.6091 1242.0000 333.2041 1.4441 1.5883 3.9403 7.7990 1.4072 7.3850 3.0037 0.3446
Car -1 -1 1.7634 534.2144 179.8901 579.7176 210.7623 1.5906 1.7342 4.4198 -2.9474 2.0085 40.5170 1.6908 0.3295
Car -1 -1 -0.2884 736.6165 172.8338 794.1572 190.4569 1.3818 1.6161 4.1984 12.3422 1.3806 57.5416 -0.0784 0.1443
