Pedestrian -1 -1 -2.0625 366.2847 176.8670 389.7257 222.4214 1.5970 0.5574 0.6498 -8.3389 1.7432 25.7939 -2.3726 0.1371
Car -1 -1 -3.1043 542.6178 176.6778 647.9359 217.9452 1.4932 1.6281 3.8398 -0.5697 1.6417 27.1063 -3.1258 0.8357
Car -1 -1 -3.5333 892.8314 171.7025 1038.8542 218.8642 1.6782 1.7804 4.5064 13.0179 1.6376 26.6906 -3.0844 0.6759
Car -1 -1 3.1543 275.0593 178.9932 390.7524 223.4724 1.4835 1.6327 3.7582 -9.9119 1.7159 25.8634 2.7914 0.6573
Car -1 -1 2.8999 0.0000 186.0822 122.2070 242.3410 1.3878 1.5948 4.0396 -16.7691 1.8089 20.8625 2.2289 0.4669
Car -1 -1 2.5264 1003.4055 179.4219 1103.2037 214.1111 1.5550 1.6282 3.7097 20.5837 1.8702 33.6407 3.0711 0.3186
Car -1 -1 1.3650 762.5552 174.3233 830.9505 219.0589 1.4990 1.6074 3.9665 6.6737 1.5570 26.3196 1.6101 0.1945
Car -1 -1 1.4155 687.9438 174.4031 750.2265 219.3314 1.5047 1.6206 3.9796 3.8473 1.5658 26.2995 1.5585 0.1921
Car -1 -1 1.0661 799.6858 176.3782 902.8561 220.2297 1.4450 1.6796 4.3008 8.6486 1.5854 26.4093 1.3787 0.1661
Car -1 -1 3.3076 407.3228 176.8782 486.3506 207.5099 1.6699 1.7318 4.1039 -9.1555 1.9020 40.5663 3.0866 0.1366
