Car -1 -1 3.5955 5.3940 190.3417 329.2162 290.8035 1.4390 1.6498 4.1669 -6.9852 1.7456 11.6552 3.0653 0.8807
Car -1 -1 -1.9109 780.3971 189.7082 1187.3805 375.0000 1.4363 1.5761 4.0084 2.6160 1.6304 6.2600 -1.5330 0.8753
Car -1 -1 1.8077 391.1501 184.1581 510.2048 270.0613 1.4668 1.5320 3.5679 -3.1295 1.7242 14.5976 1.5994 0.8583
Car -1 -1 -1.7777 704.4100 180.6194 857.5455 294.8381 1.4808 1.5548 3.6487 2.4616 1.6238 11.4252 -1.5719 0.8515
Car -1 -1 -1.7185 679.3725 178.6915 774.1385 254.6446 1.4488 1.5032 3.4723 2.3871 1.5907 15.7641 -1.5719 0.7388
Car -1 -1 3.5436 134.8359 177.0639 385.4238 263.9806 1.6323 1.7072 4.2248 -6.9549 1.7231 14.5686 3.1048 0.6978
Car -1 -1 -1.6506 641.2371 176.8177 690.7461 219.4364 1.5005 1.5807 3.6365 2.0340 1.6623 27.5646 -1.5783 0.6950
Car -1 -1 -1.6940 658.2534 178.3833 726.2016 231.7152 1.4561 1.5731 3.7959 2.3730 1.6398 22.0057 -1.5887 0.6700
Car -1 -1 3.3879 256.7137 178.6945 426.6595 236.1452 1.5170 1.6807 4.1994 -7.4791 1.6904 20.3151 3.0389 0.3969
Car -1 -1 0.3122 321.7071 177.7795 463.7993 225.9304 1.4907 1.6545 4.1008 -7.0121 1.6567 23.3896 0.0236 0.2170
