Pedestrian -1 -1 1.7219 292.1233 168.5577 320.1692 228.7943 1.8745 0.6982 0.8705 -9.7049 1.7411 22.9572 1.3257 0.4493
Pedestrian -1 -1 -2.3730 897.7225 161.1022 925.5286 215.0764 1.6600 0.5416 0.5922 9.3862 1.2989 22.5683 -1.9839 0.1929
Pedestrian -1 -1 1.7219 269.3100 169.2522 295.2324 229.5140 1.8752 0.6385 0.7774 -10.4448 1.7635 22.9101 1.2981 0.1346
Cyclist -1 -1 -1.7331 416.1374 164.7122 451.9139 239.1487 1.7682 0.5562 2.0052 -4.5007 1.5752 18.1686 -1.9731 0.5264
Car -1 -1 -3.1558 609.7612 166.4503 753.4420 220.7737 1.6821 1.7558 4.4629 2.2406 1.4841 23.3912 -3.0622 0.7784
Car -1 -1 -3.4536 783.0167 163.5786 930.3711 215.2625 1.6097 1.6990 4.1866 7.8455 1.3212 23.3360 -3.1336 0.7771
Car -1 -1 2.6180 932.6455 156.4640 1098.5465 211.0741 1.6706 1.7279 4.3289 12.7802 1.1696 22.9812 3.1198 0.7592
Car -1 -1 -0.9204 521.4130 168.6054 600.2050 206.7306 1.5985 1.6146 3.6775 -2.1781 1.4208 32.2299 -0.9878 0.6060
Car -1 -1 -1.0071 583.8044 164.1766 661.3826 203.0394 1.6201 1.6176 3.9131 0.5851 1.2587 32.1551 -0.9895 0.4713
Car -1 -1 -3.7389 1095.8174 159.3149 1242.0000 207.5735 1.4531 1.6350 4.1877 17.8999 1.0458 22.6738 -3.0770 0.3867
Car -1 -1 0.3908 222.5279 182.5938 340.3708 220.1945 1.4608 1.6949 4.0318 -13.3625 1.8706 29.4146 -0.0325 0.2336
Car -1 -1 -1.1426 912.2737 156.0869 992.9849 192.7532 1.5764 1.7017 4.3508 15.7096 0.8559 33.0743 -0.7028 0.1704
Car -1 -1 -1.2130 721.6019 157.3882 794.5683 197.5563 1.6367 1.7103 4.4166 6.5426 1.0069 31.7236 -1.0118 0.1679
