Pedestrian -1 -1 -2.2336 815.7482 124.2603 945.9003 353.4415 1.8213 0.6019 0.9277 2.3161 1.3760 6.1484 -1.8880 0.7065
Pedestrian -1 -1 -2.3047 871.6347 117.8834 1003.7321 345.2347 1.8563 0.5819 0.9339 2.8830 1.3467 6.3030 -1.8923 0.4849
Pedestrian -1 -1 -1.9485 570.0416 153.3056 597.0864 211.4918 1.8500 0.6147 0.8328 -0.7324 0.9869 22.9788 -1.9780 0.3150
Cyclist -1 -1 1.6577 308.1011 165.5200 331.5520 222.5717 1.8147 0.5551 1.8455 -9.4734 1.3398 23.4483 1.2802 0.4106
Cyclist -1 -1 -3.3735 740.1531 138.5054 831.5366 224.6010 1.7974 0.5382 1.8066 3.7880 0.9223 15.0356 -3.1297 0.1701
Cyclist -1 -1 -0.2541 554.4901 153.9662 609.3141 208.7539 1.7451 0.5276 1.7058 -0.7829 0.9015 23.0096 -0.2856 0.1377
Cyclist -1 -1 2.0826 1073.3710 129.5581 1152.4155 218.6179 1.7748 0.5602 1.7579 10.5411 0.7613 14.7172 2.6958 0.1302
Car -1 -1 1.9105 0.0000 183.1624 179.1731 282.0520 1.4650 1.5459 3.6502 -9.0373 1.5213 12.5407 1.2998 0.7680
Car -1 -1 2.2113 0.0000 191.1953 57.1216 370.0000 1.4697 1.6000 3.9486 -8.1625 1.6200 7.7526 1.4222 0.3891
Car -1 -1 1.6168 267.2659 177.2062 308.1279 210.5450 1.4184 1.5087 3.5425 -14.3263 1.2797 32.0003 1.2013 0.2626
Car -1 -1 -2.3820 894.0801 152.3690 1067.2900 220.8847 1.4179 1.5186 3.4530 8.5665 0.8374 16.5081 -1.9093 0.1025
