Pedestrian -1 -1 2.8130 693.9742 171.1221 724.0272 234.4226 1.6764 0.6098 0.6385 2.6187 1.6309 19.4681 2.9439 0.4705
Car -1 -1 -1.2269 268.9913 183.8970 493.4642 326.4584 1.5376 1.6594 4.0565 -2.9757 1.7256 10.1796 -1.5053 0.8846
Car -1 -1 -1.8363 748.7476 181.0020 857.3743 252.9673 1.4429 1.5262 3.3984 4.2566 1.6497 16.5653 -1.5899 0.8663
Car -1 -1 -1.3316 424.4471 172.6919 531.8036 253.3469 1.7530 1.6753 3.9909 -3.1451 1.7498 17.7255 -1.5055 0.8262
Car -1 -1 2.1069 176.4645 183.8601 269.9566 225.6634 1.4504 1.5410 3.6099 -14.8549 1.9036 27.8417 1.6205 0.7432
Car -1 -1 -1.8201 720.0124 180.5390 804.6102 235.7306 1.4147 1.5067 3.6445 4.2543 1.6572 20.8688 -1.6225 0.7014
Car -1 -1 1.4707 683.2101 176.7508 732.0327 212.3427 1.4390 1.6846 4.3543 4.1949 1.6232 31.8513 1.5999 0.6441
Car -1 -1 -1.3735 482.7772 176.2939 559.9495 228.3098 1.5834 1.7516 4.4889 -2.9478 1.7119 24.5724 -1.4923 0.5817
Car -1 -1 -1.4162 519.9020 182.0437 569.7664 219.2709 1.4336 1.5593 3.6653 -2.7429 1.8476 30.5917 -1.5054 0.4171
Car -1 -1 2.0337 256.5866 181.7022 334.2058 216.0366 1.4815 1.6405 4.2972 -14.9487 1.9313 34.4518 1.6268 0.3950
Car -1 -1 -1.2436 663.9825 173.8792 706.5945 198.4725 1.5511 1.6297 3.9517 5.0023 1.6225 47.8190 -1.1404 0.3808
Car -1 -1 -1.7551 698.0078 177.0040 761.3655 222.1821 1.5090 1.6001 3.7218 4.2428 1.6717 26.3255 -1.5977 0.3735
Car -1 -1 -0.3702 784.0118 174.1127 866.6718 201.4290 1.5379 1.6967 4.2556 12.3847 1.6128 41.7374 -0.0841 0.3426
Car -1 -1 1.8324 388.0456 178.4052 426.3790 200.7089 1.4805 1.6064 4.0656 -14.2949 1.8886 50.9505 1.5599 0.3402
