Pedestrian -1 -1 2.2991 196.9737 161.0769 326.3900 368.3621 1.8193 0.6626 0.9204 -3.3404 1.7163 6.8658 1.8605 0.5304
Pedestrian -1 -1 2.7115 134.7620 161.0796 258.4240 366.3645 1.8398 0.5675 0.8856 -4.0452 1.7347 6.9888 2.2025 0.1061
Cyclist -1 -1 0.7807 148.8544 165.6732 345.2164 368.1071 1.7943 0.5548 1.8382 -3.5553 1.7310 6.9468 0.3221 0.1324
Car -1 -1 1.9325 296.9666 193.5397 428.5366 270.9866 1.3804 1.5079 3.5607 -5.2499 1.8811 15.6359 1.6129 0.8774
Car -1 -1 1.7648 428.4821 185.0215 492.0727 230.0610 1.4612 1.5561 3.8483 -5.4331 1.9390 26.3792 1.5631 0.7769
Car -1 -1 1.7634 358.9438 186.2126 443.5249 246.1836 1.4541 1.5789 3.7514 -5.8051 1.8659 20.2887 1.4875 0.7389
Car -1 -1 2.2368 0.0000 166.6726 242.6949 375.0000 1.7573 1.7394 4.3349 -4.7418 1.7300 5.4254 1.5425 0.5916
Car -1 -1 1.0602 125.9393 185.0604 265.8024 245.8314 1.4016 1.5583 3.7433 -10.9419 1.7498 18.9269 0.5419 0.4815
Car -1 -1 0.9386 184.2345 182.3986 314.7390 235.1981 1.4182 1.5730 3.7484 -10.8062 1.7237 21.5020 0.4775 0.3916
Car -1 -1 1.7694 448.5845 183.7997 505.2713 220.9894 1.4454 1.6309 4.1484 -5.7437 1.9532 31.3581 1.5892 0.2926
Car -1 -1 -2.6481 217.1377 167.3260 304.6317 197.8125 1.6372 1.6954 4.0090 -19.1918 1.3407 39.6832 -3.0961 0.2149
Car -1 -1 2.2405 0.0000 186.3581 172.4220 247.8625 1.4243 1.6339 4.3169 -14.3069 1.8377 19.8691 1.6226 0.1161
