Car -1 -1 -1.6823 663.7031 177.9216 729.1281 228.5130 1.4496 1.5995 4.1491 2.6346 1.6272 23.1620 -1.5712 0.9176
Car -1 -1 2.8948 302.2569 179.8957 479.5976 247.2038 1.4121 1.5545 3.7604 -5.2080 1.5954 17.1079 2.6030 0.8456
Car -1 -1 -2.0505 825.2975 185.7757 1242.0000 375.0000 1.4757 1.7206 4.5344 2.6500 1.5933 4.2386 -1.5236 0.7061
Car -1 -1 2.8166 401.7031 178.0352 529.5258 224.2475 1.5493 1.7262 4.2593 -5.3001 1.7523 26.4033 2.6198 0.5689
Car -1 -1 -1.6320 646.9834 177.0318 683.8584 208.9724 1.4860 1.5871 3.8380 2.6781 1.7059 35.9980 -1.5589 0.4045
Car -1 -1 2.8028 416.2154 173.8411 530.3600 219.0538 1.7094 1.7353 4.1949 -5.5436 1.7522 29.1593 2.6161 0.2116
Car -1 -1 -1.7059 630.5298 176.7901 663.9202 201.7031 1.4795 1.6006 3.7158 2.2676 1.7378 45.3727 -1.6568 0.1956
Car -1 -1 -1.2118 533.2574 176.1931 573.1333 197.6359 1.4964 1.6169 4.0348 -4.1675 1.7530 53.1875 -1.2900 0.1553
Car -1 -1 1.5883 535.7533 177.4550 559.7593 200.9486 1.4898 1.5426 3.8586 -4.1819 1.8121 48.5055 1.5024 0.1526
Car -1 -1 1.6833 0.0000 181.6772 355.2145 375.0000 1.4895 1.6099 3.8579 -2.3218 1.5551 3.2464 1.0992 0.1160
