Cyclist -1 -1 1.6576 485.0015 170.4623 513.3417 243.8902 1.6872 0.5261 1.8074 -2.7189 1.6326 17.4957 1.5050 0.6161
Car -1 -1 -1.7941 721.0731 185.8138 876.6337 300.7032 1.4573 1.5396 3.4677 2.7127 1.6915 11.2795 -1.5653 0.8859
Car -1 -1 -0.4700 410.8287 176.5884 536.9089 224.3932 1.5644 1.6966 4.1149 -4.8685 1.7085 25.8369 -0.6549 0.6833
Car -1 -1 2.8908 268.5794 180.5866 455.6155 248.5517 1.3977 1.5862 3.8880 -5.8241 1.5983 16.9542 2.5641 0.6030
Car -1 -1 -0.1828 132.4616 158.1316 420.8529 294.2242 1.8125 1.7401 3.9094 -5.2574 1.6168 11.4347 -0.6056 0.5666
Car -1 -1 -1.6501 642.3713 172.5036 688.9838 212.5602 1.7364 1.7874 4.4868 2.4755 1.7216 33.5252 -1.5776 0.5199
Car -1 -1 -2.3568 0.0000 0.0000 1242.0000 375.0000 1.4889 1.5993 3.7920 2.3953 1.5084 1.8659 -1.5217 0.4744
Car -1 -1 -1.6371 614.1163 176.6649 638.1862 196.9612 1.4792 1.5869 3.7850 1.1794 1.7815 55.2332 -1.6163 0.2530
Car -1 -1 2.6790 439.9055 179.5445 541.4765 215.8033 1.4415 1.5678 4.0578 -5.1579 1.7479 31.1787 2.5159 0.2225
Car -1 -1 -0.2294 183.2177 180.8397 431.9574 269.3926 1.4260 1.6210 4.1378 -5.7481 1.5998 13.8100 -0.6175 0.1525
