Pedestrian -1 -1 -0.1076 1146.5725 150.6349 1224.0000 370.0000 1.6709 0.5695 0.8025 4.8720 1.4498 5.7283 0.5719 0.5236
Pedestrian -1 -1 1.5508 322.5610 167.9785 345.9675 230.6710 1.6861 0.5904 0.8575 -7.5156 1.3509 19.5185 1.1905 0.3718
Pedestrian -1 -1 1.3825 786.0467 155.7941 804.4164 201.0010 1.8116 0.6007 0.6838 7.6929 0.8230 28.6915 1.6435 0.2784
Pedestrian -1 -1 1.5299 763.9393 155.8829 780.1809 200.9160 1.8409 0.6220 0.7950 6.9080 0.8361 29.3480 1.7605 0.1477
Cyclist -1 -1 2.3029 278.9575 168.2948 352.5947 244.1189 1.7407 0.5435 1.8660 -7.0336 1.4621 17.1961 1.9229 0.6535
Car -1 -1 2.2331 447.9445 166.8334 558.3257 220.1573 1.7340 1.6662 4.1815 -3.5524 1.2911 25.2132 2.0967 0.7630
Car -1 -1 -1.2407 263.3520 175.9649 329.4889 209.3666 1.4745 1.6193 4.0173 -14.4431 1.2758 33.2702 -1.6450 0.4519
Car -1 -1 -1.4075 328.3116 173.7745 380.4734 209.3847 1.5778 1.6731 4.0474 -11.7996 1.2813 33.4600 -1.7418 0.2024
Car -1 -1 -0.4112 544.2230 174.6008 607.8282 196.5603 1.3701 1.5355 3.8053 -1.8651 1.0034 45.6286 -0.4500 0.1965
Car -1 -1 -1.1284 598.8878 167.2592 640.9595 188.2145 1.4912 1.5994 3.8982 1.1551 0.5503 52.4102 -1.1047 0.1484
