Pedestrian -1 -1 -2.2886 414.1695 176.5521 449.9174 246.4638 1.6478 0.5136 0.6887 -4.3546 1.7398 17.4551 -2.5302 0.2994
Cyclist -1 -1 -0.2879 390.5681 173.8492 467.3228 245.0490 1.6515 0.5297 1.7178 -4.4091 1.6768 17.4163 -0.5330 0.1050
Car -1 -1 -1.7893 723.6318 185.1389 880.3271 302.7233 1.4982 1.5690 3.5006 2.7684 1.7213 11.3198 -1.5567 0.9153
Car -1 -1 -1.6685 662.4545 182.9709 719.0540 227.8448 1.3753 1.5362 4.0616 2.6812 1.7557 25.0656 -1.5639 0.8137
Car -1 -1 2.9170 366.5478 177.9031 501.4167 229.1487 1.5086 1.6567 3.9403 -5.6878 1.6825 23.1789 2.6784 0.6376
Car -1 -1 2.3933 0.0000 162.2285 125.7451 375.0000 1.6101 1.6842 4.0588 -4.9440 1.5809 4.0595 1.5423 0.3099
Car -1 -1 2.8438 291.0443 179.3967 459.7267 247.0195 1.4429 1.5459 3.5672 -5.6522 1.6158 17.3671 2.5331 0.2703
Car -1 -1 -1.6528 621.9039 177.1846 643.1434 194.4391 1.4759 1.5942 3.7131 1.9684 1.8751 64.5615 -1.6228 0.1779
Car -1 -1 -2.2349 0.0000 0.0000 1242.0000 375.0000 1.4726 1.6053 3.8368 2.2355 1.5871 1.4256 -1.3219 0.1573
Car -1 -1 2.6144 514.5911 174.4845 562.9965 192.1854 1.4814 1.5594 3.9205 -6.1715 1.6269 62.4890 2.5161 0.1423
