Pedestrian -1 -1 -0.3419 1152.0874 173.4598 1242.0000 375.0000 1.7097 0.5932 0.6552 5.0517 1.7155 6.1224 0.3236 0.1709
Pedestrian -1 -1 1.4130 1156.2855 167.6356 1242.0000 326.1719 1.6983 0.6875 0.7561 6.6682 1.6428 8.2239 2.0761 0.1061
Cyclist -1 -1 -1.8989 676.0552 179.9614 701.0616 220.4263 1.6899 0.5094 1.8432 3.3660 2.0092 31.4203 -1.7939 0.3128
Cyclist -1 -1 0.8893 1128.6196 172.8465 1242.0000 333.0663 1.6242 0.5360 1.6930 6.6984 1.6244 8.1614 1.5582 0.1289
Car -1 -1 -0.4505 866.1445 172.5403 1110.0914 262.2313 1.7917 1.7596 4.2510 7.8251 1.7858 15.3185 0.0132 0.7910
Car -1 -1 2.0606 217.3897 190.9696 297.3190 227.2272 1.4515 1.5497 4.0498 -16.0536 2.3317 32.9887 1.6106 0.6192
Car -1 -1 -1.3784 512.9066 186.6842 563.0587 221.6007 1.4545 1.6144 3.8811 -3.3339 2.1384 33.6518 -1.4770 0.5275
Car -1 -1 1.7261 323.0822 188.4750 369.8910 223.6700 1.5099 1.5520 3.6981 -12.6333 2.3031 34.6576 1.3786 0.3892
Car -1 -1 0.8534 1146.3171 183.2662 1242.0000 375.0000 1.5654 1.6116 3.6955 5.5335 1.6626 4.7860 1.6803 0.2581
Car -1 -1 -1.6559 659.8216 184.8892 696.1572 213.4158 1.4598 1.6753 4.2686 3.7622 2.1775 40.8649 -1.5654 0.2121
Car -1 -1 -1.2866 525.3470 184.0987 571.1945 214.0235 1.5632 1.6415 3.6702 -3.5012 2.2351 41.1238 -1.3716 0.1492
Car -1 -1 1.9165 371.6326 190.1949 414.9561 213.5171 1.4969 1.6346 4.2207 -15.4832 2.7907 51.6615 1.6263 0.1141
Car -1 -1 1.1123 656.8248 185.8182 730.2080 223.9940 1.4518 1.4919 4.0200 3.4688 2.0484 31.0366 1.2218 0.1110
