Pedestrian -1 -1 1.7268 245.1314 174.9863 271.1989 229.4768 1.7867 0.6661 0.8102 -11.8277 1.8600 24.1787 1.2758 0.6983
Cyclist -1 -1 2.5060 278.5696 177.9971 324.3350 219.0967 1.7169 0.5355 1.8739 -13.4132 1.9473 31.3184 2.1041 0.3393
Car -1 -1 -1.7091 756.2528 182.2523 838.8533 244.6506 1.4216 1.5563 3.7239 4.7676 1.6940 18.9500 -1.4671 0.8701
Car -1 -1 -1.8039 805.0784 177.9702 953.0405 274.7915 1.5137 1.6370 4.0113 4.7982 1.6250 13.5738 -1.4719 0.8566
Car -1 -1 -1.5650 667.3066 177.5564 703.5693 211.9029 1.5186 1.6252 3.6991 3.5559 1.7554 34.3525 -1.4633 0.7648
Car -1 -1 -1.7016 733.9736 181.7145 794.1208 227.1670 1.4187 1.5609 3.6086 5.2369 1.7500 25.0970 -1.4989 0.6955
Car -1 -1 2.4580 0.0000 193.4754 118.1927 352.8399 1.4759 1.5996 3.9101 -8.6854 1.7997 9.2622 1.7190 0.5894
Car -1 -1 -1.6462 725.4124 177.5093 763.3425 208.7243 1.4841 1.6099 3.7093 6.7673 1.7344 36.8071 -1.4663 0.4834
Car -1 -1 2.7089 128.1455 190.0049 205.1699 213.7176 1.5016 1.7071 4.3491 -31.4618 2.7749 51.2706 2.1606 0.3427
Car -1 -1 2.4894 254.1808 186.2365 338.2409 217.0224 1.4447 1.5203 3.9098 -16.3725 2.1835 37.7387 2.0823 0.1677
