Car -1 -1 1.2390 666.5013 178.3905 771.8685 233.5611 1.4936 1.8021 4.5805 3.1980 1.6847 22.4371 1.3780 0.8635
Car -1 -1 2.1039 353.6503 190.3448 464.8598 241.8030 1.4294 1.6350 4.1457 -6.5194 2.0595 23.7610 1.8383 0.7977
Car -1 -1 1.0360 727.3896 175.5813 841.9362 223.1677 1.4364 1.7268 4.4117 5.7190 1.5380 24.4117 1.2629 0.6416
Car -1 -1 -1.9030 0.0000 193.0777 147.3582 277.5229 1.6174 1.7156 4.1308 -12.5856 2.1350 16.5832 -2.5447 0.6381
Car -1 -1 1.7523 489.0738 188.4089 562.2176 243.2161 1.4133 1.5342 3.6019 -2.4724 1.9172 21.5020 1.6384 0.6156
Car -1 -1 2.1086 309.4236 191.9112 411.4723 237.7755 1.3874 1.5794 4.0469 -8.8224 2.1245 25.7490 1.7811 0.4942
Car -1 -1 1.8951 625.0867 187.7608 688.1620 223.0838 1.4479 1.6504 4.3765 2.2254 2.1966 33.8838 1.9594 0.4688
Car -1 -1 2.2423 218.5299 192.6366 319.5071 235.9898 1.4899 1.5936 3.8181 -13.4899 2.3332 28.7005 1.8061 0.4396
Car -1 -1 2.2533 262.1621 193.3316 368.9630 237.5470 1.4193 1.5718 3.9758 -11.0467 2.2540 27.2643 1.8713 0.3983
Car -1 -1 1.0734 799.0397 172.9984 890.2393 216.8296 1.4420 1.5263 3.6042 8.1991 1.4478 25.6615 1.3788 0.3708
Car -1 -1 1.9148 469.1452 192.4513 523.6340 221.9247 1.4082 1.6096 4.2883 -6.2178 2.5490 39.7292 1.7600 0.2579
Car -1 -1 2.1723 579.9719 189.1660 646.9468 223.2244 1.4757 1.5457 3.4810 0.1749 2.3079 34.9225 2.1765 0.2482
Car -1 -1 0.7289 847.1828 169.5694 955.0964 207.9864 1.4914 1.6519 4.1266 12.0442 1.3642 30.2220 1.1044 0.2070
