Pedestrian -1 -1 -0.7909 565.7209 166.9316 601.5653 223.0275 1.7164 0.6190 0.9741 -0.6985 1.3028 22.1960 -0.8202 0.7955
Pedestrian -1 -1 1.5355 515.6235 166.8246 532.5726 214.6559 1.8049 0.6180 0.8282 -3.1344 1.2904 27.1298 1.4235 0.6976
Pedestrian -1 -1 0.9701 630.4076 162.9039 663.1573 222.8576 1.8010 0.6150 0.8823 1.2496 1.2740 21.7711 1.0284 0.6726
Pedestrian -1 -1 -1.6998 765.8387 164.0183 799.6033 245.9570 1.6684 0.5765 0.8554 3.6814 1.3344 14.8485 -1.4600 0.6579
Pedestrian -1 -1 1.2681 486.1195 168.6530 510.9964 228.5854 1.7469 0.5474 0.7057 -3.2049 1.4031 21.0403 1.1209 0.6175
Pedestrian -1 -1 0.9140 656.0535 166.2400 682.2477 222.4839 1.7417 0.5382 0.6493 1.9906 1.3016 22.3082 1.0034 0.5580
Pedestrian -1 -1 3.0805 534.7886 166.4344 561.5897 214.6607 1.7698 0.5693 0.9608 -2.1432 1.2551 26.2904 3.0019 0.4855
Pedestrian -1 -1 -1.2176 472.3057 165.5108 502.5131 229.5010 1.7585 0.6129 0.7552 -3.3308 1.3481 19.8539 -1.3794 0.4558
Pedestrian -1 -1 2.2697 547.9083 165.3935 575.5151 212.9005 1.7984 0.6188 0.9185 -1.6940 1.2281 27.3142 2.2103 0.3231
Cyclist -1 -1 -3.0934 549.2007 164.2684 608.9791 222.2218 1.8011 0.5444 1.8566 -0.8362 1.2982 22.2531 -3.1287 0.1010
