Pedestrian -1 -1 -0.9903 804.2946 164.4880 861.4324 266.9674 1.7840 0.5904 0.9133 3.9912 1.6387 13.0782 -0.7013 0.7188
Car -1 -1 1.9869 1021.7576 192.9404 1186.6295 271.7614 1.3980 1.5562 3.6721 10.4469 1.8691 15.2697 2.5772 0.7955
Car -1 -1 -0.8060 612.3121 175.9254 735.0795 230.5616 1.4980 1.6301 3.6425 1.9279 1.5988 21.7970 -0.7197 0.6998
Car -1 -1 -1.5861 210.1917 176.7850 295.1741 253.5291 1.5218 1.5675 3.1980 -8.1085 1.6205 16.2683 -2.0424 0.5698
Car -1 -1 -0.4010 371.1316 171.9051 459.7146 205.7843 1.5655 1.6066 3.8460 -9.4855 1.5220 35.1546 -0.6630 0.4711
Car -1 -1 2.2393 557.9459 177.4466 671.5957 224.1633 1.3850 1.5946 4.0479 0.1977 1.5506 23.8749 2.2468 0.4014
Car -1 -1 -0.4811 395.9142 173.6269 481.8227 208.4788 1.5146 1.5575 3.5228 -7.8744 1.5524 33.1722 -0.7127 0.3996
Car -1 -1 -1.5066 209.5628 175.6190 286.1503 239.1885 1.5544 1.6202 3.8407 -9.9290 1.6390 19.9052 -1.9643 0.2408
Car -1 -1 2.4823 515.9229 177.8340 623.6724 220.9291 1.4154 1.5456 3.6897 -1.4406 1.6069 25.9019 2.4266 0.2274
Car -1 -1 -1.2157 23.3007 173.0343 94.4219 203.9253 1.4974 1.6128 3.9835 -28.3011 1.5076 37.1378 -1.8635 0.1925
Car -1 -1 1.8412 1136.5017 193.9336 1242.0000 262.5790 1.4592 1.5305 3.8112 14.8204 2.0402 18.1351 2.5176 0.1699
