Pedestrian -1 -1 -1.7992 357.5488 168.1601 400.5880 268.7365 1.6633 0.5321 0.8488 -3.9107 1.4175 12.1879 -2.1009 0.8896
Pedestrian -1 -1 1.3589 405.0831 171.3423 441.5576 259.9187 1.5996 0.5092 0.7876 -3.4097 1.3885 13.2292 1.1138 0.7662
Pedestrian -1 -1 1.8279 722.2322 163.7165 794.6230 326.3694 1.7083 0.6037 0.8623 1.7112 1.5060 7.9406 2.0329 0.7463
Pedestrian -1 -1 1.8601 562.1739 171.1168 617.8080 291.9473 1.6445 0.5860 0.8225 -0.2184 1.4827 10.0915 1.8402 0.7335
Pedestrian -1 -1 3.2730 432.1658 170.3093 479.7916 268.4028 1.5972 0.4741 0.7199 -2.4819 1.3902 11.7683 3.0718 0.7249
Pedestrian -1 -1 1.0516 458.8714 171.8648 506.2227 264.1440 1.5704 0.5076 0.7748 -2.1744 1.3805 12.4877 0.8848 0.7102
Pedestrian -1 -1 -1.2527 597.3314 168.5202 655.2726 291.9870 1.6212 0.5785 0.8087 0.2876 1.4310 9.7568 -1.2231 0.6606
Pedestrian -1 -1 1.3596 968.6864 130.3026 1107.8466 370.0000 1.8623 0.6867 0.9665 3.2189 1.5022 5.3983 1.8728 0.6388
Pedestrian -1 -1 0.8951 600.4409 160.9145 666.2444 277.0042 1.7575 0.6255 0.8887 0.4314 1.4229 11.2418 0.9336 0.6050
Pedestrian -1 -1 -1.2478 356.1144 166.3507 381.5470 215.0265 1.7673 0.6529 0.8520 -8.6564 1.1602 26.0951 -1.5628 0.2291
Pedestrian -1 -1 1.2132 866.3240 143.8786 995.5792 370.0000 1.7915 0.6136 0.8550 2.4105 1.5179 5.3910 1.6130 0.2037
Car -1 -1 1.7417 474.6166 177.2844 536.2771 219.9885 1.4724 1.6165 3.9538 -3.5752 1.2730 26.3808 1.6102 0.7556
Car -1 -1 -0.6306 997.0991 167.8060 1226.0000 247.8541 1.8935 1.8533 4.5722 12.6255 1.5329 17.6869 -0.0177 0.3401
Car -1 -1 1.7166 611.3694 172.2812 648.5779 201.7590 1.6883 1.6605 4.1056 1.6829 1.0695 42.6634 1.7574 0.2518
