Pedestrian -1 -1 2.5784 700.0190 173.6650 764.0121 283.3085 1.6552 0.5544 0.8197 1.8564 1.6687 11.3122 2.7356 0.3881
Car -1 -1 1.1700 338.4786 189.0048 518.8741 286.2445 1.4245 1.6866 4.3517 -3.6081 1.7783 13.5489 0.9137 0.7617
Car -1 -1 -1.6644 690.7499 181.1179 749.2394 228.7839 1.4325 1.5703 3.7767 3.5779 1.7330 24.2749 -1.5205 0.7224
Car -1 -1 1.9886 286.3342 186.1753 376.6467 234.9950 1.5760 1.6344 3.8682 -10.0955 2.0993 26.3441 1.6256 0.6252
Car -1 -1 -2.4328 500.5605 181.1281 590.9016 215.6487 1.3885 1.5462 3.8627 -2.8867 1.7714 31.6073 -2.5237 0.5649
Car -1 -1 2.2798 0.0000 197.5457 191.1086 295.0543 1.5444 1.6456 4.0971 -10.6716 2.1170 14.6069 1.6572 0.5159
Car -1 -1 -1.8609 708.3270 179.9447 873.1706 291.0041 1.5077 1.6133 3.4869 2.7163 1.6418 11.8179 -1.6415 0.4596
Car -1 -1 -1.6558 670.0099 177.9679 707.0552 208.4396 1.4827 1.5981 3.6584 4.0051 1.7624 37.5693 -1.5510 0.4206
Car -1 -1 0.8902 412.8075 187.9321 536.0376 245.1526 1.3925 1.4868 3.5336 -3.8859 1.8500 20.1649 0.7015 0.4043
Car -1 -1 0.8405 468.0984 181.5193 575.4197 225.9986 1.4310 1.5869 3.9373 -3.2559 1.7645 25.8388 0.7158 0.3301
Car -1 -1 -1.6168 662.0848 171.4234 688.8632 197.2449 1.7595 1.6954 4.1218 4.5842 1.6624 51.2595 -1.5285 0.1965
Car -1 -1 2.6129 538.7592 177.5919 603.6661 202.0887 1.5483 1.6276 4.0531 -2.5961 1.8762 48.0891 2.5588 0.1721
