Car -1 -1 2.6579 754.9377 171.7765 1129.6359 306.1321 1.6059 1.7122 4.2638 4.2177 1.5934 9.6531 3.0577 0.8590
Car -1 -1 1.7184 478.3341 180.4852 547.8361 236.5689 1.5659 1.6112 3.7548 -2.9854 1.8248 22.5488 1.5876 0.8351
Car -1 -1 -0.2533 719.6539 180.5043 891.7752 242.9532 1.4460 1.5850 3.7900 4.6566 1.6424 17.6933 -0.0008 0.7562
Car -1 -1 2.2171 0.0000 166.0056 346.9974 375.0000 1.6604 1.6914 4.3477 -3.1401 1.6440 3.9381 1.5759 0.6378
Car -1 -1 2.8484 691.3774 170.9108 855.1554 235.3171 1.7404 1.7537 4.2154 4.5205 1.6882 20.5376 3.0613 0.5550
Car -1 -1 1.6607 527.0453 177.0996 569.2896 215.6182 1.6375 1.5909 3.7884 -2.8114 1.8431 32.9868 1.5758 0.5154
Car -1 -1 1.6590 549.4167 178.7366 581.5881 206.4828 1.5144 1.5537 3.6949 -2.5862 1.8727 42.0387 1.5974 0.3313
Car -1 -1 2.8462 672.7585 175.3944 768.4376 208.3983 1.4720 1.6251 4.0868 5.0550 1.5940 33.4511 2.9943 0.3273
Car -1 -1 1.9837 564.1663 177.8927 603.1552 199.9510 1.5212 1.5225 3.6096 -1.9105 1.9026 52.6082 1.9471 0.3109
Car -1 -1 -0.4070 708.8318 175.4035 840.5464 225.9154 1.5492 1.6334 3.8324 5.2574 1.6364 23.4070 -0.1894 0.1491
