Car -1 -1 -1.8220 731.9222 185.8176 916.4194 305.6272 1.4795 1.6712 4.3700 3.1021 1.7270 11.5682 -1.5676 0.8724
Car -1 -1 -2.0188 814.8080 185.5073 1242.0000 375.0000 1.4668 1.6701 4.2833 3.1432 1.6134 6.1908 -1.5692 0.8355
Car -1 -1 -1.7598 686.3137 182.8228 774.6173 246.0501 1.4516 1.5769 3.8082 3.0267 1.7426 19.1019 -1.6059 0.8075
Car -1 -1 2.1658 102.8853 191.2619 209.6362 234.7035 1.4114 1.5336 3.7318 -16.8509 2.1474 26.9403 1.6110 0.7910
Car -1 -1 1.9768 254.8655 186.4875 320.8692 217.8898 1.4502 1.6036 4.1101 -16.5407 2.1920 37.1745 1.5605 0.5966
Car -1 -1 2.0586 179.7856 187.9862 263.3252 225.1764 1.4634 1.5736 3.9685 -17.1484 2.1763 31.9892 1.5696 0.5160
Car -1 -1 2.2467 0.0000 195.1662 128.9980 251.3700 1.3842 1.5690 4.2359 -16.6809 2.1187 21.6003 1.5949 0.4959
Car -1 -1 -1.7127 671.9749 181.4145 739.1139 231.5915 1.4817 1.6239 4.1054 3.0486 1.7923 24.0764 -1.5890 0.4016
Car -1 -1 -1.6621 658.3258 181.3943 705.9885 221.8128 1.4597 1.5405 3.5794 2.7593 1.8199 28.6047 -1.5676 0.2611
Car -1 -1 1.9969 354.4755 185.5136 399.3071 208.6235 1.5277 1.5996 3.9012 -16.7547 2.4752 51.9483 1.6860 0.1374
