Car -1 -1 -1.8572 680.3861 182.4323 851.8091 295.1681 1.4580 1.5887 3.8770 2.2550 1.6401 11.6791 -1.6723 0.8986
Car -1 -1 -1.7090 643.1807 180.2540 736.6948 254.1815 1.4591 1.5757 3.8096 1.6641 1.6492 16.5608 -1.6116 0.8246
Car -1 -1 -1.8158 616.5042 177.4625 700.7345 232.1316 1.4968 1.6270 4.0479 1.3461 1.6530 22.2530 -1.7570 0.7269
Car -1 -1 3.2286 0.0000 164.9854 279.6511 375.0000 1.6918 1.7291 4.0665 -5.8124 1.6305 7.4621 2.5838 0.7084
Car -1 -1 3.0010 44.4602 176.5951 386.4519 305.9384 1.5296 1.6706 4.1260 -5.6389 1.5942 10.5203 2.5190 0.5879
Car -1 -1 2.8360 201.4234 177.7781 429.7084 257.8591 1.5075 1.6697 4.3459 -6.4035 1.6298 15.8485 2.4573 0.5002
Car -1 -1 2.8024 294.5186 180.1778 444.6541 235.1163 1.4330 1.5571 3.8686 -7.0180 1.6658 21.0954 2.4845 0.3947
Car -1 -1 -1.4296 446.0754 178.4603 475.1273 199.7635 1.4888 1.5941 3.7244 -11.0329 1.9184 53.3355 -1.6329 0.1804
Car -1 -1 -2.1319 0.0000 0.0000 1242.0000 375.0000 1.4586 1.5797 3.7473 2.6254 1.6604 1.7641 -1.2281 0.1601
Car -1 -1 3.1347 402.1204 179.6366 453.5413 198.0210 1.4405 1.6129 4.0073 -14.8487 2.0053 58.7634 2.8879 0.1389
