Pedestrian -1 -1 -1.3922 1172.3516 144.7150 1240.8629 273.3515 1.7639 0.6324 0.8577 8.5599 1.3784 10.4117 -0.7183 0.1962
Car -1 -1 -0.3701 758.4574 178.8036 1023.2575 262.8938 1.4431 1.6837 4.2587 5.0142 1.5612 13.3888 -0.0197 0.9072
Car -1 -1 -0.5861 892.6048 182.4568 1242.0000 375.0000 1.4458 1.6531 4.1303 4.8424 1.5435 6.4092 0.0383 0.8119
Car -1 -1 2.0446 144.7218 189.5252 378.3878 300.2283 1.4096 1.6444 4.3147 -5.5277 1.7391 12.0432 1.6221 0.8090
Car -1 -1 -0.4764 707.6154 177.8996 866.8409 238.6021 1.4482 1.5734 3.6816 4.4906 1.5872 18.6200 -0.2442 0.7050
Car -1 -1 -0.1423 679.5820 175.8979 778.2767 213.5779 1.4791 1.6105 3.7561 4.7291 1.6065 29.2890 0.0156 0.7033
Car -1 -1 -0.4914 733.3249 179.0081 933.4734 247.8359 1.4059 1.6087 3.9962 4.8941 1.5541 16.1386 -0.2028 0.6822
Car -1 -1 2.7111 686.1711 174.6470 843.6375 231.4373 1.5592 1.6870 4.2010 4.4630 1.6154 21.1822 2.9152 0.5377
Car -1 -1 -0.2788 667.3095 177.9169 761.6021 211.8024 1.4359 1.5653 3.8446 4.5486 1.6676 31.9250 -0.1392 0.3461
Car -1 -1 1.6726 512.5428 181.4249 540.8984 203.6313 1.4374 1.5714 3.9057 -5.7826 2.0572 50.1794 1.5580 0.3332
Car -1 -1 -1.3025 651.2365 175.8976 699.4323 205.8461 1.4723 1.5788 3.7958 3.4491 1.6413 37.9399 -1.2130 0.2469
Car -1 -1 1.9492 460.9552 181.7700 519.7192 210.5790 1.3837 1.5960 4.3154 -6.3167 1.8860 38.3411 1.7865 0.2445
