Pedestrian -1 -1 1.2238 423.0808 157.7396 467.5354 247.2052 1.8517 0.6443 0.9672 -3.4845 1.3823 15.2101 1.0049 0.8952
Pedestrian -1 -1 0.8537 698.4368 147.7689 778.0610 287.1126 1.9069 0.6516 0.9755 1.8727 1.4607 10.2569 1.0306 0.8850
Pedestrian -1 -1 0.8738 670.4417 150.0691 752.2546 293.9958 1.8653 0.6394 0.9675 1.4037 1.4726 9.7382 1.0142 0.8817
Pedestrian -1 -1 1.6745 215.6903 157.1507 241.2513 216.5128 1.8687 0.6477 0.7469 -12.1238 1.1352 22.7190 1.1920 0.2599
Pedestrian -1 -1 1.4845 266.6459 160.1564 289.9511 216.4515 1.8171 0.6451 0.6582 -10.7835 1.1620 23.2627 1.0575 0.1928
Pedestrian -1 -1 1.5457 241.9166 157.4220 263.8512 215.8232 1.8631 0.6260 0.6430 -11.4802 1.1284 22.9814 1.0898 0.1443
Car -1 -1 -2.0956 960.7890 181.6665 1067.1024 227.1956 1.4347 1.5657 3.5176 13.7997 1.4790 24.1321 -1.5803 0.7988
Car -1 -1 -2.2314 1029.8219 182.8257 1154.6049 228.3489 1.4115 1.5323 3.6747 16.3506 1.4981 23.9938 -1.6379 0.7949
Car -1 -1 0.9353 1097.4053 182.6887 1224.0000 229.2593 1.4675 1.6160 4.0328 19.2168 1.5512 24.5021 1.5956 0.7135
Car -1 -1 -1.5787 602.8838 175.6608 634.6067 203.9716 1.4109 1.5811 3.9338 0.6946 1.1712 37.2081 -1.5585 0.5123
Car -1 -1 -1.5049 559.1362 172.0804 582.4045 191.6449 1.4868 1.5884 3.5798 -2.6478 0.8482 55.5319 -1.5506 0.3241
