Cyclist -1 -1 -1.8586 678.7179 176.7698 708.3846 225.1659 1.7422 0.5741 1.9368 3.0809 1.8953 27.1377 -1.7475 0.3798
Car -1 -1 2.0626 137.3531 193.1342 262.0488 254.7309 1.5487 1.6082 3.7119 -11.9639 2.1986 21.2381 1.5546 0.8376
Car -1 -1 -1.3628 483.6461 184.0478 556.7931 237.2856 1.6118 1.6725 4.1653 -3.0409 2.0317 24.8931 -1.4838 0.6999
Car -1 -1 -1.3672 514.6833 183.1400 568.0739 222.6567 1.6086 1.6566 3.7582 -3.0510 2.0981 32.3476 -1.4612 0.5750
Car -1 -1 -1.6565 689.9181 183.7047 735.1630 219.8781 1.4201 1.5979 4.0989 4.3940 1.9280 31.6619 -1.5205 0.5604
Car -1 -1 2.1339 69.1380 197.6422 192.3990 249.5615 1.4553 1.5662 3.8974 -15.8555 2.3494 24.0536 1.5560 0.5171
Car -1 -1 1.8662 332.3584 190.9740 380.3392 218.9980 1.4846 1.6171 3.8806 -14.9950 2.6079 42.7425 1.5303 0.4803
Car -1 -1 -0.2201 740.7849 179.1667 797.9454 197.9981 1.4365 1.6405 4.1030 12.4054 1.9377 56.4237 -0.0052 0.4514
Car -1 -1 1.6609 552.4478 185.1641 582.7242 210.9287 1.4806 1.5569 3.8912 -2.6555 2.2876 45.3107 1.6021 0.3050
Car -1 -1 1.2222 660.7304 185.1953 731.4569 229.1547 1.4538 1.4886 3.4761 3.0768 1.9440 26.7704 1.3346 0.1804
