Pedestrian -1 -1 -2.8546 1190.3960 123.5267 1242.0000 375.0000 1.7823 0.5972 0.8508 4.2636 1.5054 4.5725 -2.1364 0.1419
Car -1 -1 -2.5056 534.3646 175.5051 603.8838 202.8170 1.5284 1.6295 3.8713 -2.4572 1.6911 42.4529 -2.5635 0.8561
Car -1 -1 2.9545 352.2534 181.9576 437.0709 210.3098 1.5015 1.7144 4.3900 -12.2909 2.0429 41.1124 2.6653 0.8483
Car -1 -1 -1.7670 756.4904 174.5281 839.1526 229.6093 1.4439 1.5648 3.8626 5.3070 1.4976 20.9979 -1.5234 0.8204
Car -1 -1 2.5160 120.1251 185.5097 240.7660 222.5389 1.4351 1.7145 4.4178 -18.9204 2.0374 31.9464 1.9847 0.6530
Car -1 -1 2.5958 0.0000 193.7116 105.9331 239.6501 1.3974 1.6042 4.3465 -21.1989 2.2270 26.3665 1.9234 0.6286
Car -1 -1 2.5722 238.2950 184.6221 327.1839 215.2567 1.4099 1.5932 3.8883 -16.6798 2.0450 36.8520 2.1496 0.6284
Car -1 -1 -2.2011 1026.1887 176.7577 1242.0000 375.0000 1.4963 1.6235 3.9720 4.5462 1.5340 4.8413 -1.4777 0.4544
Car -1 -1 2.7813 280.3223 181.9246 358.5035 211.7287 1.5898 1.6494 3.8430 -16.7325 2.1365 41.5517 2.4003 0.2882
Car -1 -1 1.8336 455.9270 179.8521 492.5180 201.2125 1.4964 1.6902 4.0769 -10.1422 2.0410 54.0164 1.6485 0.2832
Car -1 -1 -1.5402 628.3670 171.6756 650.6953 192.0270 1.5125 1.6048 3.9672 2.2820 1.4253 55.6575 -1.4998 0.1626
Car -1 -1 -0.5599 936.6080 157.8922 1023.5125 187.1214 1.4967 1.6044 3.7932 19.3728 0.7309 37.9152 -0.0908 0.1489
