Pedestrian -1 -1 -2.2229 490.6808 179.0927 525.8649 249.4021 1.6160 0.5537 0.6331 -2.4577 1.7676 17.0745 -2.3645 0.2088
Car -1 -1 -1.8578 780.2556 180.5613 978.3503 300.1133 1.4917 1.6653 4.3074 3.9270 1.6379 11.4625 -1.5366 0.9051
Car -1 -1 -1.7034 729.6913 178.8375 801.2497 235.6749 1.5000 1.5734 3.5173 4.4383 1.6914 21.2294 -1.5009 0.8673
Car -1 -1 2.8549 361.5645 188.2897 526.6342 257.5437 1.4226 1.5403 3.5059 -3.9444 1.8200 17.0303 2.6299 0.8608
Car -1 -1 2.7487 523.7272 180.7145 600.1687 207.8038 1.4017 1.5751 3.9038 -2.6788 1.8529 39.8160 2.6815 0.7603
Car -1 -1 -1.6974 705.5919 179.8902 765.1971 223.6215 1.4340 1.6095 4.1557 4.4651 1.7128 26.4421 -1.5326 0.6281
Car -1 -1 2.8104 389.1952 183.6776 557.3815 245.2477 1.4991 1.6641 4.2649 -3.7929 1.8257 19.9675 2.6243 0.6125
Car -1 -1 -2.3138 1052.8341 195.5424 1242.0000 375.0000 1.4647 1.5782 3.8331 3.5386 1.6182 2.8865 -1.4768 0.3481
Car -1 -1 2.8960 454.5449 184.2922 574.7446 226.9731 1.3924 1.5838 3.9955 -3.4539 1.8251 25.7992 2.7636 0.2946
Car -1 -1 -1.6249 681.9548 175.9009 711.9507 201.2157 1.5049 1.6490 3.9678 5.3985 1.7056 45.4116 -1.5078 0.2819
Car -1 -1 2.6566 544.2894 178.9271 610.8093 202.3039 1.4954 1.6467 4.2193 -2.2109 1.9220 48.8554 2.6112 0.2379
