Pedestrian -1 -1 -1.4711 895.9120 144.7660 936.1402 241.4850 1.7722 0.6234 0.9175 5.9061 1.1191 13.5026 -1.0655 0.6622
Pedestrian -1 -1 1.3437 842.0352 155.6294 866.1249 206.4497 1.8116 0.6618 0.7808 8.9941 0.9266 25.6236 1.6792 0.2367
Pedestrian -1 -1 -1.8156 820.6342 156.5807 843.9742 206.4699 1.7773 0.6446 0.7245 8.1868 0.9267 25.5650 -1.5075 0.2219
Car -1 -1 1.8118 421.6233 177.6086 493.4810 220.3460 1.4334 1.6147 4.1005 -5.3044 1.3380 25.7926 1.6132 0.8314
Car -1 -1 -1.4410 494.4625 172.9784 534.1189 204.0174 1.5692 1.6092 3.7822 -4.7877 1.1903 37.6357 -1.5647 0.7436
Car -1 -1 -0.1921 666.3514 166.6712 754.9818 198.7263 1.5539 1.6716 4.1179 5.1996 0.8850 35.1971 -0.0450 0.6894
Car -1 -1 3.3414 0.0000 169.9050 86.7209 208.4292 1.5223 1.6321 3.8549 -24.1989 1.1051 29.5477 2.6624 0.3101
Car -1 -1 -1.4305 648.2649 167.6733 682.2142 192.7660 1.4878 1.5841 3.8017 3.7817 0.7287 43.9492 -1.3435 0.2080
Car -1 -1 1.7234 525.3973 170.9046 553.9351 192.0475 1.5125 1.5587 3.7006 -4.8049 0.8273 52.4696 1.6343 0.1638
Car -1 -1 1.7226 508.5569 173.9950 545.1023 199.9608 1.5066 1.6185 3.9949 -4.7142 1.1305 43.0516 1.6160 0.1489
