Car -1 -1 -1.9425 766.2460 196.9001 1010.8790 353.4493 1.4526 1.5531 3.5808 3.1553 1.8165 9.0794 -1.6195 0.8850
Car -1 -1 -1.8197 700.9573 191.4087 839.3021 283.4962 1.4277 1.5911 4.1743 2.8976 1.8471 14.1667 -1.6232 0.8616
Car -1 -1 3.4602 96.2341 184.1244 390.0856 284.8157 1.4637 1.6425 3.9664 -5.8354 1.6652 11.8021 3.0094 0.7656
Car -1 -1 3.6840 0.0000 188.4720 312.8654 326.7432 1.4375 1.5937 3.6773 -5.7416 1.6416 8.5531 3.1068 0.7205
Car -1 -1 3.4004 175.8041 176.9132 403.8271 263.5208 1.6091 1.6787 3.9189 -6.3646 1.6980 14.6222 2.9960 0.6816
Car -1 -1 -2.7718 241.3494 179.8823 427.3054 245.9891 1.5063 1.6408 3.8731 -6.6185 1.6849 17.4606 -3.1296 0.4999
Car -1 -1 1.3322 510.1482 178.7796 544.3024 201.4188 1.5560 1.6241 3.7938 -6.1125 2.0064 52.7294 1.2170 0.4696
Car -1 -1 3.2674 337.9480 180.1291 459.2766 226.8584 1.5132 1.6188 3.8260 -7.2186 1.7747 24.7986 2.9866 0.3839
Car -1 -1 -2.8458 315.9879 182.9523 458.6399 233.3383 1.4792 1.6196 3.9133 -6.8543 1.8032 22.3155 -3.1410 0.2755
Car -1 -1 3.0991 382.5580 179.3827 488.7634 218.3473 1.5406 1.6722 4.2361 -7.3755 1.8284 30.3772 2.8624 0.2321
Car -1 -1 2.3520 0.0000 185.3689 87.7529 375.0000 1.5005 1.5911 3.9377 -4.2292 1.5882 2.9778 1.4371 0.1727
Car -1 -1 3.2966 366.2006 178.8822 477.7802 221.6651 1.5540 1.6449 3.9062 -7.1306 1.7925 27.4967 3.0447 0.1696
