Car -1 -1 -1.8108 731.2536 180.3488 902.6694 291.9030 1.4348 1.6058 4.1338 3.0376 1.5776 11.6299 -1.5625 0.8955
Car -1 -1 -1.7299 697.5129 175.4228 793.3118 244.8819 1.4772 1.6088 4.0826 3.1080 1.5473 17.5454 -1.5582 0.8682
Car -1 -1 -2.6601 254.9016 184.3053 419.8506 242.1390 1.4150 1.5915 3.7757 -7.1955 1.7345 19.0812 -3.0166 0.8365
Car -1 -1 -2.4116 0.0000 187.0422 259.0084 329.6725 1.5284 1.7134 4.1936 -6.9096 1.7257 8.9728 -3.0538 0.8315
Car -1 -1 -1.5235 602.8193 174.1839 637.1136 205.2001 1.5473 1.6374 3.7807 0.5333 1.6214 38.0943 -1.5101 0.7645
Car -1 -1 -2.6179 130.5425 186.8009 355.7786 268.4493 1.4703 1.5993 3.6516 -7.1738 1.7631 14.2162 -3.0782 0.6758
Car -1 -1 -2.8170 297.8803 182.7952 455.7015 232.8456 1.4082 1.6349 4.1693 -6.9075 1.7164 21.4891 -3.1250 0.6595
Car -1 -1 -2.8329 356.2579 178.7161 476.2232 222.9953 1.4895 1.6145 3.7672 -6.8079 1.7036 25.4050 -3.0926 0.5810
Car -1 -1 -2.5339 5.5609 192.6980 308.9353 288.8611 1.3930 1.6073 4.0037 -7.2904 1.7423 11.7587 -3.0791 0.4700
Car -1 -1 -2.3260 1011.5670 176.7624 1242.0000 375.0000 1.5051 1.6003 3.7968 3.0187 1.5292 2.4149 -1.4881 0.4632
Car -1 -1 3.2974 409.1730 176.9872 507.8908 213.4666 1.6034 1.7074 4.1884 -6.8780 1.7976 32.8836 3.0923 0.3589
