Car -1 -1 2.0350 153.8465 206.2213 411.7073 355.7931 1.3979 1.5309 3.6280 -4.0207 1.9209 9.4355 1.6413 0.9296
Car -1 -1 1.9120 344.0115 198.9357 481.3384 287.9313 1.4435 1.5481 3.5894 -3.8918 2.0402 14.6412 1.6558 0.9015
Car -1 -1 -0.6234 889.8010 195.8825 1201.3593 308.0748 1.4506 1.5870 3.7701 6.2921 1.8247 10.7196 -0.1056 0.7147
Car -1 -1 2.6152 797.7210 192.7397 996.5704 267.2688 1.4778 1.5776 3.8215 6.2407 1.9482 15.9681 2.9805 0.7094
Car -1 -1 2.4856 965.7776 200.6797 1242.0000 344.6126 1.4313 1.5793 3.6531 6.2716 1.7860 8.3411 3.1124 0.5855
Car -1 -1 -0.4377 706.4834 189.0537 834.9437 232.0695 1.4120 1.6608 4.1978 5.6994 2.0230 25.9195 -0.2244 0.5838
Car -1 -1 -0.4112 758.9250 190.9030 908.2570 244.9195 1.4413 1.5793 3.8283 6.3853 1.9909 20.9399 -0.1200 0.5530
Car -1 -1 2.5287 812.4637 191.7204 1079.4952 284.3388 1.4869 1.6874 4.3057 6.0810 1.8685 13.3314 2.9473 0.4573
Car -1 -1 1.7213 458.0188 187.2813 513.6960 231.5244 1.6481 1.6993 4.1376 -5.1777 2.2964 30.3181 1.5530 0.4447
Car -1 -1 2.6732 772.9727 191.1173 962.9263 255.5977 1.4738 1.6543 4.2324 6.3977 1.9636 18.2246 3.0048 0.3669
Car -1 -1 -0.3728 670.6647 188.2174 770.8706 225.2690 1.4620 1.6222 3.8912 4.6486 2.1423 30.7070 -0.2248 0.3637
Car -1 -1 -0.3192 684.7654 189.0349 793.5827 228.4510 1.4381 1.5901 3.8935 4.9821 2.0966 28.2749 -0.1474 0.2072
Car -1 -1 1.6837 656.9135 188.2849 697.0452 221.1149 1.4639 1.5832 3.8694 3.3672 2.2815 36.1579 1.7751 0.2071
Car -1 -1 1.6629 594.6982 187.7232 620.8614 209.7359 1.4955 1.6069 3.7843 -0.1592 2.6411 53.6156 1.6594 0.1801
