Car -1 -1 -1.8288 745.4600 185.1692 950.0692 318.5709 1.4648 1.6410 4.2397 3.0883 1.6801 10.4508 -1.5503 0.8919
Car -1 -1 -1.7436 704.1732 182.7449 818.5572 263.5441 1.4666 1.6548 4.3678 3.0967 1.7140 15.8282 -1.5549 0.8681
Car -1 -1 -1.7603 674.8018 181.5916 746.0527 231.6422 1.4368 1.5661 3.7863 3.1099 1.7431 23.3227 -1.6302 0.8211
Car -1 -1 2.1791 0.0000 193.5688 100.7877 253.2063 1.4487 1.5476 3.6619 -16.6410 2.0974 20.7039 1.5082 0.8077
Car -1 -1 2.1364 79.5090 189.3719 206.8709 236.4724 1.4474 1.7026 4.4572 -16.6460 2.0932 25.9626 1.5707 0.7269
Car -1 -1 2.1092 179.5833 189.0391 263.1645 226.1598 1.4225 1.5122 3.6404 -16.7011 2.1627 31.1208 1.6199 0.6493
Car -1 -1 2.0232 234.2091 186.4045 301.7529 218.6812 1.4582 1.5526 3.7702 -17.0542 2.1718 36.0809 1.5842 0.5150
Car -1 -1 1.9003 294.7722 185.4721 346.7766 213.1246 1.4352 1.5643 3.9425 -16.5125 2.1927 41.2854 1.5217 0.4525
Car -1 -1 1.8446 417.5132 180.6734 445.0890 198.7602 1.6126 1.5628 3.7458 -16.7921 2.3691 67.8673 1.6026 0.2929
Car -1 -1 -1.7326 664.3261 180.5200 721.8687 223.4096 1.5147 1.6120 3.8130 3.1221 1.8345 28.1214 -1.6238 0.2694
Car -1 -1 -1.7034 654.1630 179.3997 700.2006 214.7487 1.4878 1.5936 3.7757 2.9741 1.8050 32.9996 -1.6150 0.2395
Car -1 -1 1.9415 373.9007 180.6703 415.0405 201.5683 1.5130 1.6086 4.3157 -16.7273 2.1452 56.1095 1.6527 0.1757
