Pedestrian -1 -1 -2.3908 0.0000 168.8490 43.8725 282.0955 1.6872 0.5826 0.8754 -9.3975 1.6279 11.0633 -3.0831 0.5787
Car -1 -1 -1.7155 678.1035 186.0858 751.2180 240.3875 1.4362 1.6034 4.1595 3.0673 1.8818 22.1864 -1.5808 0.8960
Car -1 -1 -1.8450 711.9766 184.1103 836.7724 264.6782 1.5060 1.6273 4.0285 3.4552 1.7901 16.1257 -1.6387 0.8877
Car -1 -1 2.1464 49.4493 182.7772 273.3516 270.3654 1.4445 1.7043 4.3412 -8.7988 1.6760 14.6000 1.6118 0.8397
Car -1 -1 1.8537 397.0014 179.4414 457.3865 215.3790 1.5072 1.6218 3.9968 -8.3263 1.8277 33.0295 1.6083 0.7458
Car -1 -1 2.0222 208.4110 179.4792 347.3561 243.9407 1.4898 1.6675 4.2017 -8.7037 1.6863 19.2358 1.6021 0.7166
Car -1 -1 -1.6517 671.9159 184.2404 719.9407 225.9685 1.4417 1.5294 3.5225 3.1951 1.9072 27.6854 -1.5387 0.5312
Car -1 -1 -1.7000 655.8701 183.5870 701.2856 219.8860 1.4812 1.5641 3.5447 2.9758 1.9889 32.3057 -1.6096 0.3391
Car -1 -1 1.8746 438.8598 180.3748 490.7383 212.1528 1.5593 1.5781 4.0200 -7.7097 1.9824 38.4701 1.6777 0.3293
Car -1 -1 3.6125 41.0751 158.6832 196.6825 212.1248 1.6355 1.6765 3.7787 -15.6817 1.2022 23.1367 3.0220 0.1568
Car -1 -1 -1.6432 644.3718 183.3430 681.4285 214.3948 1.4705 1.6199 4.0232 2.6641 2.0459 37.5414 -1.5736 0.1287
