Car -1 -1 -1.8886 763.9089 184.2608 1009.8448 338.5313 1.4491 1.5723 3.9044 3.0739 1.6229 9.0162 -1.5711 0.9171
Car -1 -1 -1.7945 681.3181 179.9959 800.3765 258.0650 1.4703 1.6415 4.3365 2.7151 1.6530 16.2062 -1.6324 0.9058
Car -1 -1 0.2059 289.5517 174.6053 495.5641 245.0785 1.5564 1.7126 4.3874 -5.0295 1.6005 17.0081 -0.0780 0.7962
Car -1 -1 -1.7109 673.0544 177.7524 742.7100 229.2784 1.4723 1.6164 4.0873 2.9847 1.6432 23.0597 -1.5846 0.6935
Car -1 -1 -2.1929 898.1559 192.3045 1242.0000 375.0000 1.4639 1.6119 4.0218 3.0031 1.6190 3.7112 -1.5516 0.6728
Car -1 -1 3.2399 427.1031 178.0214 543.5169 220.4895 1.5293 1.6882 4.1790 -4.6660 1.7316 27.2096 3.0711 0.6363
Car -1 -1 0.1947 389.4341 174.0749 526.7302 226.9924 1.5967 1.6532 3.9719 -4.7356 1.6368 22.6525 -0.0096 0.6165
Car -1 -1 -1.6446 656.4940 179.4104 706.4378 219.7403 1.4253 1.6194 4.1813 2.6866 1.7018 28.2870 -1.5515 0.5852
Car -1 -1 -0.4475 0.0000 194.1115 261.4266 375.0000 1.4368 1.5671 3.9527 -3.8843 1.6019 3.4662 -1.2518 0.3224
Car -1 -1 -2.8611 463.3829 173.9914 558.5797 210.9966 1.7218 1.7645 4.2288 -4.7798 1.7789 34.8190 -2.9970 0.2235
