Car -1 -1 -1.7466 700.1907 180.5304 837.1021 281.8042 1.4508 1.5823 3.9827 2.5379 1.6070 12.6416 -1.5541 0.8801
Car -1 -1 3.4260 228.5382 184.9245 408.9485 246.2146 1.3891 1.5923 3.8074 -7.0728 1.7017 17.6965 3.0504 0.8528
Car -1 -1 -1.9040 776.1560 188.5675 1143.1542 375.0000 1.4175 1.5941 4.2923 2.7932 1.6179 7.0142 -1.5407 0.8471
Car -1 -1 1.7214 478.2350 178.7252 541.1091 226.2120 1.4699 1.5793 3.7623 -3.3971 1.6866 24.6920 1.5855 0.8417
Car -1 -1 -1.7375 665.7382 177.9844 756.1171 245.3345 1.4522 1.5633 3.7028 2.3165 1.5920 17.7226 -1.6105 0.8374
Car -1 -1 0.6280 0.0000 189.5204 330.3972 318.5705 1.4548 1.6482 4.1126 -6.0450 1.6930 9.3364 0.0659 0.6655
Car -1 -1 3.3803 266.1565 173.2908 441.2603 234.7649 1.6656 1.7250 4.4337 -7.2471 1.6791 20.6324 3.0461 0.6277
Car -1 -1 -1.6891 654.3771 177.1666 719.2890 231.1158 1.4800 1.5246 3.4896 2.2008 1.6213 21.8319 -1.5908 0.5731
Car -1 -1 -1.6560 639.8531 177.8478 689.3591 218.3010 1.4486 1.5876 3.8888 2.0311 1.6582 28.2737 -1.5857 0.5439
Car -1 -1 3.8238 0.0000 197.9791 184.1945 375.0000 1.4890 1.6419 3.9163 -6.4230 1.7531 6.6197 3.0735 0.5395
Car -1 -1 3.3059 375.0204 176.4067 486.6737 217.3785 1.6139 1.7315 4.2210 -7.3180 1.7652 29.6212 3.0654 0.2974
Car -1 -1 -1.6160 627.0172 175.2755 664.9603 209.9054 1.5239 1.5997 3.6022 1.5995 1.6437 33.8018 -1.5697 0.2685
Car -1 -1 3.3085 352.2239 180.6698 464.9421 223.5185 1.4835 1.6268 3.7438 -7.3198 1.7800 26.3420 3.0395 0.2293
Car -1 -1 0.5219 8.3676 191.9155 306.7541 288.2305 1.4011 1.5618 3.8199 -7.1835 1.7308 11.6400 -0.0212 0.2203
