Pedestrian -1 -1 2.9702 364.0722 173.7686 386.1013 222.7328 1.7301 0.6060 0.6595 -8.4886 1.7638 25.9294 2.6564 0.3157
Pedestrian -1 -1 1.6694 140.0836 176.4753 167.7978 238.5187 1.7712 0.6221 0.6421 -13.3589 1.8795 21.0711 1.1098 0.1272
Pedestrian -1 -1 -1.7432 371.7076 172.4460 392.0749 217.6444 1.7510 0.6544 0.7016 -9.0279 1.7356 28.4122 -2.0486 0.1024
Cyclist -1 -1 3.3314 116.4107 176.3537 190.2763 237.1607 1.7190 0.5524 1.7465 -13.3317 1.8242 21.0340 2.7719 0.2640
Car -1 -1 -0.0448 389.8173 172.9241 482.0936 209.0879 1.7267 1.7566 4.3641 -8.7010 1.7307 35.9031 -0.2813 0.7234
Car -1 -1 -0.9620 0.0000 180.4606 316.1663 375.0000 1.5722 1.6437 4.0524 -3.7044 1.6462 4.9495 -1.5795 0.6909
Car -1 -1 2.7194 711.7834 173.3912 786.1249 196.6125 1.3874 1.6370 4.1952 8.5120 1.4218 44.4491 2.9070 0.6293
Car -1 -1 2.5549 4.1049 186.5932 90.3541 214.2844 1.3937 1.4889 3.5518 -31.2571 2.1949 40.1379 1.8963 0.3075
Car -1 -1 0.2573 158.2279 185.7151 252.8757 216.1493 1.4538 1.6081 3.9304 -20.5823 2.1326 36.7975 -0.2499 0.1718
Car -1 -1 2.4574 602.1339 176.1781 705.6972 216.0721 1.4526 1.5898 3.9521 1.7211 1.5920 28.3703 2.5167 0.1155
