Cyclist -1 -1 -1.7920 686.6118 183.7947 711.6425 233.2279 1.6329 0.4892 1.7272 3.0426 2.0274 25.1067 -1.6737 0.2713
Car -1 -1 2.2215 0.0000 196.1485 163.7988 279.7424 1.4911 1.5953 3.8218 -11.8633 2.0658 15.8638 1.5872 0.8612
Car -1 -1 -1.3664 470.4815 188.1171 554.0962 248.4742 1.5329 1.6569 4.1168 -2.8439 2.0329 21.5048 -1.4971 0.7922
Car -1 -1 -1.6537 702.6814 187.4648 753.3091 229.9479 1.4594 1.6032 4.0161 4.5075 2.0739 28.2634 -1.4980 0.6558
Car -1 -1 1.9374 312.5815 193.3917 370.9021 223.4590 1.4494 1.6556 4.0361 -14.6710 2.6342 39.5802 1.5842 0.5003
Car -1 -1 -1.3895 507.8390 184.2476 565.8111 228.9718 1.6185 1.6641 3.7984 -2.9171 2.1089 29.0687 -1.4893 0.4811
Car -1 -1 1.8463 659.3176 182.5763 692.5023 201.8230 1.4597 1.6474 4.1594 5.4238 2.2882 59.2178 1.9367 0.3252
Car -1 -1 1.6220 549.8592 188.0272 580.1677 216.6530 1.4975 1.5579 3.7722 -2.5914 2.4136 41.6476 1.5596 0.2925
Car -1 -1 1.7672 531.1558 187.6069 582.0078 222.8455 1.5461 1.7028 4.3347 -2.6165 2.3246 35.7995 1.6941 0.2329
Car -1 -1 1.5444 674.0872 186.7590 703.0699 214.8806 1.5180 1.5999 4.1007 4.6222 2.3903 43.1360 1.6498 0.2272
Car -1 -1 -0.2511 751.5018 185.4244 815.1196 207.0569 1.5335 1.7074 4.2570 12.6860 2.4741 53.0759 -0.0184 0.2260
Car -1 -1 -1.3628 574.1006 177.1130 598.9401 193.7562 1.4735 1.5743 3.6874 -2.1649 1.8798 66.8293 -1.3954 0.1488
