Car -1 -1 -1.4009 419.3013 178.4724 525.8193 262.0531 1.6271 1.6721 4.1661 -3.0229 1.7716 16.4161 -1.5810 0.8783
Car -1 -1 2.0261 277.5133 187.1266 382.9200 237.2502 1.4720 1.6574 4.1880 -9.4298 2.0013 24.5787 1.6629 0.8699
Car -1 -1 -1.5050 574.9567 182.1173 668.3324 271.5862 1.4523 1.5646 3.4028 0.2774 1.6529 13.8352 -1.4866 0.8259
Car -1 -1 -1.4792 620.7069 174.4249 669.2786 217.1570 1.5979 1.6187 3.8435 1.4316 1.6660 29.1411 -1.4312 0.6919
Car -1 -1 1.7743 232.2631 192.4268 271.8571 216.2300 1.4239 1.6235 3.9692 -24.1714 2.8052 48.7790 1.3161 0.4811
Car -1 -1 -2.0999 843.1741 161.3410 888.0303 185.1422 1.9396 1.7187 4.1210 21.5233 1.0017 60.9823 -1.7623 0.2921
Car -1 -1 1.9832 500.4807 180.4659 545.5774 204.2486 1.4705 1.5772 3.8251 -5.7649 1.9988 47.9866 1.8638 0.2905
Car -1 -1 1.8553 569.5934 178.3428 599.2524 195.8414 1.4465 1.5655 3.8783 -2.2206 1.9420 63.0159 1.8198 0.1627
Car -1 -1 2.6752 48.8108 197.9449 145.9866 227.6434 1.4427 1.6987 4.1977 -29.1400 2.9508 41.1034 2.0613 0.1578
Car -1 -1 -1.5621 719.3580 173.3027 741.6825 193.9189 1.4818 1.5895 3.9887 9.0130 1.5171 54.0503 -1.3981 0.1412
