Car -1 -1 -1.7833 644.7537 177.2262 740.9272 242.9192 1.4617 1.5844 4.0010 1.9380 1.5862 18.4041 -1.6809 0.9005
Car -1 -1 -1.9707 778.9789 186.5721 1054.7881 346.1587 1.3875 1.5220 3.6766 3.2043 1.5845 8.4673 -1.6216 0.8943
Car -1 -1 0.0741 0.0000 183.5071 367.6647 330.2748 1.3867 1.5958 3.9953 -5.1519 1.5380 8.6336 -0.4509 0.8639
Car -1 -1 -1.7207 618.3074 176.0056 686.7908 227.3313 1.4973 1.6024 4.0347 1.2423 1.6090 23.3892 -1.6690 0.7961
Car -1 -1 2.9797 171.0122 168.2490 413.4708 266.1478 1.6594 1.7088 4.1094 -6.1770 1.5817 14.0552 2.5720 0.7513
Car -1 -1 2.8306 261.4292 174.3996 456.4239 246.9905 1.5122 1.6309 4.0271 -5.8791 1.5528 16.9638 2.5013 0.4398
Car -1 -1 -1.7945 599.7515 174.7262 662.0715 215.4915 1.5083 1.6334 4.0283 0.7210 1.5896 29.0269 -1.7705 0.2905
Car -1 -1 2.6824 320.9890 176.3886 469.1200 230.6354 1.5052 1.6271 4.0807 -6.5969 1.6243 22.2568 2.3971 0.2073
Car -1 -1 -1.7016 541.8701 169.9557 580.1067 200.6089 1.6624 1.6676 3.9687 -2.8832 1.5056 41.2388 -1.7714 0.1977
Car -1 -1 3.2345 362.4549 176.7705 468.3544 216.6192 1.4709 1.5574 3.8280 -7.4968 1.6288 27.9315 2.9742 0.1522
